Algo | QType | QID | Count | Hash | Time_ms | Mem_Tree_MB | Mem_Delta_MB | Nodes
PACZ | Range_Small | 0 | 130 | 1425634824978 | 0.00969569 | 134.07 | 0 | 153
PACZ | Range_Small | 1 | 1317 | 16470668133081 | 0.022014 | 134.07 | 0 | 347
PACZ | Range_Small | 2 | 636 | 7837805010246 | 0.0243187 | 134.07 | 0 | 321
PACZ | Range_Small | 3 | 360 | 4423419558951 | 0.0173251 | 134.07 | 0 | 211
PACZ | Range_Small | 4 | 150 | 1438981410225 | 0.0046889 | 134.07 | 0 | 147
PACZ | Range_Small | 5 | 556 | 5738060656416 | 0.0259876 | 134.07 | 0 | 351
PACZ | Range_Small | 6 | 18450 | 222599090367801 | 0.277042 | 134.07 | 0 | 2171
PACZ | Range_Small | 7 | 1019 | 14344880450250 | 0.0186761 | 134.07 | 0 | 315
PACZ | Range_Small | 8 | 14 | 115963686699 | 0.00762939 | 134.07 | 0 | 113
PACZ | Range_Small | 9 | 549 | 6873499970214 | 0.0109673 | 134.07 | 0 | 233
PACZ | Range_Small | 10 | 1127 | 15463777277247 | 0.0333786 | 134.07 | 0 | 339
PACZ | Range_Small | 11 | 570 | 6848811841650 | 0.018994 | 134.07 | 0 | 307
PACZ | Range_Small | 12 | 370 | 3865079466360 | 0.0100136 | 134.07 | 0 | 209
PACZ | Range_Small | 13 | 134 | 1635188494434 | 0.0116825 | 134.07 | 0 | 191
PACZ | Range_Small | 14 | 715 | 11306435402835 | 0.0200272 | 134.07 | 0 | 259
PACZ | Range_Small | 15 | 291 | 3874879818384 | 0.00866254 | 134.07 | 0 | 223
PACZ | Range_Small | 16 | 181 | 2644224024129 | 0.00627836 | 134.07 | 0 | 171
PACZ | Range_Small | 17 | 22 | 298398622827 | 0.00397364 | 134.07 | 0 | 129
PACZ | Range_Small | 18 | 280 | 3880841673693 | 0.00802676 | 134.07 | 0 | 181
PACZ | Range_Small | 19 | 2417 | 29827884557052 | 0.0293255 | 134.07 | 0 | 425
PACZ | Range_Small | 20 | 642 | 7628498002413 | 0.0349681 | 134.07 | 0 | 257
PACZ | Range_Small | 21 | 2209 | 27585990664857 | 0.041008 | 134.07 | 0 | 563
PACZ | Range_Small | 22 | 289 | 3959381874000 | 0.00898043 | 134.07 | 0 | 237
PACZ | Range_Small | 23 | 478 | 5925478576101 | 0.00905991 | 134.07 | 0 | 207
PACZ | Range_Small | 24 | 1336 | 18490232996049 | 0.0203451 | 134.07 | 0 | 353
PACZ | Range_Small | 25 | 1218 | 10060609112649 | 0.0253518 | 134.07 | 0 | 389
PACZ | Range_Small | 26 | 1994 | 25162369581117 | 0.0370344 | 134.07 | 0 | 427
PACZ | Range_Small | 27 | 3226 | 38965406588037 | 0.0553131 | 134.07 | 0 | 663
PACZ | Range_Small | 28 | 410 | 4454586582267 | 0.015974 | 134.07 | 0 | 257
PACZ | Range_Small | 29 | 303 | 3028917874968 | 0.0173251 | 134.07 | 0 | 207
PACZ | Range_Small | 30 | 1165 | 7497041920218 | 0.0302792 | 134.07 | 0 | 309
PACZ | Range_Small | 31 | 885 | 10937442486558 | 0.0182788 | 134.07 | 0 | 297
PACZ | Range_Small | 32 | 4000 | 36381257470158 | 0.0446637 | 134.07 | 0 | 557
PACZ | Range_Small | 33 | 5527 | 67185091275855 | 0.0810623 | 134.07 | 0 | 859
PACZ | Range_Small | 34 | 1034 | 14109064995819 | 0.0213782 | 134.07 | 0 | 309
PACZ | Range_Small | 35 | 952 | 11439268112880 | 0.025034 | 134.07 | 0 | 297
PACZ | Range_Small | 36 | 475 | 6378432631908 | 0.0150204 | 134.07 | 0 | 227
PACZ | Range_Small | 37 | 1155 | 12373650966468 | 0.0253518 | 134.07 | 0 | 383
PACZ | Range_Small | 38 | 213 | 2422238769237 | 0.00667572 | 134.07 | 0 | 191
PACZ | Range_Small | 39 | 864 | 10334086628139 | 0.0153383 | 134.07 | 0 | 261
PACZ | Range_Small | 40 | 14479 | 177570580698549 | 0.165304 | 134.07 | 0 | 1767
PACZ | Range_Small | 41 | 1951 | 27979875203850 | 0.0279744 | 134.07 | 0 | 407
PACZ | Range_Small | 42 | 2267 | 22351628178306 | 0.0356038 | 134.07 | 0 | 479
PACZ | Range_Small | 43 | 101 | 1333139502051 | 0.0112851 | 134.07 | 0 | 181
PACZ | Range_Small | 44 | 19123 | 229861289735040 | 0.236273 | 134.07 | 0 | 2219
PACZ | Range_Small | 45 | 1707 | 19100464296348 | 0.0282923 | 134.07 | 0 | 381
PACZ | Range_Small | 46 | 1217 | 17037821034498 | 0.0226498 | 134.07 | 0 | 375
PACZ | Range_Small | 47 | 2714 | 33878496333162 | 0.0317097 | 134.07 | 0 | 465
PACZ | Range_Small | 48 | 1160 | 12016643072664 | 0.0183582 | 134.07 | 0 | 335
PACZ | Range_Small | 49 | 142 | 1352654102562 | 0.00802676 | 134.07 | 0 | 215
PACZ | Range_Small | 50 | 437 | 5479147423443 | 0.00969569 | 134.07 | 0 | 237
PACZ | Range_Small | 51 | 1468 | 13630511004327 | 0.025034 | 134.07 | 0 | 395
PACZ | Range_Small | 52 | 3131 | 38238062437539 | 0.0513395 | 134.07 | 0 | 621
PACZ | Range_Small | 53 | 1527 | 16451259680016 | 0.0280539 | 134.07 | 0 | 339
PACZ | Range_Small | 54 | 6204 | 76938987773676 | 0.085036 | 134.07 | 0 | 923
PACZ | Range_Small | 55 | 1202 | 17261988371403 | 0.023365 | 134.07 | 0 | 313
PACZ | Range_Small | 56 | 219 | 2273445578952 | 0.00770887 | 134.07 | 0 | 207
PACZ | Range_Small | 57 | 5782 | 76533216241896 | 0.0770092 | 134.07 | 0 | 773
PACZ | Range_Small | 58 | 5581 | 69817665047538 | 0.0693798 | 134.07 | 0 | 791
PACZ | Range_Small | 59 | 851 | 10687517021751 | 0.0133514 | 134.07 | 0 | 291
PACZ | Range_Small | 60 | 2264 | 26638991262789 | 0.0360012 | 134.07 | 0 | 465
PACZ | Range_Small | 61 | 660 | 5988152571564 | 0.017643 | 134.07 | 0 | 281
PACZ | Range_Small | 62 | 476 | 5451269487831 | 0.00993411 | 134.07 | 0 | 213
PACZ | Range_Small | 63 | 147 | 1638442864620 | 0.00635783 | 134.07 | 0 | 185
PACZ | Range_Small | 64 | 1093 | 12309976642191 | 0.0216961 | 134.07 | 0 | 287
PACZ | Range_Small | 65 | 99 | 1188694888317 | 0.00500679 | 134.07 | 0 | 179
PACZ | Range_Small | 66 | 1247 | 13044746861232 | 0.0229677 | 134.07 | 0 | 363
PACZ | Range_Small | 67 | 414 | 4545465426756 | 0.0110467 | 134.07 | 0 | 249
PACZ | Range_Small | 68 | 1542 | 19687516558284 | 0.0256697 | 134.07 | 0 | 341
PACZ | Range_Small | 69 | 3503 | 43495080042078 | 0.0463327 | 134.07 | 0 | 585
PACZ | Range_Small | 70 | 15001 | 184045759171413 | 0.192642 | 134.07 | 0 | 1791
PACZ | Range_Small | 71 | 14 | 197400509397 | 0.00437101 | 134.07 | 0 | 151
PACZ | Range_Small | 72 | 718 | 7930059135942 | 0.0273387 | 134.07 | 0 | 281
PACZ | Range_Small | 73 | 683 | 7893689341731 | 0.0177224 | 134.07 | 0 | 279
PACZ | Range_Small | 74 | 271 | 2936201882919 | 0.00635783 | 134.07 | 0 | 157
PACZ | Range_Small | 75 | 3603 | 44480587728477 | 0.0539621 | 134.07 | 0 | 615
PACZ | Range_Small | 76 | 3050 | 36225413738697 | 0.0543594 | 134.07 | 0 | 545
PACZ | Range_Small | 77 | 701 | 6703511642589 | 0.0150204 | 134.07 | 0 | 287
PACZ | Range_Small | 78 | 573 | 7064463931926 | 0.0203451 | 134.07 | 0 | 267
PACZ | Range_Small | 79 | 1502 | 18206730584685 | 0.0180403 | 134.07 | 0 | 321
PACZ | Range_Small | 80 | 95 | 418115897712 | 0.00572205 | 134.07 | 0 | 161
PACZ | Range_Small | 81 | 1225 | 13516378790838 | 0.0173251 | 134.07 | 0 | 325
PACZ | Range_Small | 82 | 694 | 7531673536680 | 0.0166098 | 134.07 | 0 | 267
PACZ | Range_Small | 83 | 101 | 1113742854096 | 0.00429153 | 134.07 | 0 | 145
PACZ | Range_Small | 84 | 4214 | 56724502174413 | 0.0469685 | 134.07 | 0 | 559
PACZ | Range_Small | 85 | 130 | 1167294441996 | 0.0107288 | 134.07 | 0 | 163
PACZ | Range_Small | 86 | 1185 | 13520426474358 | 0.0236829 | 134.07 | 0 | 321
PACZ | Range_Small | 87 | 884 | 12792426143904 | 0.0173251 | 134.07 | 0 | 331
PACZ | Range_Small | 88 | 758 | 9227871651225 | 0.0153383 | 134.07 | 0 | 299
PACZ | Range_Small | 89 | 678 | 7117052934378 | 0.0162919 | 134.07 | 0 | 245
PACZ | Range_Small | 90 | 269 | 3935977103931 | 0.00898043 | 134.07 | 0 | 207
PACZ | Range_Small | 91 | 1014 | 14161069329573 | 0.0193119 | 134.07 | 0 | 351
PACZ | Range_Small | 92 | 4040 | 47817241041180 | 0.0520547 | 134.07 | 0 | 633
PACZ | Range_Small | 93 | 1150 | 13685698976661 | 0.0213782 | 134.07 | 0 | 329
PACZ | Range_Small | 94 | 443 | 6015765056433 | 0.0116825 | 134.07 | 0 | 241
PACZ | Range_Small | 95 | 191 | 2364451282272 | 0.00699361 | 134.07 | 0 | 193
PACZ | Range_Small | 96 | 259 | 3117506749482 | 0.0073115 | 134.07 | 0 | 201
PACZ | Range_Small | 97 | 746 | 10576915732182 | 0.0174046 | 134.07 | 0 | 335
PACZ | Range_Small | 98 | 174 | 1961169975417 | 0.00898043 | 134.07 | 0 | 213
PACZ | Range_Small | 99 | 73 | 874417569381 | 0.00532468 | 134.07 | 0 | 193
PACZ | Range_Medium | 0 | 30070 | 326023060106475 | 0.346025 | 134.07 | 0 | 3081
PACZ | Range_Medium | 1 | 14943 | 165475827853521 | 0.14933 | 134.07 | 0 | 1689
PACZ | Range_Medium | 2 | 29321 | 363253015319985 | 0.305335 | 134.07 | 0 | 3051
PACZ | Range_Medium | 3 | 20574 | 243059322608394 | 0.237306 | 134.07 | 0 | 2281
PACZ | Range_Medium | 4 | 44631 | 532725953850564 | 0.444333 | 134.07 | 0 | 4115
PACZ | Range_Medium | 5 | 30876 | 330853514666334 | 0.327984 | 134.07 | 0 | 3119
PACZ | Range_Medium | 6 | 22954 | 262677224473944 | 0.263294 | 134.07 | 0 | 2555
PACZ | Range_Medium | 7 | 45039 | 480775258798467 | 0.491301 | 134.07 | 0 | 4535
PACZ | Range_Medium | 8 | 77878 | 920216190652452 | 0.8533 | 134.07 | 0 | 7391
PACZ | Range_Medium | 9 | 88789 | 1035638737655823 | 1.01368 | 134.07 | 0 | 8511
PACZ | Range_Medium | 10 | 5146 | 63890397351483 | 0.0503063 | 134.07 | 0 | 659
PACZ | Range_Medium | 11 | 15429 | 205366230354408 | 0.157356 | 134.07 | 0 | 1919
PACZ | Range_Medium | 12 | 14935 | 171541719149292 | 0.145356 | 134.07 | 0 | 1731
PACZ | Range_Medium | 13 | 85266 | 1005043052063289 | 0.973384 | 134.07 | 0 | 8121
PACZ | Range_Medium | 14 | 5989 | 67606693276788 | 0.0693003 | 134.07 | 0 | 917
PACZ | Range_Medium | 15 | 10740 | 133714568911635 | 0.151634 | 134.07 | 0 | 1295
PACZ | Range_Medium | 16 | 95549 | 1121849826250713 | 1.15498 | 134.07 | 0 | 8979
PACZ | Range_Medium | 17 | 37060 | 442775867050671 | 0.364383 | 134.07 | 0 | 3751
PACZ | Range_Medium | 18 | 8329 | 96912566320332 | 0.0967185 | 134.07 | 0 | 1063
PACZ | Range_Medium | 19 | 52430 | 551989141681503 | 0.601053 | 134.07 | 0 | 4961
PACZ | Range_Medium | 20 | 79454 | 937700891194737 | 0.991344 | 134.07 | 0 | 7605
PACZ | Range_Medium | 21 | 31548 | 431466844622049 | 0.301997 | 134.07 | 0 | 3007
PACZ | Range_Medium | 22 | 39384 | 414317310431187 | 0.411352 | 134.07 | 0 | 3865
PACZ | Range_Medium | 23 | 11650 | 142181233254819 | 0.127951 | 134.07 | 0 | 1543
PACZ | Range_Medium | 24 | 4977 | 38047180765743 | 0.0560284 | 134.07 | 0 | 691
PACZ | Range_Medium | 25 | 2522 | 25376580822801 | 0.0309944 | 134.07 | 0 | 443
PACZ | Range_Medium | 26 | 7882 | 90159235884870 | 0.0826518 | 134.07 | 0 | 909
PACZ | Range_Medium | 27 | 16724 | 169873907642271 | 0.168324 | 134.07 | 0 | 1887
PACZ | Range_Medium | 28 | 5127 | 54582803220528 | 0.0543594 | 134.07 | 0 | 741
PACZ | Range_Medium | 29 | 8184 | 89443066775379 | 0.106017 | 134.07 | 0 | 1137
PACZ | Range_Medium | 30 | 11391 | 136801091517621 | 0.113328 | 134.07 | 0 | 1235
PACZ | Range_Medium | 31 | 17597 | 204476540144565 | 0.183026 | 134.07 | 0 | 1961
PACZ | Range_Medium | 32 | 32547 | 364093793454123 | 0.355721 | 134.07 | 0 | 3283
PACZ | Range_Medium | 33 | 22861 | 259317598869582 | 0.231028 | 134.07 | 0 | 2579
PACZ | Range_Medium | 34 | 28426 | 338390344032876 | 0.30001 | 134.07 | 0 | 2997
PACZ | Range_Medium | 35 | 34204 | 372384856662906 | 0.373999 | 134.07 | 0 | 3565
PACZ | Range_Medium | 36 | 13800 | 164219768462637 | 0.133594 | 134.07 | 0 | 1427
PACZ | Range_Medium | 37 | 17843 | 234175612138464 | 0.182311 | 134.07 | 0 | 1907
PACZ | Range_Medium | 38 | 12900 | 172038620738127 | 0.121991 | 134.07 | 0 | 1555
PACZ | Range_Medium | 39 | 40815 | 485487195366132 | 0.415643 | 134.07 | 0 | 3747
PACZ | Range_Medium | 40 | 87895 | 1043145822282201 | 1.01336 | 134.07 | 0 | 8217
PACZ | Range_Medium | 41 | 2425 | 30169073451387 | 0.0249545 | 134.07 | 0 | 327
PACZ | Range_Medium | 42 | 33988 | 383273177929464 | 0.359058 | 134.07 | 0 | 3577
PACZ | Range_Medium | 43 | 2826 | 36182869217169 | 0.0326633 | 134.07 | 0 | 425
PACZ | Range_Medium | 44 | 12684 | 149820040056468 | 0.125647 | 134.07 | 0 | 1449
PACZ | Range_Medium | 45 | 43884 | 461079152643705 | 0.463009 | 134.07 | 0 | 4309
PACZ | Range_Medium | 46 | 59137 | 671045860434900 | 0.719706 | 134.07 | 0 | 6047
PACZ | Range_Medium | 47 | 4564 | 58356503522403 | 0.0530084 | 134.07 | 0 | 673
PACZ | Range_Medium | 48 | 40297 | 426348610795230 | 0.431061 | 134.07 | 0 | 4057
PACZ | Range_Medium | 49 | 88756 | 1050023743054782 | 1.08298 | 134.07 | 0 | 8321
PACZ | Range_Medium | 50 | 44329 | 466025989459605 | 0.483672 | 134.07 | 0 | 4329
PACZ | Range_Medium | 51 | 2010 | 27902367199719 | 0.0249545 | 134.07 | 0 | 353
PACZ | Range_Medium | 52 | 19945 | 244116042448752 | 0.203689 | 134.07 | 0 | 2229
PACZ | Range_Medium | 53 | 26497 | 296125129719039 | 0.297705 | 134.07 | 0 | 2841
PACZ | Range_Medium | 54 | 4365 | 55533821188635 | 0.0530084 | 134.07 | 0 | 629
PACZ | Range_Medium | 55 | 85249 | 1004440056939384 | 1.09498 | 134.07 | 0 | 8113
PACZ | Range_Medium | 56 | 11808 | 152110911818301 | 0.149727 | 134.07 | 0 | 1527
PACZ | Range_Medium | 57 | 41678 | 448895779251132 | 0.471354 | 134.07 | 0 | 4131
PACZ | Range_Medium | 58 | 39845 | 482008076267373 | 0.424623 | 134.07 | 0 | 3955
PACZ | Range_Medium | 59 | 31234 | 335362194822171 | 0.33768 | 134.07 | 0 | 3153
PACZ | Range_Medium | 60 | 14248 | 186049007304726 | 0.162681 | 134.07 | 0 | 1587
PACZ | Range_Medium | 61 | 62414 | 706578964451748 | 0.762065 | 134.07 | 0 | 6069
PACZ | Range_Medium | 62 | 24065 | 288694465115865 | 0.245651 | 134.07 | 0 | 2633
PACZ | Range_Medium | 63 | 38579 | 423995384924538 | 0.422001 | 134.07 | 0 | 3927
PACZ | Range_Medium | 64 | 27665 | 345200271414450 | 0.304063 | 134.07 | 0 | 3073
PACZ | Range_Medium | 65 | 21539 | 261638757073269 | 0.219981 | 134.07 | 0 | 2269
PACZ | Range_Medium | 66 | 25435 | 347664054049623 | 0.262658 | 134.07 | 0 | 2557
PACZ | Range_Medium | 67 | 6119 | 72090716562858 | 0.0785987 | 134.07 | 0 | 927
PACZ | Range_Medium | 68 | 1075 | 9195309928983 | 0.0173251 | 134.07 | 0 | 267
PACZ | Range_Medium | 69 | 84345 | 994663251728733 | 1.0794 | 134.07 | 0 | 7931
PACZ | Range_Medium | 70 | 94936 | 1127581121997447 | 1.17167 | 134.07 | 0 | 9047
PACZ | Range_Medium | 71 | 24743 | 295377316961235 | 0.256379 | 134.07 | 0 | 2723
PACZ | Range_Medium | 72 | 19557 | 224709966189222 | 0.216007 | 134.07 | 0 | 2187
PACZ | Range_Medium | 73 | 24739 | 295324024089138 | 0.250657 | 134.07 | 0 | 2723
PACZ | Range_Medium | 74 | 24263 | 290002224360912 | 0.221332 | 134.07 | 0 | 2619
PACZ | Range_Medium | 75 | 16259 | 188658585221424 | 0.180324 | 134.07 | 0 | 1835
PACZ | Range_Medium | 76 | 37843 | 520365494774706 | 0.454028 | 134.07 | 0 | 3835
PACZ | Range_Medium | 77 | 38305 | 417455982263577 | 0.414689 | 134.07 | 0 | 3781
PACZ | Range_Medium | 78 | 42997 | 452768389718538 | 0.497023 | 134.07 | 0 | 4177
PACZ | Range_Medium | 79 | 26877 | 317927024534133 | 0.325998 | 134.07 | 0 | 2861
PACZ | Range_Medium | 80 | 2575 | 35990481031620 | 0.0340144 | 134.07 | 0 | 411
PACZ | Range_Medium | 81 | 25784 | 312387261339441 | 0.264009 | 134.07 | 0 | 2661
PACZ | Range_Medium | 82 | 29402 | 346330370266254 | 0.33164 | 134.07 | 0 | 3009
PACZ | Range_Medium | 83 | 44555 | 467629944926481 | 0.494639 | 134.07 | 0 | 4377
PACZ | Range_Medium | 84 | 36684 | 504899787065988 | 0.412067 | 134.07 | 0 | 3793
PACZ | Range_Medium | 85 | 45178 | 538852980524082 | 0.491937 | 134.07 | 0 | 4173
PACZ | Range_Medium | 86 | 2404 | 29783941447515 | 0.0300407 | 134.07 | 0 | 371
PACZ | Range_Medium | 87 | 32914 | 394504287271626 | 0.356992 | 134.07 | 0 | 3413
PACZ | Range_Medium | 88 | 85029 | 1001623369510704 | 1.05031 | 134.07 | 0 | 8113
PACZ | Range_Medium | 89 | 35631 | 386533751800395 | 0.422319 | 134.07 | 0 | 3709
PACZ | Range_Medium | 90 | 22429 | 252863224942452 | 0.244617 | 134.07 | 0 | 2401
PACZ | Range_Medium | 91 | 10110 | 135211161367623 | 0.133673 | 134.07 | 0 | 1319
PACZ | Range_Medium | 92 | 17124 | 213964883572392 | 0.198285 | 134.07 | 0 | 1803
PACZ | Range_Medium | 93 | 14323 | 163389852487218 | 0.163317 | 134.07 | 0 | 1705
PACZ | Range_Medium | 94 | 7919 | 105060144646338 | 0.104984 | 134.07 | 0 | 1179
PACZ | Range_Medium | 95 | 6391 | 71465602544586 | 0.0770092 | 134.07 | 0 | 843
PACZ | Range_Medium | 96 | 23744 | 258171535687329 | 0.269651 | 134.07 | 0 | 2491
PACZ | Range_Medium | 97 | 31123 | 333931387960725 | 0.372648 | 134.07 | 0 | 3169
PACZ | Range_Medium | 98 | 50317 | 588599624848329 | 0.608365 | 134.07 | 0 | 4793
PACZ | Range_Medium | 99 | 39242 | 413386929553557 | 0.462055 | 134.07 | 0 | 3855
PACZ | Range_Large | 0 | 577752 | 6773105353679667 | 7.4083 | 134.07 | 0 | 51019
PACZ | Range_Large | 1 | 449420 | 5361730053946590 | 5.69328 | 134.07 | 0 | 40061
PACZ | Range_Large | 2 | 321856 | 3743242993362834 | 4.1306 | 134.07 | 0 | 28307
PACZ | Range_Large | 3 | 453403 | 5310175405992669 | 5.88131 | 134.07 | 0 | 40077
PACZ | Range_Large | 4 | 524058 | 6195461438128425 | 6.92598 | 134.07 | 0 | 46541
PACZ | Range_Large | 5 | 505734 | 5933126328542229 | 6.50207 | 134.07 | 0 | 44531
PACZ | Range_Large | 6 | 388356 | 4527277755729693 | 5.05733 | 134.07 | 0 | 33929
PACZ | Range_Large | 7 | 398150 | 4760272926392373 | 5.19538 | 134.07 | 0 | 35573
PACZ | Range_Large | 8 | 431481 | 5155849380982542 | 5.64472 | 134.07 | 0 | 38445
PACZ | Range_Large | 9 | 464567 | 5534644764416778 | 6.0463 | 134.07 | 0 | 41387
PACZ | Range_Large | 10 | 436311 | 5133833002884261 | 5.82695 | 134.07 | 0 | 39787
PACZ | Range_Large | 11 | 583410 | 6883557235686342 | 7.66063 | 134.07 | 0 | 51557
PACZ | Range_Large | 12 | 631334 | 7383322284848004 | 8.32669 | 134.07 | 0 | 55443
PACZ | Range_Large | 13 | 475189 | 5571252332145252 | 6.16606 | 134.07 | 0 | 42077
PACZ | Range_Large | 14 | 583228 | 6858563382166215 | 7.48738 | 134.07 | 0 | 51493
PACZ | Range_Large | 15 | 580352 | 6805173031211814 | 7.53069 | 134.07 | 0 | 51181
PACZ | Range_Large | 16 | 271781 | 3087080421490536 | 3.59734 | 134.07 | 0 | 23557
PACZ | Range_Large | 17 | 353492 | 4136015019382362 | 4.55999 | 134.07 | 0 | 31079
PACZ | Range_Large | 18 | 590083 | 6939110065860249 | 7.67469 | 134.07 | 0 | 52143
PACZ | Range_Large | 19 | 388096 | 4514162130939786 | 4.99336 | 134.07 | 0 | 33879
PACZ | Range_Large | 20 | 569460 | 6663847562127393 | 7.39272 | 134.07 | 0 | 50317
PACZ | Range_Large | 21 | 427001 | 5089696889850681 | 5.62231 | 134.07 | 0 | 38105
PACZ | Range_Large | 22 | 575127 | 6791561659144782 | 7.52139 | 134.07 | 0 | 50913
PACZ | Range_Large | 23 | 467533 | 5568617608399011 | 6.16034 | 134.07 | 0 | 41573
PACZ | Range_Large | 24 | 587993 | 6911978800168632 | 7.57567 | 134.07 | 0 | 51839
PACZ | Range_Large | 25 | 273557 | 3114166141819248 | 3.47598 | 134.07 | 0 | 23693
PACZ | Range_Large | 26 | 554487 | 6509592600668019 | 7.08501 | 134.07 | 0 | 49151
PACZ | Range_Large | 27 | 297011 | 3418931629848135 | 3.88734 | 134.07 | 0 | 26763
PACZ | Range_Large | 28 | 389103 | 4531484209358778 | 5.07299 | 134.07 | 0 | 33973
PACZ | Range_Large | 29 | 366124 | 4373684588189847 | 4.77036 | 134.07 | 0 | 32693
PACZ | Range_Large | 30 | 384816 | 4591159443749112 | 5.10772 | 134.07 | 0 | 34271
PACZ | Range_Large | 31 | 276145 | 3146325281391372 | 3.60036 | 134.07 | 0 | 24061
PACZ | Range_Large | 32 | 335254 | 3909510565364130 | 4.36664 | 134.07 | 0 | 29621
PACZ | Range_Large | 33 | 528840 | 6197535376361532 | 6.97168 | 134.07 | 0 | 46767
PACZ | Range_Large | 34 | 571121 | 6670496208431841 | 7.51837 | 134.07 | 0 | 50415
PACZ | Range_Large | 35 | 373403 | 4350426255564861 | 4.83298 | 134.07 | 0 | 32785
PACZ | Range_Large | 36 | 505066 | 5924137521817434 | 6.61826 | 134.07 | 0 | 44669
PACZ | Range_Large | 37 | 612479 | 7172254264584417 | 7.96167 | 134.07 | 0 | 53813
PACZ | Range_Large | 38 | 368086 | 4280644168896354 | 4.78331 | 134.07 | 0 | 32319
PACZ | Range_Large | 39 | 581124 | 6835390884706227 | 7.58529 | 134.07 | 0 | 51319
PACZ | Range_Large | 40 | 578394 | 6767912683873329 | 7.44494 | 134.07 | 0 | 50899
PACZ | Range_Large | 41 | 288075 | 3297431746145661 | 3.72267 | 134.07 | 0 | 25179
PACZ | Range_Large | 42 | 391623 | 4557317927241207 | 5.01664 | 134.07 | 0 | 34247
PACZ | Range_Large | 43 | 465884 | 5553426217191429 | 6.10367 | 134.07 | 0 | 41531
PACZ | Range_Large | 44 | 433138 | 5069301072618402 | 5.66936 | 134.07 | 0 | 38325
PACZ | Range_Large | 45 | 369851 | 4418618969016954 | 4.87932 | 134.07 | 0 | 33007
PACZ | Range_Large | 46 | 425338 | 5074375498621908 | 5.52297 | 134.07 | 0 | 38069
PACZ | Range_Large | 47 | 516653 | 6118734639807255 | 6.80693 | 134.07 | 0 | 46135
PACZ | Range_Large | 48 | 264494 | 3006069420343131 | 3.31998 | 134.07 | 0 | 23041
PACZ | Range_Large | 49 | 609501 | 7161084247338864 | 7.98504 | 134.07 | 0 | 53705
PACZ | Range_Large | 50 | 355035 | 4155285486802008 | 4.54005 | 134.07 | 0 | 31189
PACZ | Range_Large | 51 | 329341 | 3798436347255390 | 4.40303 | 134.07 | 0 | 30047
PACZ | Range_Large | 52 | 287915 | 3291029077132275 | 3.69398 | 134.07 | 0 | 25121
PACZ | Range_Large | 53 | 358009 | 4188161682210603 | 4.51199 | 134.07 | 0 | 31379
PACZ | Range_Large | 54 | 366277 | 4275047007313344 | 4.73905 | 134.07 | 0 | 32167
PACZ | Range_Large | 55 | 462959 | 5515564537792158 | 6.08468 | 134.07 | 0 | 41195
PACZ | Range_Large | 56 | 527348 | 6235934558749101 | 6.89904 | 134.07 | 0 | 46907
PACZ | Range_Large | 57 | 432887 | 5169102722044338 | 5.67929 | 134.07 | 0 | 38635
PACZ | Range_Large | 58 | 401848 | 4803712126327887 | 5.23734 | 134.07 | 0 | 35871
PACZ | Range_Large | 59 | 378253 | 4510304360855049 | 4.93868 | 134.07 | 0 | 33813
PACZ | Range_Large | 60 | 576597 | 6785500698188286 | 7.55731 | 134.07 | 0 | 50923
PACZ | Range_Large | 61 | 301499 | 3478114214301561 | 3.83329 | 134.07 | 0 | 26405
PACZ | Range_Large | 62 | 326092 | 3795659757912564 | 4.24663 | 134.07 | 0 | 28813
PACZ | Range_Large | 63 | 285599 | 3261679759391835 | 3.63199 | 134.07 | 0 | 24955
PACZ | Range_Large | 64 | 364228 | 4238859581747217 | 4.72236 | 134.07 | 0 | 31967
PACZ | Range_Large | 65 | 631548 | 7387868019913341 | 8.159 | 134.07 | 0 | 55447
PACZ | Range_Large | 66 | 418044 | 4998219108350625 | 5.48569 | 134.07 | 0 | 37343
PACZ | Range_Large | 67 | 467407 | 5568844943032356 | 6.07332 | 134.07 | 0 | 41577
PACZ | Range_Large | 68 | 405485 | 4841222510761959 | 5.31499 | 134.07 | 0 | 36147
PACZ | Range_Large | 69 | 589615 | 6950395678691718 | 7.7254 | 134.07 | 0 | 52135
PACZ | Range_Large | 70 | 590418 | 6937849905668595 | 7.64728 | 134.07 | 0 | 52141
PACZ | Range_Large | 71 | 525818 | 6216441413524611 | 6.9383 | 134.07 | 0 | 46645
PACZ | Range_Large | 72 | 366749 | 4284504004194816 | 4.74334 | 134.07 | 0 | 32207
PACZ | Range_Large | 73 | 475549 | 5574642506145141 | 6.3796 | 134.07 | 0 | 41987
PACZ | Range_Large | 74 | 383669 | 4466931867634857 | 4.91802 | 134.07 | 0 | 33597
PACZ | Range_Large | 75 | 419534 | 5014163007690432 | 5.40296 | 134.07 | 0 | 37433
PACZ | Range_Large | 76 | 433687 | 5178363504595518 | 5.49134 | 134.07 | 0 | 38679
PACZ | Range_Large | 77 | 266063 | 3045716459899179 | 3.54536 | 134.07 | 0 | 24455
PACZ | Range_Large | 78 | 609915 | 7156310047710363 | 7.94864 | 134.07 | 0 | 53647
PACZ | Range_Large | 79 | 593333 | 6971103967795017 | 7.77729 | 134.07 | 0 | 52369
PACZ | Range_Large | 80 | 471042 | 5606026341944220 | 6.15207 | 134.07 | 0 | 41885
PACZ | Range_Large | 81 | 303249 | 3489708019347087 | 3.89433 | 134.07 | 0 | 26469
PACZ | Range_Large | 82 | 588992 | 6942362263663521 | 7.70434 | 134.07 | 0 | 52055
PACZ | Range_Large | 83 | 574873 | 6722260066377687 | 7.45368 | 134.07 | 0 | 50641
PACZ | Range_Large | 84 | 485107 | 5688096629123076 | 6.38898 | 134.07 | 0 | 42919
PACZ | Range_Large | 85 | 574035 | 6728793355664772 | 7.48364 | 134.07 | 0 | 50781
PACZ | Range_Large | 86 | 434207 | 5174310663804756 | 5.615 | 134.07 | 0 | 38723
PACZ | Range_Large | 87 | 436224 | 5203640390963256 | 5.64599 | 134.07 | 0 | 38919
PACZ | Range_Large | 88 | 468802 | 5581189759965519 | 5.94298 | 134.07 | 0 | 41695
PACZ | Range_Large | 89 | 412223 | 4922329757980926 | 5.30132 | 134.07 | 0 | 36745
PACZ | Range_Large | 90 | 468389 | 5491085237687676 | 6.10034 | 134.07 | 0 | 41395
PACZ | Range_Large | 91 | 434355 | 5180428341842511 | 5.84833 | 134.07 | 0 | 38655
PACZ | Range_Large | 92 | 362275 | 4207283685027714 | 4.64106 | 134.07 | 0 | 31831
PACZ | Range_Large | 93 | 381982 | 4449683401252896 | 4.97031 | 134.07 | 0 | 33437
PACZ | Range_Large | 94 | 435871 | 5198023643142156 | 5.66435 | 134.07 | 0 | 38843
PACZ | Range_Large | 95 | 338590 | 3879423328151016 | 4.42735 | 134.07 | 0 | 30525
PACZ | Range_Large | 96 | 634394 | 7417485779181918 | 8.23903 | 134.07 | 0 | 55735
PACZ | Range_Large | 97 | 554810 | 6494895433607595 | 7.236 | 134.07 | 0 | 48873
PACZ | Range_Large | 98 | 365454 | 4366249008573237 | 4.70297 | 134.07 | 0 | 32607
PACZ | Range_Large | 99 | 356656 | 4173823581373989 | 4.6463 | 134.07 | 0 | 31257
PACZ | kNN_10 | 0 | 10 | 137261985873 | 0.0350475 | 134.07 | 0 | 172
PACZ | kNN_10 | 1 | 10 | 119302664595 | 0.0286897 | 134.07 | 0 | 210
PACZ | kNN_10 | 2 | 10 | 124218950292 | 0.0699361 | 134.07 | 0 | 520
PACZ | kNN_10 | 3 | 10 | 142417853517 | 0.0469685 | 134.07 | 0 | 367
PACZ | kNN_10 | 4 | 10 | 27146387445 | 0.0499884 | 134.07 | 0 | 431
PACZ | kNN_10 | 5 | 10 | 109270944159 | 0.0286102 | 134.07 | 0 | 220
PACZ | kNN_10 | 6 | 10 | 145408060509 | 0.0326633 | 134.07 | 0 | 212
PACZ | kNN_10 | 7 | 10 | 145373181522 | 0.05428 | 134.07 | 0 | 350
PACZ | kNN_10 | 8 | 10 | 140788255599 | 0.0472864 | 134.07 | 0 | 347
PACZ | kNN_10 | 9 | 10 | 107607905322 | 0.0739892 | 134.07 | 0 | 530
PACZ | kNN_10 | 10 | 10 | 126818024385 | 0.0503858 | 134.07 | 0 | 432
PACZ | kNN_10 | 11 | 10 | 139797998076 | 0.0300407 | 134.07 | 0 | 278
PACZ | kNN_10 | 12 | 10 | 139157262714 | 0.023365 | 134.07 | 0 | 166
PACZ | kNN_10 | 13 | 10 | 35828169741 | 0.0186761 | 134.07 | 0 | 161
PACZ | kNN_10 | 14 | 10 | 128227243449 | 0.0743866 | 134.07 | 0 | 542
PACZ | kNN_10 | 15 | 10 | 96064313010 | 0.0429948 | 134.07 | 0 | 327
PACZ | kNN_10 | 16 | 10 | 106245593085 | 0.0406106 | 134.07 | 0 | 264
PACZ | kNN_10 | 17 | 10 | 138182589666 | 0.0489553 | 134.07 | 0 | 295
PACZ | kNN_10 | 18 | 10 | 72004037754 | 0.0836849 | 134.07 | 0 | 577
PACZ | kNN_10 | 19 | 10 | 140757026553 | 0.0446637 | 134.07 | 0 | 373
PACZ | kNN_10 | 20 | 10 | 137715400209 | 0.0299613 | 134.07 | 0 | 242
PACZ | kNN_10 | 21 | 10 | 137334863646 | 0.0276566 | 134.07 | 0 | 189
PACZ | kNN_10 | 22 | 10 | 122663853078 | 0.0340144 | 134.07 | 0 | 234
PACZ | kNN_10 | 23 | 10 | 108381193335 | 0.0530084 | 134.07 | 0 | 451
PACZ | kNN_10 | 24 | 10 | 139278498201 | 0.0223319 | 134.07 | 0 | 177
PACZ | kNN_10 | 25 | 10 | 59618666568 | 0.0293255 | 134.07 | 0 | 269
PACZ | kNN_10 | 26 | 10 | 149362147194 | 0.0496705 | 134.07 | 0 | 326
PACZ | kNN_10 | 27 | 10 | 119994452508 | 0.0449816 | 134.07 | 0 | 337
PACZ | kNN_10 | 28 | 10 | 102387485409 | 0.0533263 | 134.07 | 0 | 321
PACZ | kNN_10 | 29 | 10 | 145776395910 | 0.0426769 | 134.07 | 0 | 293
PACZ | kNN_10 | 30 | 10 | 132015915720 | 0.0249545 | 134.07 | 0 | 234
PACZ | kNN_10 | 31 | 10 | 111916732635 | 0.0476837 | 134.07 | 0 | 379
PACZ | kNN_10 | 32 | 10 | 139786687380 | 0.0496705 | 134.07 | 0 | 393
PACZ | kNN_10 | 33 | 10 | 102357530658 | 0.039657 | 134.07 | 0 | 324
PACZ | kNN_10 | 34 | 10 | 122120449746 | 0.0560284 | 134.07 | 0 | 477
PACZ | kNN_10 | 35 | 10 | 40544427936 | 0.0166893 | 134.07 | 0 | 154
PACZ | kNN_10 | 36 | 10 | 135070248375 | 0.0679493 | 134.07 | 0 | 539
PACZ | kNN_10 | 37 | 10 | 107803302228 | 0.0343323 | 134.07 | 0 | 319
PACZ | kNN_10 | 38 | 10 | 123092040711 | 0.0426769 | 134.07 | 0 | 335
PACZ | kNN_10 | 39 | 10 | 145299317055 | 0.0360012 | 134.07 | 0 | 295
PACZ | kNN_10 | 40 | 10 | 141807209088 | 0.0376701 | 134.07 | 0 | 338
PACZ | kNN_10 | 41 | 10 | 126889322784 | 0.0493526 | 134.07 | 0 | 449
PACZ | kNN_10 | 42 | 10 | 126317278551 | 0.0562668 | 134.07 | 0 | 528
PACZ | kNN_10 | 43 | 10 | 122873621532 | 0.0249545 | 134.07 | 0 | 252
PACZ | kNN_10 | 44 | 10 | 102713495430 | 0.0276566 | 134.07 | 0 | 289
PACZ | kNN_10 | 45 | 10 | 127871352288 | 0.0626246 | 134.07 | 0 | 548
PACZ | kNN_10 | 46 | 10 | 112551555555 | 0.0319481 | 134.07 | 0 | 326
PACZ | kNN_10 | 47 | 10 | 129669186948 | 0.0476837 | 134.07 | 0 | 432
PACZ | kNN_10 | 48 | 10 | 125339282346 | 0.056982 | 134.07 | 0 | 486
PACZ | kNN_10 | 49 | 10 | 30367224486 | 0.0202656 | 134.07 | 0 | 126
PACZ | kNN_10 | 50 | 10 | 126433905189 | 0.0696182 | 134.07 | 0 | 599
PACZ | kNN_10 | 51 | 10 | 126362664321 | 0.0720024 | 134.07 | 0 | 617
PACZ | kNN_10 | 52 | 10 | 127120495326 | 0.0463327 | 134.07 | 0 | 422
PACZ | kNN_10 | 53 | 10 | 127871355177 | 0.0603199 | 134.07 | 0 | 561
PACZ | kNN_10 | 54 | 10 | 141069227148 | 0.0665983 | 134.07 | 0 | 510
PACZ | kNN_10 | 55 | 10 | 137551572105 | 0.0286897 | 134.07 | 0 | 311
PACZ | kNN_10 | 56 | 10 | 126308782677 | 0.0493526 | 134.07 | 0 | 428
PACZ | kNN_10 | 57 | 10 | 95779061868 | 0.0263055 | 134.07 | 0 | 214
PACZ | kNN_10 | 58 | 10 | 102553506549 | 0.0419617 | 134.07 | 0 | 348
PACZ | kNN_10 | 59 | 10 | 120102114444 | 0.0372728 | 134.07 | 0 | 307
PACZ | kNN_10 | 60 | 10 | 123181266564 | 0.037988 | 134.07 | 0 | 322
PACZ | kNN_10 | 61 | 10 | 139086166224 | 0.0256697 | 134.07 | 0 | 217
PACZ | kNN_10 | 62 | 10 | 103807835061 | 0.0352859 | 134.07 | 0 | 281
PACZ | kNN_10 | 63 | 10 | 110952512568 | 0.0522931 | 134.07 | 0 | 474
PACZ | kNN_10 | 64 | 10 | 138517522290 | 0.0247161 | 134.07 | 0 | 185
PACZ | kNN_10 | 65 | 10 | 140414925054 | 0.0473658 | 134.07 | 0 | 393
PACZ | kNN_10 | 66 | 10 | 90162723561 | 0.0433127 | 134.07 | 0 | 398
PACZ | kNN_10 | 67 | 10 | 120467898639 | 0.0256697 | 134.07 | 0 | 236
PACZ | kNN_10 | 68 | 10 | 126150622701 | 0.0657241 | 134.07 | 0 | 525
PACZ | kNN_10 | 69 | 10 | 125377459302 | 0.0476837 | 134.07 | 0 | 388
PACZ | kNN_10 | 70 | 10 | 129505976334 | 0.0496705 | 134.07 | 0 | 426
PACZ | kNN_10 | 71 | 10 | 87409804047 | 0.0373522 | 134.07 | 0 | 312
PACZ | kNN_10 | 72 | 10 | 129761326176 | 0.0463327 | 134.07 | 0 | 430
PACZ | kNN_10 | 73 | 10 | 135635106585 | 0.0533263 | 134.07 | 0 | 444
PACZ | kNN_10 | 74 | 10 | 119296307151 | 0.0232855 | 134.07 | 0 | 214
PACZ | kNN_10 | 75 | 10 | 126701250936 | 0.0452995 | 134.07 | 0 | 444
PACZ | kNN_10 | 76 | 10 | 157404452907 | 0.0349681 | 134.07 | 0 | 322
PACZ | kNN_10 | 77 | 10 | 73105375902 | 0.033617 | 134.07 | 0 | 242
PACZ | kNN_10 | 78 | 10 | 120442320801 | 0.0483195 | 134.07 | 0 | 337
PACZ | kNN_10 | 79 | 10 | 93296107773 | 0.0523726 | 134.07 | 0 | 491
PACZ | kNN_10 | 80 | 10 | 138383252601 | 0.0236829 | 134.07 | 0 | 176
PACZ | kNN_10 | 81 | 10 | 104479384380 | 0.0470479 | 134.07 | 0 | 437
PACZ | kNN_10 | 82 | 10 | 140757627606 | 0.0390212 | 134.07 | 0 | 317
PACZ | kNN_10 | 83 | 10 | 127036259961 | 0.0513395 | 134.07 | 0 | 454
PACZ | kNN_10 | 84 | 10 | 120502533690 | 0.0340144 | 134.07 | 0 | 288
PACZ | kNN_10 | 85 | 10 | 122876900829 | 0.0323455 | 134.07 | 0 | 299
PACZ | kNN_10 | 86 | 10 | 137274071511 | 0.0282923 | 134.07 | 0 | 175
PACZ | kNN_10 | 87 | 10 | 142309209180 | 0.033617 | 134.07 | 0 | 263
PACZ | kNN_10 | 88 | 10 | 102358869699 | 0.039657 | 134.07 | 0 | 307
PACZ | kNN_10 | 89 | 10 | 59659417062 | 0.0213782 | 134.07 | 0 | 142
PACZ | kNN_10 | 90 | 10 | 120069775602 | 0.0306765 | 134.07 | 0 | 267
PACZ | kNN_10 | 91 | 10 | 126337678095 | 0.0603994 | 134.07 | 0 | 505
PACZ | kNN_10 | 92 | 10 | 132635242101 | 0.0473658 | 134.07 | 0 | 400
PACZ | kNN_10 | 93 | 10 | 119445261030 | 0.0456969 | 134.07 | 0 | 465
PACZ | kNN_10 | 94 | 10 | 118552450755 | 0.0516574 | 134.07 | 0 | 420
PACZ | kNN_10 | 95 | 10 | 103810274781 | 0.0240008 | 134.07 | 0 | 232
PACZ | kNN_10 | 96 | 10 | 125463820905 | 0.0320276 | 134.07 | 0 | 315
PACZ | kNN_10 | 97 | 10 | 137334882336 | 0.0236829 | 134.07 | 0 | 161
PACZ | kNN_10 | 98 | 10 | 50255246619 | 0.0537237 | 134.07 | 0 | 474
PACZ | kNN_10 | 99 | 10 | 126294106278 | 0.0553131 | 134.07 | 0 | 474
PACZ | kNN_100 | 0 | 100 | 1371136210776 | 0.135263 | 134.07 | 0 | 264
PACZ | kNN_100 | 1 | 100 | 1193026631706 | 0.201305 | 134.07 | 0 | 475
PACZ | kNN_100 | 2 | 100 | 1240095696918 | 0.38298 | 134.07 | 0 | 1028
PACZ | kNN_100 | 3 | 100 | 1396140699285 | 0.280937 | 134.07 | 0 | 682
PACZ | kNN_100 | 4 | 100 | 325590360084 | 0.31503 | 134.07 | 0 | 760
PACZ | kNN_100 | 5 | 100 | 998409966351 | 0.180006 | 134.07 | 0 | 418
PACZ | kNN_100 | 6 | 100 | 1381606701306 | 0.170628 | 134.07 | 0 | 391
PACZ | kNN_100 | 7 | 100 | 1430196205569 | 0.255346 | 134.07 | 0 | 580
PACZ | kNN_100 | 8 | 100 | 1407030780465 | 0.279347 | 134.07 | 0 | 636
PACZ | kNN_100 | 9 | 100 | 1147813442670 | 0.386715 | 134.07 | 0 | 927
PACZ | kNN_100 | 10 | 100 | 1266579786459 | 0.258684 | 134.07 | 0 | 773
PACZ | kNN_100 | 11 | 100 | 1433929426773 | 0.173648 | 134.07 | 0 | 424
PACZ | kNN_100 | 12 | 100 | 1391571327933 | 0.105937 | 134.07 | 0 | 254
PACZ | kNN_100 | 13 | 100 | 671399395446 | 0.121991 | 134.07 | 0 | 308
PACZ | kNN_100 | 14 | 100 | 1228467691542 | 0.43265 | 134.07 | 0 | 1049
PACZ | kNN_100 | 15 | 100 | 960643117635 | 0.265678 | 134.07 | 0 | 609
PACZ | kNN_100 | 16 | 100 | 1118421909834 | 0.207663 | 134.07 | 0 | 494
PACZ | kNN_100 | 17 | 100 | 1381822093704 | 0.221332 | 134.07 | 0 | 560
PACZ | kNN_100 | 18 | 100 | 752017808385 | 0.399669 | 134.07 | 0 | 1085
PACZ | kNN_100 | 19 | 100 | 1407570304725 | 0.284354 | 134.07 | 0 | 698
PACZ | kNN_100 | 20 | 100 | 1353998318322 | 0.159343 | 134.07 | 0 | 415
PACZ | kNN_100 | 21 | 100 | 1373348630766 | 0.136693 | 134.07 | 0 | 327
PACZ | kNN_100 | 22 | 100 | 1226283963198 | 0.17031 | 134.07 | 0 | 419
PACZ | kNN_100 | 23 | 100 | 908256836055 | 0.291268 | 134.07 | 0 | 810
PACZ | kNN_100 | 24 | 100 | 1392785009193 | 0.131289 | 134.07 | 0 | 364
PACZ | kNN_100 | 25 | 100 | 722172134244 | 0.166337 | 134.07 | 0 | 520
PACZ | kNN_100 | 26 | 100 | 1466591400882 | 0.189384 | 134.07 | 0 | 439
PACZ | kNN_100 | 27 | 100 | 1199944613040 | 0.209332 | 134.07 | 0 | 563
PACZ | kNN_100 | 28 | 100 | 1070315505108 | 0.205358 | 134.07 | 0 | 589
PACZ | kNN_100 | 29 | 100 | 1454541872760 | 0.161727 | 134.07 | 0 | 429
PACZ | kNN_100 | 30 | 100 | 1264378548054 | 0.126998 | 134.07 | 0 | 356
PACZ | kNN_100 | 31 | 100 | 1149843696864 | 0.223398 | 134.07 | 0 | 652
PACZ | kNN_100 | 32 | 100 | 1397866852851 | 0.209649 | 134.07 | 0 | 677
PACZ | kNN_100 | 33 | 100 | 1023574703127 | 0.197013 | 134.07 | 0 | 579
PACZ | kNN_100 | 34 | 100 | 1185613477758 | 0.30001 | 134.07 | 0 | 957
PACZ | kNN_100 | 35 | 100 | 574492232115 | 0.104666 | 134.07 | 0 | 287
PACZ | kNN_100 | 36 | 100 | 1350702491712 | 0.356038 | 134.07 | 0 | 1060
PACZ | kNN_100 | 37 | 100 | 1078032955854 | 0.207663 | 134.07 | 0 | 614
PACZ | kNN_100 | 38 | 100 | 1221504474642 | 0.19598 | 134.07 | 0 | 574
PACZ | kNN_100 | 39 | 100 | 1412315682339 | 0.236034 | 134.07 | 0 | 575
PACZ | kNN_100 | 40 | 100 | 1418072003118 | 0.242631 | 134.07 | 0 | 677
PACZ | kNN_100 | 41 | 100 | 1257154503036 | 0.247955 | 134.07 | 0 | 902
PACZ | kNN_100 | 42 | 100 | 1236595859787 | 0.324329 | 134.07 | 0 | 1122
PACZ | kNN_100 | 43 | 100 | 1233761195169 | 0.145038 | 134.07 | 0 | 538
PACZ | kNN_100 | 44 | 100 | 1027135336881 | 0.150998 | 134.07 | 0 | 566
PACZ | kNN_100 | 45 | 100 | 1277181822690 | 0.34531 | 134.07 | 0 | 1076
PACZ | kNN_100 | 46 | 100 | 979491545931 | 0.192006 | 134.07 | 0 | 614
PACZ | kNN_100 | 47 | 100 | 1306823775837 | 0.267665 | 134.07 | 0 | 815
PACZ | kNN_100 | 48 | 100 | 1201924717830 | 0.313679 | 134.07 | 0 | 907
PACZ | kNN_100 | 49 | 100 | 786778634370 | 0.0799497 | 134.07 | 0 | 214
PACZ | kNN_100 | 50 | 100 | 1264339422681 | 0.370344 | 134.07 | 0 | 1098
PACZ | kNN_100 | 51 | 100 | 1257257972760 | 0.344992 | 134.07 | 0 | 1235
PACZ | kNN_100 | 52 | 100 | 1272945625293 | 0.248988 | 134.07 | 0 | 862
PACZ | kNN_100 | 53 | 100 | 1261571106738 | 0.307004 | 134.07 | 0 | 1116
PACZ | kNN_100 | 54 | 100 | 1410692207979 | 0.260035 | 134.07 | 0 | 966
PACZ | kNN_100 | 55 | 100 | 1375515728694 | 0.153303 | 134.07 | 0 | 529
PACZ | kNN_100 | 56 | 100 | 1263088027878 | 0.251293 | 134.07 | 0 | 882
PACZ | kNN_100 | 57 | 100 | 931130050938 | 0.142018 | 134.07 | 0 | 410
PACZ | kNN_100 | 58 | 100 | 1025535026346 | 0.183026 | 134.07 | 0 | 603
PACZ | kNN_100 | 59 | 100 | 1201021328490 | 0.193675 | 134.07 | 0 | 596
PACZ | kNN_100 | 60 | 100 | 1210091961813 | 0.190337 | 134.07 | 0 | 580
PACZ | kNN_100 | 61 | 100 | 1390861376946 | 0.149012 | 134.07 | 0 | 418
PACZ | kNN_100 | 62 | 100 | 1063967039901 | 0.205994 | 134.07 | 0 | 499
PACZ | kNN_100 | 63 | 100 | 1261977702045 | 0.341972 | 134.07 | 0 | 947
PACZ | kNN_100 | 64 | 100 | 1385517736314 | 0.100295 | 134.07 | 0 | 278
PACZ | kNN_100 | 65 | 100 | 1408263721032 | 0.248671 | 134.07 | 0 | 700
PACZ | kNN_100 | 66 | 100 | 892473529932 | 0.231663 | 134.07 | 0 | 790
PACZ | kNN_100 | 67 | 100 | 1218487691850 | 0.11301 | 134.07 | 0 | 345
PACZ | kNN_100 | 68 | 100 | 1261468477740 | 0.338634 | 134.07 | 0 | 1049
PACZ | kNN_100 | 69 | 100 | 1262271571662 | 0.272671 | 134.07 | 0 | 747
PACZ | kNN_100 | 70 | 100 | 1295276651901 | 0.282288 | 134.07 | 0 | 791
PACZ | kNN_100 | 71 | 100 | 926036227146 | 0.264963 | 134.07 | 0 | 553
PACZ | kNN_100 | 72 | 100 | 1301108535423 | 0.267982 | 134.07 | 0 | 845
PACZ | kNN_100 | 73 | 100 | 1356351079059 | 0.30899 | 134.07 | 0 | 814
PACZ | kNN_100 | 74 | 100 | 1192960975905 | 0.150681 | 134.07 | 0 | 429
PACZ | kNN_100 | 75 | 100 | 1264451619240 | 0.255664 | 134.07 | 0 | 910
PACZ | kNN_100 | 76 | 100 | 1559046409023 | 0.149965 | 134.07 | 0 | 584
PACZ | kNN_100 | 77 | 100 | 1051130118732 | 0.207345 | 134.07 | 0 | 445
PACZ | kNN_100 | 78 | 100 | 1203945875973 | 0.258048 | 134.07 | 0 | 508
PACZ | kNN_100 | 79 | 100 | 1128118814895 | 0.437737 | 134.07 | 0 | 1052
PACZ | kNN_100 | 80 | 100 | 1383832582965 | 0.112693 | 134.07 | 0 | 270
PACZ | kNN_100 | 81 | 100 | 1053537227967 | 0.22165 | 134.07 | 0 | 829
PACZ | kNN_100 | 82 | 100 | 1407573314088 | 0.231345 | 134.07 | 0 | 665
PACZ | kNN_100 | 83 | 100 | 1252166028354 | 0.231345 | 134.07 | 0 | 848
PACZ | kNN_100 | 84 | 100 | 1203684584031 | 0.188271 | 134.07 | 0 | 468
PACZ | kNN_100 | 85 | 100 | 1228768993776 | 0.171979 | 134.07 | 0 | 536
PACZ | kNN_100 | 86 | 100 | 1373757805833 | 0.0949701 | 134.07 | 0 | 245
PACZ | kNN_100 | 87 | 100 | 1423092088404 | 0.160297 | 134.07 | 0 | 467
PACZ | kNN_100 | 88 | 100 | 1023588745935 | 0.189066 | 134.07 | 0 | 558
PACZ | kNN_100 | 89 | 100 | 603940967790 | 0.118971 | 134.07 | 0 | 247
PACZ | kNN_100 | 90 | 100 | 1200697859958 | 0.190655 | 134.07 | 0 | 427
PACZ | kNN_100 | 91 | 100 | 1250773874700 | 0.259956 | 134.07 | 0 | 928
PACZ | kNN_100 | 92 | 100 | 1366972707651 | 0.316381 | 134.07 | 0 | 728
PACZ | kNN_100 | 93 | 100 | 1217520504846 | 0.313679 | 134.07 | 0 | 940
PACZ | kNN_100 | 94 | 100 | 1190541377622 | 0.378688 | 134.07 | 0 | 854
PACZ | kNN_100 | 95 | 100 | 1038104727936 | 0.198046 | 134.07 | 0 | 450
PACZ | kNN_100 | 96 | 100 | 1254638234538 | 0.245333 | 134.07 | 0 | 594
PACZ | kNN_100 | 97 | 100 | 1373348620866 | 0.133276 | 134.07 | 0 | 271
PACZ | kNN_100 | 98 | 100 | 656814542130 | 0.36629 | 134.07 | 0 | 954
PACZ | kNN_100 | 99 | 100 | 1262941096545 | 0.362317 | 134.07 | 0 | 953
