Algo | QType | QID | Count | Hash | Time_ms | Mem_Tree_MB | Mem_Delta_MB | Nodes
PACZ | Range_Small | 0 | 245 | 2838648214722 | 0.00898043 | 130.994 | 0 | 193
PACZ | Range_Small | 1 | 1008 | 14158959043635 | 0.0240008 | 130.994 | 0 | 401
PACZ | Range_Small | 2 | 388 | 4964879299158 | 0.0163714 | 130.994 | 0 | 245
PACZ | Range_Small | 3 | 2608 | 25947990936930 | 0.0329812 | 130.994 | 0 | 487
PACZ | Range_Small | 4 | 277 | 3447740353569 | 0.00961622 | 130.994 | 0 | 225
PACZ | Range_Small | 5 | 3707 | 45049797481803 | 0.0513395 | 130.994 | 0 | 635
PACZ | Range_Small | 6 | 41 | 433411300632 | 0.00635783 | 130.994 | 0 | 175
PACZ | Range_Small | 7 | 1305 | 13979033420601 | 0.0252724 | 130.994 | 0 | 333
PACZ | Range_Small | 8 | 43 | 412564126929 | 0.00397364 | 130.994 | 0 | 133
PACZ | Range_Small | 9 | 718 | 8599324236087 | 0.0163714 | 130.994 | 0 | 247
PACZ | Range_Small | 10 | 1892 | 24101204296005 | 0.0246366 | 130.994 | 0 | 375
PACZ | Range_Small | 11 | 5192 | 67124927285859 | 0.0656446 | 130.994 | 0 | 737
PACZ | Range_Small | 12 | 421 | 5951145998916 | 0.00969569 | 130.994 | 0 | 241
PACZ | Range_Small | 13 | 1693 | 18126667092012 | 0.0280539 | 130.994 | 0 | 369
PACZ | Range_Small | 14 | 2504 | 30202352897931 | 0.0303586 | 130.994 | 0 | 425
PACZ | Range_Small | 15 | 40 | 207664850691 | 0.00635783 | 130.994 | 0 | 179
PACZ | Range_Small | 16 | 1969 | 23421518956914 | 0.0340144 | 130.994 | 0 | 415
PACZ | Range_Small | 17 | 12 | 175389093198 | 0.00802676 | 130.994 | 0 | 139
PACZ | Range_Small | 18 | 1184 | 16597724161494 | 0.0179609 | 130.994 | 0 | 359
PACZ | Range_Small | 19 | 7391 | 87189784609374 | 0.113646 | 130.994 | 0 | 1049
PACZ | Range_Small | 20 | 860 | 10570026641778 | 0.0240008 | 130.994 | 0 | 289
PACZ | Range_Small | 21 | 1886 | 19029449239050 | 0.032266 | 130.994 | 0 | 415
PACZ | Range_Small | 22 | 2438 | 29363247236133 | 0.0266234 | 130.994 | 0 | 423
PACZ | Range_Small | 23 | 18219 | 216530893257411 | 0.232299 | 130.994 | 0 | 2187
PACZ | Range_Small | 24 | 273 | 3789078919614 | 0.0109673 | 130.994 | 0 | 163
PACZ | Range_Small | 25 | 4407 | 54144686113221 | 0.0656446 | 130.994 | 0 | 703
PACZ | Range_Small | 26 | 12666 | 155214877103694 | 0.162363 | 130.994 | 0 | 1547
PACZ | Range_Small | 27 | 2344 | 27193337673201 | 0.0459353 | 130.994 | 0 | 455
PACZ | Range_Small | 28 | 193 | 2024069065875 | 0.0073115 | 130.994 | 0 | 195
PACZ | Range_Small | 29 | 256 | 2456745386535 | 0.00532468 | 130.994 | 0 | 139
PACZ | Range_Small | 30 | 593 | 7081396727784 | 0.0106494 | 130.994 | 0 | 247
PACZ | Range_Small | 31 | 319 | 3702943285251 | 0.0133514 | 130.994 | 0 | 217
PACZ | Range_Small | 32 | 875 | 8744652614547 | 0.0139872 | 130.994 | 0 | 275
PACZ | Range_Small | 33 | 1939 | 21941319410532 | 0.0343323 | 130.994 | 0 | 473
PACZ | Range_Small | 34 | 5107 | 65779761607251 | 0.0677109 | 130.994 | 0 | 727
PACZ | Range_Small | 35 | 6284 | 77890857271950 | 0.0870228 | 130.994 | 0 | 903
PACZ | Range_Small | 36 | 265 | 3682636160424 | 0.0127157 | 130.994 | 0 | 181
PACZ | Range_Small | 37 | 561 | 5789396836575 | 0.015974 | 130.994 | 0 | 339
PACZ | Range_Small | 38 | 224 | 2756943403650 | 0.0133514 | 130.994 | 0 | 215
PACZ | Range_Small | 39 | 313 | 3829673643081 | 0.00961622 | 130.994 | 0 | 245
PACZ | Range_Small | 40 | 220 | 2711333740584 | 0.0129541 | 130.994 | 0 | 219
PACZ | Range_Small | 41 | 16521 | 200597398681920 | 0.212987 | 130.994 | 0 | 2011
PACZ | Range_Small | 42 | 397 | 4684707830190 | 0.0180403 | 130.994 | 0 | 313
PACZ | Range_Small | 43 | 188 | 1868754230334 | 0.00532468 | 130.994 | 0 | 165
PACZ | Range_Small | 44 | 3920 | 46667014180983 | 0.0476042 | 130.994 | 0 | 587
PACZ | Range_Small | 45 | 17 | 174070664214 | 0.00762939 | 130.994 | 0 | 107
PACZ | Range_Small | 46 | 1858 | 19069193962074 | 0.0323455 | 130.994 | 0 | 449
PACZ | Range_Small | 47 | 322 | 3911197502073 | 0.0100136 | 130.994 | 0 | 251
PACZ | Range_Small | 48 | 2178 | 21351842917134 | 0.0350475 | 130.994 | 0 | 481
PACZ | Range_Small | 49 | 1014 | 13773419050260 | 0.0203451 | 130.994 | 0 | 277
PACZ | Range_Small | 50 | 128 | 563356135572 | 0.00596046 | 130.994 | 0 | 171
PACZ | Range_Small | 51 | 193 | 907004744937 | 0.00596046 | 130.994 | 0 | 177
PACZ | Range_Small | 52 | 688 | 8690164344993 | 0.0162919 | 130.994 | 0 | 311
PACZ | Range_Small | 53 | 933 | 9859165567044 | 0.014623 | 130.994 | 0 | 277
PACZ | Range_Small | 54 | 17696 | 213811806272541 | 0.177701 | 130.994 | 0 | 2069
PACZ | Range_Small | 55 | 29 | 249544892733 | 0.00762939 | 130.994 | 0 | 107
PACZ | Range_Small | 56 | 684 | 7270798422501 | 0.0143846 | 130.994 | 0 | 291
PACZ | Range_Small | 57 | 1380 | 14041270996653 | 0.022014 | 130.994 | 0 | 311
PACZ | Range_Small | 58 | 670 | 9058515487092 | 0.022014 | 130.994 | 0 | 251
PACZ | Range_Small | 59 | 10150 | 124820052480609 | 0.146389 | 130.994 | 0 | 1369
PACZ | Range_Small | 60 | 149 | 1587101900529 | 0.0109673 | 130.994 | 0 | 191
PACZ | Range_Small | 61 | 4808 | 59357799889398 | 0.0736713 | 130.994 | 0 | 737
PACZ | Range_Small | 62 | 15978 | 187842225862491 | 0.161012 | 130.994 | 0 | 1869
PACZ | Range_Small | 63 | 1532 | 16065689410746 | 0.0236829 | 130.994 | 0 | 395
PACZ | Range_Small | 64 | 12771 | 148392845123334 | 0.150681 | 130.994 | 0 | 1657
PACZ | Range_Small | 65 | 484 | 4389585888240 | 0.0162919 | 130.994 | 0 | 263
PACZ | Range_Small | 66 | 2312 | 29065640838159 | 0.0380675 | 130.994 | 0 | 499
PACZ | Range_Small | 67 | 1268 | 15172061236128 | 0.0246366 | 130.994 | 0 | 377
PACZ | Range_Small | 68 | 3675 | 45939112615743 | 0.0403722 | 130.994 | 0 | 639
PACZ | Range_Small | 69 | 1292 | 15222500284248 | 0.0166893 | 130.994 | 0 | 307
PACZ | Range_Small | 70 | 1124 | 13067041686489 | 0.0166893 | 130.994 | 0 | 327
PACZ | Range_Small | 71 | 5859 | 77439218059860 | 0.0587304 | 130.994 | 0 | 775
PACZ | Range_Small | 72 | 1098 | 17433243419391 | 0.018994 | 130.994 | 0 | 337
PACZ | Range_Small | 73 | 593 | 7074886871568 | 0.0116825 | 130.994 | 0 | 251
PACZ | Range_Small | 74 | 500 | 5964934987008 | 0.011603 | 130.994 | 0 | 273
PACZ | Range_Small | 75 | 1 | 1746122127 | 0.00198682 | 130.994 | 0 | 87
PACZ | Range_Small | 76 | 225 | 2277623228181 | 0.00905991 | 130.994 | 0 | 225
PACZ | Range_Small | 77 | 1724 | 20080564499619 | 0.0249545 | 130.994 | 0 | 391
PACZ | Range_Small | 78 | 16486 | 193333962979191 | 0.138998 | 130.994 | 0 | 1929
PACZ | Range_Small | 79 | 4714 | 63016547231130 | 0.0460148 | 130.994 | 0 | 721
PACZ | Range_Small | 80 | 470 | 5886321082284 | 0.0123183 | 130.994 | 0 | 293
PACZ | Range_Small | 81 | 3969 | 47423185293960 | 0.042359 | 130.994 | 0 | 641
PACZ | Range_Small | 82 | 1165 | 16285400676474 | 0.0200272 | 130.994 | 0 | 373
PACZ | Range_Small | 83 | 954 | 10049493553005 | 0.0120004 | 130.994 | 0 | 251
PACZ | Range_Small | 84 | 411 | 4698079224249 | 0.00961622 | 130.994 | 0 | 259
PACZ | Range_Small | 85 | 14 | 79632731070 | 0.00460943 | 130.994 | 0 | 147
PACZ | Range_Small | 86 | 1453 | 17204686085811 | 0.0206629 | 130.994 | 0 | 339
PACZ | Range_Small | 87 | 349 | 4689628660158 | 0.00969569 | 130.994 | 0 | 209
PACZ | Range_Small | 88 | 275 | 2883314900259 | 0.00500679 | 130.994 | 0 | 139
PACZ | Range_Small | 89 | 2523 | 31334731580259 | 0.029405 | 130.994 | 0 | 493
PACZ | Range_Small | 90 | 1665 | 23618357617587 | 0.0256697 | 130.994 | 0 | 427
PACZ | Range_Small | 91 | 1639 | 20571755076234 | 0.018994 | 130.994 | 0 | 401
PACZ | Range_Small | 92 | 512 | 6251217284529 | 0.0129541 | 130.994 | 0 | 239
PACZ | Range_Small | 93 | 59 | 259675096590 | 0.00429153 | 130.994 | 0 | 131
PACZ | Range_Small | 94 | 767 | 8360187976272 | 0.0136693 | 130.994 | 0 | 301
PACZ | Range_Small | 95 | 338 | 4306810398960 | 0.0126362 | 130.994 | 0 | 269
PACZ | Range_Small | 96 | 342 | 4256025770883 | 0.0123183 | 130.994 | 0 | 269
PACZ | Range_Small | 97 | 181 | 2419126726965 | 0.00905991 | 130.994 | 0 | 235
PACZ | Range_Small | 98 | 2204 | 26760209502756 | 0.0263055 | 130.994 | 0 | 427
PACZ | Range_Small | 99 | 685 | 7214321283789 | 0.0139872 | 130.994 | 0 | 293
PACZ | Range_Medium | 0 | 8499 | 113363317645599 | 0.0876586 | 130.994 | 0 | 1077
PACZ | Range_Medium | 1 | 5398 | 66588945100476 | 0.0572999 | 130.994 | 0 | 751
PACZ | Range_Medium | 2 | 86423 | 1019596370290629 | 0.968933 | 130.994 | 0 | 8193
PACZ | Range_Medium | 3 | 14632 | 176588461127601 | 0.142654 | 130.994 | 0 | 1785
PACZ | Range_Medium | 4 | 88319 | 1044897882216873 | 0.998656 | 130.994 | 0 | 8349
PACZ | Range_Medium | 5 | 13830 | 151900135863213 | 0.13272 | 130.994 | 0 | 1587
PACZ | Range_Medium | 6 | 21446 | 258696779117415 | 0.201702 | 130.994 | 0 | 2357
PACZ | Range_Medium | 7 | 37562 | 520211225318787 | 0.392358 | 130.994 | 0 | 3763
PACZ | Range_Medium | 8 | 13376 | 160723057755723 | 0.118017 | 130.994 | 0 | 1565
PACZ | Range_Medium | 9 | 17968 | 220299097379220 | 0.181993 | 130.994 | 0 | 2055
PACZ | Range_Medium | 10 | 5797 | 71134936373334 | 0.0593662 | 130.994 | 0 | 815
PACZ | Range_Medium | 11 | 2518 | 19679623043544 | 0.0309944 | 130.994 | 0 | 475
PACZ | Range_Medium | 12 | 30636 | 420598715519505 | 0.268618 | 130.994 | 0 | 2953
PACZ | Range_Medium | 13 | 14164 | 186728746161984 | 0.138283 | 130.994 | 0 | 1565
PACZ | Range_Medium | 14 | 12721 | 154965327672069 | 0.126362 | 130.994 | 0 | 1583
PACZ | Range_Medium | 15 | 31397 | 344415025391709 | 0.352701 | 130.994 | 0 | 3211
PACZ | Range_Medium | 16 | 17453 | 202609732511232 | 0.191689 | 130.994 | 0 | 1951
PACZ | Range_Medium | 17 | 21409 | 288996421715253 | 0.228008 | 130.994 | 0 | 2365
PACZ | Range_Medium | 18 | 9784 | 116183364979290 | 0.108322 | 130.994 | 0 | 1301
PACZ | Range_Medium | 19 | 52072 | 604090094771226 | 0.602404 | 130.994 | 0 | 5225
PACZ | Range_Medium | 20 | 22360 | 301119856042524 | 0.219663 | 130.994 | 0 | 2447
PACZ | Range_Medium | 21 | 17296 | 210904003126338 | 0.177304 | 130.994 | 0 | 1997
PACZ | Range_Medium | 22 | 5089 | 56591672389299 | 0.0560284 | 130.994 | 0 | 703
PACZ | Range_Medium | 23 | 25553 | 306590460951537 | 0.270287 | 130.994 | 0 | 2629
PACZ | Range_Medium | 24 | 21961 | 242152031117784 | 0.228961 | 130.994 | 0 | 2273
PACZ | Range_Medium | 25 | 9943 | 131991501451797 | 0.112375 | 130.994 | 0 | 1131
PACZ | Range_Medium | 26 | 38865 | 470371662954849 | 0.446002 | 130.994 | 0 | 4047
PACZ | Range_Medium | 27 | 36939 | 440242415293086 | 0.324329 | 130.994 | 0 | 3731
PACZ | Range_Medium | 28 | 64334 | 721486593586632 | 0.701666 | 130.994 | 0 | 6117
PACZ | Range_Medium | 29 | 3051 | 32221643014092 | 0.0356038 | 130.994 | 0 | 489
PACZ | Range_Medium | 30 | 38181 | 402884832500079 | 0.379324 | 130.994 | 0 | 3813
PACZ | Range_Medium | 31 | 29521 | 323949908230062 | 0.307639 | 130.994 | 0 | 2981
PACZ | Range_Medium | 32 | 5676 | 73142047431945 | 0.0677109 | 130.994 | 0 | 793
PACZ | Range_Medium | 33 | 23175 | 307563063430365 | 0.255346 | 130.994 | 0 | 2577
PACZ | Range_Medium | 34 | 53409 | 585459921995295 | 0.631015 | 130.994 | 0 | 5351
PACZ | Range_Medium | 35 | 86541 | 1021270930470234 | 0.993331 | 130.994 | 0 | 8203
PACZ | Range_Medium | 36 | 5133 | 60559417777068 | 0.0623067 | 130.994 | 0 | 785
PACZ | Range_Medium | 37 | 19314 | 211680493742550 | 0.205676 | 130.994 | 0 | 2111
PACZ | Range_Medium | 38 | 27124 | 339708660012951 | 0.332673 | 130.994 | 0 | 3041
PACZ | Range_Medium | 39 | 91043 | 1074851963822997 | 1.11596 | 130.994 | 0 | 8659
PACZ | Range_Medium | 40 | 44471 | 466973904377643 | 0.472943 | 130.994 | 0 | 4357
PACZ | Range_Medium | 41 | 5255 | 65595916300353 | 0.0646909 | 130.994 | 0 | 695
PACZ | Range_Medium | 42 | 11123 | 138554468733600 | 0.126998 | 130.994 | 0 | 1299
PACZ | Range_Medium | 43 | 8088 | 98987359689615 | 0.107288 | 130.994 | 0 | 1151
PACZ | Range_Medium | 44 | 5609 | 60956691474921 | 0.0646909 | 130.994 | 0 | 667
PACZ | Range_Medium | 45 | 417 | 2763882358227 | 0.0123978 | 130.994 | 0 | 209
PACZ | Range_Medium | 46 | 19593 | 215510415983793 | 0.216007 | 130.994 | 0 | 2131
PACZ | Range_Medium | 47 | 20739 | 248007612695679 | 0.245969 | 130.994 | 0 | 2297
PACZ | Range_Medium | 48 | 6929 | 84423666549306 | 0.0840028 | 130.994 | 0 | 895
PACZ | Range_Medium | 49 | 25234 | 285423011951046 | 0.28801 | 130.994 | 0 | 2819
PACZ | Range_Medium | 50 | 85956 | 1013255307734220 | 1.06366 | 130.994 | 0 | 8119
PACZ | Range_Medium | 51 | 43608 | 471648993571230 | 0.534376 | 130.994 | 0 | 4317
PACZ | Range_Medium | 52 | 14249 | 169185338865375 | 0.152667 | 130.994 | 0 | 1501
PACZ | Range_Medium | 53 | 9132 | 108408065864283 | 0.118335 | 130.994 | 0 | 1287
PACZ | Range_Medium | 54 | 49233 | 502423814463696 | 0.543038 | 130.994 | 0 | 4763
PACZ | Range_Medium | 55 | 86148 | 1015982507732910 | 1.08933 | 130.994 | 0 | 8177
PACZ | Range_Medium | 56 | 28545 | 386644434460899 | 0.326713 | 130.994 | 0 | 3065
PACZ | Range_Medium | 57 | 13629 | 162400942344327 | 0.151714 | 130.994 | 0 | 1415
PACZ | Range_Medium | 58 | 10679 | 120013177425423 | 0.136693 | 130.994 | 0 | 1415
PACZ | Range_Medium | 59 | 19972 | 246689469231564 | 0.221968 | 130.994 | 0 | 2049
PACZ | Range_Medium | 60 | 16338 | 209085531478854 | 0.170628 | 130.994 | 0 | 1839
PACZ | Range_Medium | 61 | 50083 | 588123349822650 | 0.584682 | 130.994 | 0 | 4721
PACZ | Range_Medium | 62 | 62628 | 686712946593000 | 0.765642 | 130.994 | 0 | 6031
PACZ | Range_Medium | 63 | 87437 | 1036159435308243 | 1.07932 | 130.994 | 0 | 8199
PACZ | Range_Medium | 64 | 93009 | 1095596063389809 | 1.11135 | 130.994 | 0 | 8887
PACZ | Range_Medium | 65 | 442 | 2593276381734 | 0.0136693 | 130.994 | 0 | 217
PACZ | Range_Medium | 66 | 45970 | 548550694470000 | 0.501315 | 130.994 | 0 | 4233
PACZ | Range_Medium | 67 | 14119 | 167812793691924 | 0.141064 | 130.994 | 0 | 1433
PACZ | Range_Medium | 68 | 21565 | 261821635076940 | 0.25932 | 130.994 | 0 | 2423
PACZ | Range_Medium | 69 | 43298 | 517128514911483 | 0.440359 | 130.994 | 0 | 4001
PACZ | Range_Medium | 70 | 11844 | 156196323281361 | 0.134627 | 130.994 | 0 | 1265
PACZ | Range_Medium | 71 | 1966 | 24165469286988 | 0.0376701 | 130.994 | 0 | 481
PACZ | Range_Medium | 72 | 5026 | 66059300715771 | 0.0607173 | 130.994 | 0 | 665
PACZ | Range_Medium | 73 | 31643 | 339476335207764 | 0.368675 | 130.994 | 0 | 3257
PACZ | Range_Medium | 74 | 38240 | 517178642683002 | 0.437657 | 130.994 | 0 | 3763
PACZ | Range_Medium | 75 | 40865 | 486799603471518 | 0.454664 | 130.994 | 0 | 3863
PACZ | Range_Medium | 76 | 5370 | 53747997774519 | 0.0663598 | 130.994 | 0 | 665
PACZ | Range_Medium | 77 | 15616 | 187227359211552 | 0.178973 | 130.994 | 0 | 1849
PACZ | Range_Medium | 78 | 29694 | 329073129485622 | 0.336647 | 130.994 | 0 | 3017
PACZ | Range_Medium | 79 | 47700 | 564516995858091 | 0.531038 | 130.994 | 0 | 4357
PACZ | Range_Medium | 80 | 88150 | 1041290119908450 | 1.13066 | 130.994 | 0 | 8255
PACZ | Range_Medium | 81 | 96519 | 1134281401157565 | 1.158 | 130.994 | 0 | 9025
PACZ | Range_Medium | 82 | 4666 | 31793533634964 | 0.0663598 | 130.994 | 0 | 755
PACZ | Range_Medium | 83 | 44458 | 466700817248109 | 0.556389 | 130.994 | 0 | 4345
PACZ | Range_Medium | 84 | 36837 | 440665921387185 | 0.405312 | 130.994 | 0 | 3757
PACZ | Range_Medium | 85 | 75155 | 889685408273256 | 0.942945 | 130.994 | 0 | 7295
PACZ | Range_Medium | 86 | 60461 | 692853537890619 | 0.750621 | 130.994 | 0 | 5631
PACZ | Range_Medium | 87 | 18771 | 223349943484833 | 0.229597 | 130.994 | 0 | 2243
PACZ | Range_Medium | 88 | 33624 | 379792057566492 | 0.412305 | 130.994 | 0 | 3549
PACZ | Range_Medium | 89 | 58699 | 637244156378856 | 0.682354 | 130.994 | 0 | 5623
PACZ | Range_Medium | 90 | 8582 | 96338478430566 | 0.0993411 | 130.994 | 0 | 1063
PACZ | Range_Medium | 91 | 14849 | 185290820093796 | 0.174602 | 130.994 | 0 | 1693
PACZ | Range_Medium | 92 | 2800 | 30515019063975 | 0.0399748 | 130.994 | 0 | 541
PACZ | Range_Medium | 93 | 15440 | 198663241443405 | 0.167688 | 130.994 | 0 | 1683
PACZ | Range_Medium | 94 | 409 | 3636170163762 | 0.0147025 | 130.994 | 0 | 257
PACZ | Range_Medium | 95 | 25487 | 348517726681920 | 0.291983 | 130.994 | 0 | 2573
PACZ | Range_Medium | 96 | 22723 | 248399622611664 | 0.258048 | 130.994 | 0 | 2331
PACZ | Range_Medium | 97 | 44029 | 462600757817727 | 0.500997 | 130.994 | 0 | 4205
PACZ | Range_Medium | 98 | 6623 | 75158496950832 | 0.0743071 | 130.994 | 0 | 737
PACZ | Range_Medium | 99 | 21241 | 255428396873787 | 0.240326 | 130.994 | 0 | 2285
PACZ | Range_Large | 0 | 591298 | 6939548647333794 | 7.55072 | 130.994 | 0 | 52061
PACZ | Range_Large | 1 | 516072 | 6052446473037162 | 6.57399 | 130.994 | 0 | 45555
PACZ | Range_Large | 2 | 510102 | 5983986432564309 | 6.57463 | 130.994 | 0 | 44959
PACZ | Range_Large | 3 | 242544 | 2977411249863861 | 3.18734 | 130.994 | 0 | 22191
PACZ | Range_Large | 4 | 573360 | 6714839914878192 | 7.45432 | 130.994 | 0 | 50441
PACZ | Range_Large | 5 | 482312 | 5724642696097026 | 6.27565 | 130.994 | 0 | 43097
PACZ | Range_Large | 6 | 380242 | 4429986497036511 | 4.92533 | 130.994 | 0 | 33313
PACZ | Range_Large | 7 | 552190 | 6464061317304780 | 7.14437 | 130.994 | 0 | 48715
PACZ | Range_Large | 8 | 435345 | 5179641217157277 | 5.71998 | 130.994 | 0 | 38827
PACZ | Range_Large | 9 | 419669 | 5003795801325378 | 5.445 | 130.994 | 0 | 37483
PACZ | Range_Large | 10 | 481514 | 5645075213680677 | 6.27398 | 130.994 | 0 | 42605
PACZ | Range_Large | 11 | 322080 | 3642477415689630 | 4.22835 | 130.994 | 0 | 28695
PACZ | Range_Large | 12 | 599414 | 7051222578815589 | 7.83571 | 130.994 | 0 | 52799
PACZ | Range_Large | 13 | 529409 | 6253065396228117 | 7.01133 | 130.994 | 0 | 47119
PACZ | Range_Large | 14 | 478273 | 5677859995271907 | 6.39939 | 130.994 | 0 | 42633
PACZ | Range_Large | 15 | 581205 | 6828220394355249 | 7.5473 | 130.994 | 0 | 51075
PACZ | Range_Large | 16 | 588383 | 6905957457093243 | 7.72627 | 130.994 | 0 | 51817
PACZ | Range_Large | 17 | 278835 | 3170623495001631 | 3.4887 | 130.994 | 0 | 24087
PACZ | Range_Large | 18 | 389821 | 4639688036107677 | 5.05463 | 130.994 | 0 | 34679
PACZ | Range_Large | 19 | 470833 | 5596371709681437 | 6.10566 | 130.994 | 0 | 41807
PACZ | Range_Large | 20 | 326440 | 3797414568192117 | 4.17495 | 130.994 | 0 | 28709
PACZ | Range_Large | 21 | 321044 | 3727903436192373 | 4.16168 | 130.994 | 0 | 28021
PACZ | Range_Large | 22 | 367245 | 4377652282320018 | 4.77401 | 130.994 | 0 | 32803
PACZ | Range_Large | 23 | 375730 | 4375263769983747 | 4.82432 | 130.994 | 0 | 32923
PACZ | Range_Large | 24 | 325258 | 3783558921342681 | 4.13664 | 130.994 | 0 | 28585
PACZ | Range_Large | 25 | 515119 | 6080122986167409 | 6.76767 | 130.994 | 0 | 45767
PACZ | Range_Large | 26 | 373692 | 4354189199607336 | 4.82527 | 130.994 | 0 | 32759
PACZ | Range_Large | 27 | 417867 | 4980970228496886 | 5.51494 | 130.994 | 0 | 37303
PACZ | Range_Large | 28 | 477736 | 5600382171889482 | 6.19332 | 130.994 | 0 | 42227
PACZ | Range_Large | 29 | 371394 | 4432887443993697 | 4.98064 | 130.994 | 0 | 33685
PACZ | Range_Large | 30 | 438891 | 5228571216609501 | 5.783 | 130.994 | 0 | 39155
PACZ | Range_Large | 31 | 383085 | 4462889958733875 | 5.07601 | 130.994 | 0 | 33527
PACZ | Range_Large | 32 | 470776 | 5595649051240224 | 6.22066 | 130.994 | 0 | 41799
PACZ | Range_Large | 33 | 553001 | 6476116873343802 | 7.0653 | 130.994 | 0 | 48741
PACZ | Range_Large | 34 | 402728 | 4707031375433628 | 5.00631 | 130.994 | 0 | 35275
PACZ | Range_Large | 35 | 468271 | 5486512827629643 | 6.18466 | 130.994 | 0 | 41217
PACZ | Range_Large | 36 | 467988 | 5563182685440714 | 6.21033 | 130.994 | 0 | 41629
PACZ | Range_Large | 37 | 373305 | 4443751467031830 | 5.08698 | 130.994 | 0 | 33319
PACZ | Range_Large | 38 | 380631 | 4434947522089731 | 4.96999 | 130.994 | 0 | 33353
PACZ | Range_Large | 39 | 365968 | 4262264639778849 | 4.93463 | 130.994 | 0 | 32097
PACZ | Range_Large | 40 | 312243 | 3572075626450671 | 4.21468 | 130.994 | 0 | 28165
PACZ | Range_Large | 41 | 451923 | 5379404819817582 | 6.09867 | 130.994 | 0 | 40249
PACZ | Range_Large | 42 | 581532 | 6789993946924962 | 7.6007 | 130.994 | 0 | 51301
PACZ | Range_Large | 43 | 379823 | 4424549216657406 | 4.92636 | 130.994 | 0 | 33293
PACZ | Range_Large | 44 | 398261 | 4755066797340753 | 5.18068 | 130.994 | 0 | 35597
PACZ | Range_Large | 45 | 577823 | 6795682050321441 | 7.68399 | 130.994 | 0 | 51031
PACZ | Range_Large | 46 | 388918 | 4521801916689090 | 4.89871 | 130.994 | 0 | 33959
PACZ | Range_Large | 47 | 371208 | 4411079817271890 | 4.76631 | 130.994 | 0 | 33131
PACZ | Range_Large | 48 | 479255 | 5619184128283698 | 5.982 | 130.994 | 0 | 42249
PACZ | Range_Large | 49 | 384705 | 4586821582893678 | 5.01664 | 130.994 | 0 | 34397
PACZ | Range_Large | 50 | 488389 | 5728928839731093 | 6.31936 | 130.994 | 0 | 43133
PACZ | Range_Large | 51 | 522308 | 6163400425786251 | 6.8357 | 130.994 | 0 | 46331
PACZ | Range_Large | 52 | 433103 | 5153885763066297 | 5.67468 | 130.994 | 0 | 38649
PACZ | Range_Large | 53 | 343740 | 3900639166593813 | 4.46733 | 130.994 | 0 | 30773
PACZ | Range_Large | 54 | 596411 | 6995741840415705 | 7.79462 | 130.994 | 0 | 52563
PACZ | Range_Large | 55 | 364636 | 4256730033889395 | 4.6587 | 130.994 | 0 | 31901
PACZ | Range_Large | 56 | 421286 | 5016365259237966 | 5.52694 | 130.994 | 0 | 37551
PACZ | Range_Large | 57 | 538067 | 6306544013938812 | 6.93234 | 130.994 | 0 | 47641
PACZ | Range_Large | 58 | 517662 | 6066557395950912 | 6.77133 | 130.994 | 0 | 45835
PACZ | Range_Large | 59 | 468140 | 5565986262424470 | 6.10002 | 130.994 | 0 | 41649
PACZ | Range_Large | 60 | 613949 | 7196411995184166 | 7.89769 | 130.994 | 0 | 54015
PACZ | Range_Large | 61 | 594163 | 6972691522412346 | 7.73199 | 130.994 | 0 | 52311
PACZ | Range_Large | 62 | 270055 | 3068883145209615 | 3.43672 | 130.994 | 0 | 23329
PACZ | Range_Large | 63 | 391848 | 4675569402904131 | 5.11495 | 130.994 | 0 | 34961
PACZ | Range_Large | 64 | 382032 | 4449269154303165 | 4.92295 | 130.994 | 0 | 33453
PACZ | Range_Large | 65 | 442728 | 5268915562321395 | 5.64528 | 130.994 | 0 | 39567
PACZ | Range_Large | 66 | 575399 | 6787244595768528 | 7.351 | 130.994 | 0 | 50857
PACZ | Range_Large | 67 | 317551 | 3678974571164559 | 4.1 | 130.994 | 0 | 27701
PACZ | Range_Large | 68 | 350964 | 4103196929949270 | 4.50802 | 130.994 | 0 | 30671
PACZ | Range_Large | 69 | 578356 | 6772724168553099 | 7.56097 | 130.994 | 0 | 51001
PACZ | Range_Large | 70 | 377510 | 4382080013375709 | 4.86366 | 130.994 | 0 | 32979
PACZ | Range_Large | 71 | 522193 | 6126761587682394 | 6.83904 | 130.994 | 0 | 46023
PACZ | Range_Large | 72 | 393581 | 4693978268763573 | 5.20102 | 130.994 | 0 | 35079
PACZ | Range_Large | 73 | 611796 | 7173825471711498 | 8.25461 | 130.994 | 0 | 53871
PACZ | Range_Large | 74 | 474917 | 5565971142227463 | 6.12934 | 130.994 | 0 | 41849
PACZ | Range_Large | 75 | 313963 | 3634032954281253 | 4.1523 | 130.994 | 0 | 27403
PACZ | Range_Large | 76 | 17 | 131174541456 | 0.0026226 | 130.994 | 0 | 45
PACZ | Range_Large | 77 | 594104 | 6970285614180498 | 7.7703 | 130.994 | 0 | 52267
PACZ | Range_Large | 78 | 437525 | 5127642260229690 | 5.79127 | 130.994 | 0 | 38643
PACZ | Range_Large | 79 | 377508 | 4382084990505183 | 4.83298 | 130.994 | 0 | 32977
PACZ | Range_Large | 80 | 402010 | 4698442430418345 | 5.26237 | 130.994 | 0 | 35389
PACZ | Range_Large | 81 | 401143 | 4779132553345293 | 5.1713 | 130.994 | 0 | 35649
PACZ | Range_Large | 82 | 324630 | 3775575411384849 | 4.26801 | 130.994 | 0 | 28523
PACZ | Range_Large | 83 | 377750 | 4395699790293594 | 4.84904 | 130.994 | 0 | 33079
PACZ | Range_Large | 84 | 594064 | 6978977938939233 | 7.82466 | 130.994 | 0 | 52341
PACZ | Range_Large | 85 | 262422 | 2997617830289460 | 3.41241 | 130.994 | 0 | 23669
PACZ | Range_Large | 86 | 599074 | 7043714019999108 | 7.83563 | 130.994 | 0 | 52741
PACZ | Range_Large | 87 | 478316 | 5678204720361693 | 6.24768 | 130.994 | 0 | 42635
PACZ | Range_Large | 88 | 367624 | 4383002758161216 | 4.85698 | 130.994 | 0 | 32745
PACZ | Range_Large | 89 | 473519 | 5549409877214754 | 6.17973 | 130.994 | 0 | 41727
PACZ | Range_Large | 90 | 258039 | 2957481322669962 | 3.43633 | 130.994 | 0 | 23345
PACZ | Range_Large | 91 | 267138 | 3054042225968595 | 3.479 | 130.994 | 0 | 24095
PACZ | Range_Large | 92 | 367697 | 4291242258993162 | 4.7907 | 130.994 | 0 | 32271
PACZ | Range_Large | 93 | 471428 | 5604502851555372 | 6.31094 | 130.994 | 0 | 41907
PACZ | Range_Large | 94 | 421316 | 4928139547738347 | 5.56064 | 130.994 | 0 | 38517
PACZ | Range_Large | 95 | 401873 | 4792439689393611 | 5.09961 | 130.994 | 0 | 35823
PACZ | Range_Large | 96 | 573267 | 6720340724029521 | 7.37 | 130.994 | 0 | 50455
PACZ | Range_Large | 97 | 576592 | 6745741609865016 | 7.50264 | 130.994 | 0 | 50761
PACZ | Range_Large | 98 | 432997 | 5161681598069565 | 5.65529 | 130.994 | 0 | 38489
PACZ | Range_Large | 99 | 380300 | 4431528097866816 | 4.89934 | 130.994 | 0 | 33333
PACZ | kNN_10 | 0 | 10 | 123289082550 | 0.0562668 | 130.994 | 0 | 313
PACZ | kNN_10 | 1 | 10 | 105046790070 | 0.0503063 | 130.994 | 0 | 379
PACZ | kNN_10 | 2 | 10 | 145474759983 | 0.0653267 | 130.994 | 0 | 507
PACZ | kNN_10 | 3 | 10 | 59648243949 | 0.0486374 | 130.994 | 0 | 422
PACZ | kNN_10 | 4 | 10 | 138183491841 | 0.0480016 | 130.994 | 0 | 269
PACZ | kNN_10 | 5 | 10 | 122827386009 | 0.0557105 | 130.994 | 0 | 432
PACZ | kNN_10 | 6 | 10 | 102406284897 | 0.0393391 | 130.994 | 0 | 290
PACZ | kNN_10 | 7 | 10 | 135583613859 | 0.0206629 | 130.994 | 0 | 138
PACZ | kNN_10 | 8 | 10 | 122072913684 | 0.0326633 | 130.994 | 0 | 218
PACZ | kNN_10 | 9 | 10 | 139011930618 | 0.0212987 | 130.994 | 0 | 167
PACZ | kNN_10 | 10 | 10 | 77250324930 | 0.0576178 | 130.994 | 0 | 448
PACZ | kNN_10 | 11 | 10 | 112808937255 | 0.0753403 | 130.994 | 0 | 533
PACZ | kNN_10 | 12 | 10 | 120099613563 | 0.0696182 | 130.994 | 0 | 462
PACZ | kNN_10 | 13 | 10 | 156153278325 | 0.0393391 | 130.994 | 0 | 351
PACZ | kNN_10 | 14 | 10 | 78546199065 | 0.0417233 | 130.994 | 0 | 376
PACZ | kNN_10 | 15 | 10 | 126396324756 | 0.0499884 | 130.994 | 0 | 440
PACZ | kNN_10 | 16 | 10 | 125377096308 | 0.0339349 | 130.994 | 0 | 307
PACZ | kNN_10 | 17 | 10 | 142417775685 | 0.0306765 | 130.994 | 0 | 289
PACZ | kNN_10 | 18 | 10 | 120458903862 | 0.037988 | 130.994 | 0 | 305
PACZ | kNN_10 | 19 | 10 | 126178352571 | 0.0626246 | 130.994 | 0 | 507
PACZ | kNN_10 | 20 | 10 | 115150646112 | 0.0496705 | 130.994 | 0 | 456
PACZ | kNN_10 | 21 | 10 | 121767338052 | 0.0376701 | 130.994 | 0 | 272
PACZ | kNN_10 | 22 | 10 | 129981775167 | 0.0659625 | 130.994 | 0 | 516
PACZ | kNN_10 | 23 | 10 | 124346734827 | 0.0399748 | 130.994 | 0 | 354
PACZ | kNN_10 | 24 | 10 | 119252130963 | 0.0313123 | 130.994 | 0 | 262
PACZ | kNN_10 | 25 | 10 | 59608687527 | 0.0336965 | 130.994 | 0 | 257
PACZ | kNN_10 | 26 | 10 | 122108532516 | 0.0279744 | 130.994 | 0 | 238
PACZ | kNN_10 | 27 | 10 | 132829698894 | 0.0466506 | 130.994 | 0 | 364
PACZ | kNN_10 | 28 | 10 | 126429757119 | 0.0399748 | 130.994 | 0 | 317
PACZ | kNN_10 | 29 | 10 | 44012220135 | 0.0340144 | 130.994 | 0 | 301
PACZ | kNN_10 | 30 | 10 | 126599784789 | 0.0496705 | 130.994 | 0 | 445
PACZ | kNN_10 | 31 | 10 | 141807209856 | 0.0376701 | 130.994 | 0 | 342
PACZ | kNN_10 | 32 | 10 | 131303285064 | 0.037988 | 130.994 | 0 | 297
PACZ | kNN_10 | 33 | 10 | 125384490651 | 0.0383059 | 130.994 | 0 | 310
PACZ | kNN_10 | 34 | 10 | 141002676633 | 0.037988 | 130.994 | 0 | 320
PACZ | kNN_10 | 35 | 10 | 126944984073 | 0.0519753 | 130.994 | 0 | 435
PACZ | kNN_10 | 36 | 10 | 137163144495 | 0.0367165 | 130.994 | 0 | 337
PACZ | kNN_10 | 37 | 10 | 132834309069 | 0.0346502 | 130.994 | 0 | 311
PACZ | kNN_10 | 38 | 10 | 151375300299 | 0.0309944 | 130.994 | 0 | 226
PACZ | kNN_10 | 39 | 10 | 118278526476 | 0.0853539 | 130.994 | 0 | 658
PACZ | kNN_10 | 40 | 10 | 139932466275 | 0.0660419 | 130.994 | 0 | 515
PACZ | kNN_10 | 41 | 10 | 96066180933 | 0.0406901 | 130.994 | 0 | 299
PACZ | kNN_10 | 42 | 10 | 129982710864 | 0.0579357 | 130.994 | 0 | 505
PACZ | kNN_10 | 43 | 10 | 148408684362 | 0.0616709 | 130.994 | 0 | 460
PACZ | kNN_10 | 44 | 10 | 156160826865 | 0.0490348 | 130.994 | 0 | 441
PACZ | kNN_10 | 45 | 10 | 96065617263 | 0.0340144 | 130.994 | 0 | 287
PACZ | kNN_10 | 46 | 10 | 123294974436 | 0.0393391 | 130.994 | 0 | 285
PACZ | kNN_10 | 47 | 10 | 149745140466 | 0.0499884 | 130.994 | 0 | 456
PACZ | kNN_10 | 48 | 10 | 139766991615 | 0.044028 | 130.994 | 0 | 393
PACZ | kNN_10 | 49 | 10 | 140778219012 | 0.0472864 | 130.994 | 0 | 382
PACZ | kNN_10 | 50 | 10 | 95547789507 | 0.0289281 | 130.994 | 0 | 271
PACZ | kNN_10 | 51 | 10 | 114826643472 | 0.0419617 | 130.994 | 0 | 433
PACZ | kNN_10 | 52 | 10 | 126353559900 | 0.0480016 | 130.994 | 0 | 450
PACZ | kNN_10 | 53 | 10 | 96685151076 | 0.0426769 | 130.994 | 0 | 372
PACZ | kNN_10 | 54 | 10 | 126337663176 | 0.0576178 | 130.994 | 0 | 510
PACZ | kNN_10 | 55 | 10 | 107801392980 | 0.0433127 | 130.994 | 0 | 377
PACZ | kNN_10 | 56 | 10 | 115697282925 | 0.0700156 | 130.994 | 0 | 609
PACZ | kNN_10 | 57 | 10 | 119270731203 | 0.0340144 | 130.994 | 0 | 274
PACZ | kNN_10 | 58 | 10 | 131615704857 | 0.0373522 | 130.994 | 0 | 334
PACZ | kNN_10 | 59 | 10 | 97624462104 | 0.0450611 | 130.994 | 0 | 441
PACZ | kNN_10 | 60 | 10 | 87378515172 | 0.0333786 | 130.994 | 0 | 327
PACZ | kNN_10 | 61 | 10 | 125377106250 | 0.0333786 | 130.994 | 0 | 307
PACZ | kNN_10 | 62 | 10 | 124062442086 | 0.0367165 | 130.994 | 0 | 303
PACZ | kNN_10 | 63 | 10 | 104323138995 | 0.0353654 | 130.994 | 0 | 339
PACZ | kNN_10 | 64 | 10 | 134110613847 | 0.0367165 | 130.994 | 0 | 289
PACZ | kNN_10 | 65 | 10 | 111953749254 | 0.0253518 | 130.994 | 0 | 239
PACZ | kNN_10 | 66 | 10 | 109802813370 | 0.0406901 | 130.994 | 0 | 390
PACZ | kNN_10 | 67 | 10 | 86833440345 | 0.018994 | 130.994 | 0 | 140
PACZ | kNN_10 | 68 | 10 | 102670153806 | 0.0393391 | 130.994 | 0 | 345
PACZ | kNN_10 | 69 | 10 | 101475776574 | 0.0350475 | 130.994 | 0 | 322
PACZ | kNN_10 | 70 | 10 | 85247342559 | 0.0553131 | 130.994 | 0 | 475
PACZ | kNN_10 | 71 | 10 | 138183497973 | 0.037988 | 130.994 | 0 | 253
PACZ | kNN_10 | 72 | 10 | 122280531981 | 0.0353654 | 130.994 | 0 | 241
PACZ | kNN_10 | 73 | 10 | 123288305619 | 0.0420411 | 130.994 | 0 | 322
PACZ | kNN_10 | 74 | 10 | 138580945473 | 0.022014 | 130.994 | 0 | 188
PACZ | kNN_10 | 75 | 10 | 140933494509 | 0.0283718 | 130.994 | 0 | 234
PACZ | kNN_10 | 76 | 10 | 59607980154 | 0.0267029 | 130.994 | 0 | 237
PACZ | kNN_10 | 77 | 10 | 149750688519 | 0.0546773 | 130.994 | 0 | 507
PACZ | kNN_10 | 78 | 10 | 102454176219 | 0.0273387 | 130.994 | 0 | 257
PACZ | kNN_10 | 79 | 10 | 120102115563 | 0.0352859 | 130.994 | 0 | 291
PACZ | kNN_10 | 80 | 10 | 126294203094 | 0.044028 | 130.994 | 0 | 412
PACZ | kNN_10 | 81 | 10 | 119782625517 | 0.0406901 | 130.994 | 0 | 334
PACZ | kNN_10 | 82 | 10 | 145420514943 | 0.0419617 | 130.994 | 0 | 341
PACZ | kNN_10 | 83 | 10 | 107801390763 | 0.041008 | 130.994 | 0 | 370
PACZ | kNN_10 | 84 | 10 | 76052094837 | 0.0223319 | 130.994 | 0 | 203
PACZ | kNN_10 | 85 | 10 | 125382149331 | 0.0266234 | 130.994 | 0 | 250
PACZ | kNN_10 | 86 | 10 | 140787828810 | 0.0460148 | 130.994 | 0 | 375
PACZ | kNN_10 | 87 | 10 | 130081009761 | 0.0449816 | 130.994 | 0 | 429
PACZ | kNN_10 | 88 | 10 | 119267491074 | 0.0332991 | 130.994 | 0 | 278
PACZ | kNN_10 | 89 | 10 | 126429418218 | 0.0383854 | 130.994 | 0 | 336
PACZ | kNN_10 | 90 | 10 | 139086137256 | 0.0229677 | 130.994 | 0 | 211
PACZ | kNN_10 | 91 | 10 | 123288438393 | 0.0426769 | 130.994 | 0 | 325
PACZ | kNN_10 | 92 | 10 | 129394505313 | 0.0510216 | 130.994 | 0 | 464
PACZ | kNN_10 | 93 | 10 | 95996205435 | 0.0313918 | 130.994 | 0 | 272
PACZ | kNN_10 | 94 | 10 | 126294066861 | 0.0543594 | 130.994 | 0 | 460
PACZ | kNN_10 | 95 | 10 | 128828342559 | 0.039657 | 130.994 | 0 | 383
PACZ | kNN_10 | 96 | 10 | 153272596245 | 0.0340144 | 130.994 | 0 | 250
PACZ | kNN_10 | 97 | 10 | 105614900964 | 0.015974 | 130.994 | 0 | 130
PACZ | kNN_10 | 98 | 10 | 66507578082 | 0.0646114 | 130.994 | 0 | 539
PACZ | kNN_10 | 99 | 10 | 102670150002 | 0.0370344 | 130.994 | 0 | 312
PACZ | kNN_100 | 0 | 100 | 1261152197421 | 0.276327 | 130.994 | 0 | 609
PACZ | kNN_100 | 1 | 100 | 1169385406338 | 0.301679 | 130.994 | 0 | 731
PACZ | kNN_100 | 2 | 100 | 1454751930117 | 0.373363 | 130.994 | 0 | 947
PACZ | kNN_100 | 3 | 100 | 744984990726 | 0.340621 | 130.994 | 0 | 918
PACZ | kNN_100 | 4 | 100 | 1381834911282 | 0.21561 | 130.994 | 0 | 479
PACZ | kNN_100 | 5 | 100 | 1254676271949 | 0.350634 | 130.994 | 0 | 823
PACZ | kNN_100 | 6 | 100 | 1024061623338 | 0.211636 | 130.994 | 0 | 555
PACZ | kNN_100 | 7 | 100 | 1369869487530 | 0.104268 | 130.994 | 0 | 213
PACZ | kNN_100 | 8 | 100 | 1220729092524 | 0.180642 | 130.994 | 0 | 401
PACZ | kNN_100 | 9 | 100 | 1350558150315 | 0.107288 | 130.994 | 0 | 225
PACZ | kNN_100 | 10 | 100 | 984575535651 | 0.37996 | 130.994 | 0 | 862
PACZ | kNN_100 | 11 | 100 | 1201185231777 | 0.388384 | 130.994 | 0 | 1083
PACZ | kNN_100 | 12 | 100 | 1200996037128 | 0.342687 | 130.994 | 0 | 816
PACZ | kNN_100 | 13 | 100 | 1561532785650 | 0.223955 | 130.994 | 0 | 663
PACZ | kNN_100 | 14 | 100 | 795471683310 | 0.273625 | 130.994 | 0 | 728
PACZ | kNN_100 | 15 | 100 | 1263677407482 | 0.314315 | 130.994 | 0 | 930
PACZ | kNN_100 | 16 | 100 | 1253770629462 | 0.190973 | 130.994 | 0 | 582
PACZ | kNN_100 | 17 | 100 | 1307195462853 | 0.190655 | 130.994 | 0 | 546
PACZ | kNN_100 | 18 | 100 | 1193499408024 | 0.192324 | 130.994 | 0 | 451
PACZ | kNN_100 | 19 | 100 | 1195253628516 | 0.33164 | 130.994 | 0 | 1015
PACZ | kNN_100 | 20 | 100 | 1231752950235 | 0.281652 | 130.994 | 0 | 950
PACZ | kNN_100 | 21 | 100 | 1217673367995 | 0.222286 | 130.994 | 0 | 535
PACZ | kNN_100 | 22 | 100 | 1098000581811 | 0.352303 | 130.994 | 0 | 956
PACZ | kNN_100 | 23 | 100 | 1243467386703 | 0.257333 | 130.994 | 0 | 789
PACZ | kNN_100 | 24 | 100 | 1192521346803 | 0.147978 | 130.994 | 0 | 402
PACZ | kNN_100 | 25 | 100 | 695533210584 | 0.195662 | 130.994 | 0 | 516
PACZ | kNN_100 | 26 | 100 | 1221121614540 | 0.170708 | 130.994 | 0 | 478
PACZ | kNN_100 | 27 | 100 | 1302266660544 | 0.226021 | 130.994 | 0 | 659
PACZ | kNN_100 | 28 | 100 | 1264297569366 | 0.247955 | 130.994 | 0 | 600
PACZ | kNN_100 | 29 | 100 | 440122198536 | 0.207663 | 130.994 | 0 | 571
PACZ | kNN_100 | 30 | 100 | 1267016283639 | 0.248353 | 130.994 | 0 | 786
PACZ | kNN_100 | 31 | 100 | 1454790238776 | 0.260592 | 130.994 | 0 | 660
PACZ | kNN_100 | 32 | 100 | 994879864110 | 0.209014 | 130.994 | 0 | 527
PACZ | kNN_100 | 33 | 100 | 1253843393082 | 0.245015 | 130.994 | 0 | 636
PACZ | kNN_100 | 34 | 100 | 1410026780958 | 0.197728 | 130.994 | 0 | 581
PACZ | kNN_100 | 35 | 100 | 1242306370023 | 0.23969 | 130.994 | 0 | 822
PACZ | kNN_100 | 36 | 100 | 1371631468863 | 0.238975 | 130.994 | 0 | 654
PACZ | kNN_100 | 37 | 100 | 1015897918605 | 0.174284 | 130.994 | 0 | 563
PACZ | kNN_100 | 38 | 100 | 1174319392653 | 0.142018 | 130.994 | 0 | 377
PACZ | kNN_100 | 39 | 100 | 1214626668834 | 0.49297 | 130.994 | 0 | 1234
PACZ | kNN_100 | 40 | 100 | 1399324700715 | 0.296354 | 130.994 | 0 | 899
PACZ | kNN_100 | 41 | 100 | 1059639130848 | 0.184695 | 130.994 | 0 | 530
PACZ | kNN_100 | 42 | 100 | 1300122620997 | 0.30605 | 130.994 | 0 | 890
PACZ | kNN_100 | 43 | 100 | 1458630705339 | 0.241995 | 130.994 | 0 | 785
PACZ | kNN_100 | 44 | 100 | 1458149888643 | 0.259399 | 130.994 | 0 | 841
PACZ | kNN_100 | 45 | 100 | 960655429194 | 0.231345 | 130.994 | 0 | 519
PACZ | kNN_100 | 46 | 100 | 1232949780138 | 0.223716 | 130.994 | 0 | 530
PACZ | kNN_100 | 47 | 100 | 1474190136858 | 0.237624 | 130.994 | 0 | 810
PACZ | kNN_100 | 48 | 100 | 1397702957406 | 0.195026 | 130.994 | 0 | 685
PACZ | kNN_100 | 49 | 100 | 1407782330541 | 0.259956 | 130.994 | 0 | 662
PACZ | kNN_100 | 50 | 100 | 1020367581966 | 0.142336 | 130.994 | 0 | 479
PACZ | kNN_100 | 51 | 100 | 1176313759044 | 0.280062 | 130.994 | 0 | 843
PACZ | kNN_100 | 52 | 100 | 1168944976080 | 0.220696 | 130.994 | 0 | 838
PACZ | kNN_100 | 53 | 100 | 974816123157 | 0.209332 | 130.994 | 0 | 670
PACZ | kNN_100 | 54 | 100 | 1263403950564 | 0.300646 | 130.994 | 0 | 991
PACZ | kNN_100 | 55 | 100 | 1087259982144 | 0.225941 | 130.994 | 0 | 720
PACZ | kNN_100 | 56 | 100 | 1150688229642 | 0.332355 | 130.994 | 0 | 1036
PACZ | kNN_100 | 57 | 100 | 1192620808080 | 0.160297 | 130.994 | 0 | 452
PACZ | kNN_100 | 58 | 100 | 1288906063233 | 0.201305 | 130.994 | 0 | 648
PACZ | kNN_100 | 59 | 100 | 1186558003692 | 0.238975 | 130.994 | 0 | 802
PACZ | kNN_100 | 60 | 100 | 910054982316 | 0.188351 | 130.994 | 0 | 593
PACZ | kNN_100 | 61 | 100 | 1253770772235 | 0.162284 | 130.994 | 0 | 566
PACZ | kNN_100 | 62 | 100 | 1192630165962 | 0.216325 | 130.994 | 0 | 696
PACZ | kNN_100 | 63 | 100 | 1043231408664 | 0.187635 | 130.994 | 0 | 691
PACZ | kNN_100 | 64 | 100 | 1309615159188 | 0.178337 | 130.994 | 0 | 530
PACZ | kNN_100 | 65 | 100 | 1119537610086 | 0.1297 | 130.994 | 0 | 401
PACZ | kNN_100 | 66 | 100 | 1097791273950 | 0.210683 | 130.994 | 0 | 713
PACZ | kNN_100 | 67 | 100 | 878896256187 | 0.115712 | 130.994 | 0 | 345
PACZ | kNN_100 | 68 | 100 | 1026356421204 | 0.229677 | 130.994 | 0 | 717
PACZ | kNN_100 | 69 | 100 | 1099281454311 | 0.185013 | 130.994 | 0 | 652
PACZ | kNN_100 | 70 | 100 | 1188167436942 | 0.274976 | 130.994 | 0 | 928
PACZ | kNN_100 | 71 | 100 | 1383993552117 | 0.164032 | 130.994 | 0 | 524
PACZ | kNN_100 | 72 | 100 | 1077834721827 | 0.160694 | 130.994 | 0 | 459
PACZ | kNN_100 | 73 | 100 | 1232883857547 | 0.224034 | 130.994 | 0 | 649
PACZ | kNN_100 | 74 | 100 | 1382117195949 | 0.100374 | 130.994 | 0 | 291
PACZ | kNN_100 | 75 | 100 | 1087304984013 | 0.181993 | 130.994 | 0 | 446
PACZ | kNN_100 | 76 | 100 | 726868491801 | 0.168324 | 130.994 | 0 | 454
PACZ | kNN_100 | 77 | 100 | 1315567129242 | 0.353018 | 130.994 | 0 | 923
PACZ | kNN_100 | 78 | 100 | 922294879716 | 0.156641 | 130.994 | 0 | 483
PACZ | kNN_100 | 79 | 100 | 1201021144959 | 0.199397 | 130.994 | 0 | 588
PACZ | kNN_100 | 80 | 100 | 1262955760062 | 0.228326 | 130.994 | 0 | 830
PACZ | kNN_100 | 81 | 100 | 1197825568956 | 0.189622 | 130.994 | 0 | 556
PACZ | kNN_100 | 82 | 100 | 1454205146166 | 0.192642 | 130.994 | 0 | 604
PACZ | kNN_100 | 83 | 100 | 1077721832610 | 0.224352 | 130.994 | 0 | 710
PACZ | kNN_100 | 84 | 100 | 944618361336 | 0.124296 | 130.994 | 0 | 381
PACZ | kNN_100 | 85 | 100 | 1265761426881 | 0.162999 | 130.994 | 0 | 487
PACZ | kNN_100 | 86 | 100 | 1407878368242 | 0.254313 | 130.994 | 0 | 615
PACZ | kNN_100 | 87 | 100 | 1294664870661 | 0.271718 | 130.994 | 0 | 810
PACZ | kNN_100 | 88 | 100 | 1192733785020 | 0.238021 | 130.994 | 0 | 477
PACZ | kNN_100 | 89 | 100 | 1264295140398 | 0.220617 | 130.994 | 0 | 661
PACZ | kNN_100 | 90 | 100 | 1390861557036 | 0.138998 | 130.994 | 0 | 422
PACZ | kNN_100 | 91 | 100 | 1233715448055 | 0.262976 | 130.994 | 0 | 618
PACZ | kNN_100 | 92 | 100 | 1258977027066 | 0.326316 | 130.994 | 0 | 880
PACZ | kNN_100 | 93 | 100 | 959962063671 | 0.224988 | 130.994 | 0 | 519
PACZ | kNN_100 | 94 | 100 | 1262940423522 | 0.275612 | 130.994 | 0 | 930
PACZ | kNN_100 | 95 | 100 | 1342976517726 | 0.228643 | 130.994 | 0 | 704
PACZ | kNN_100 | 96 | 100 | 1138091830917 | 0.137011 | 130.994 | 0 | 418
PACZ | kNN_100 | 97 | 100 | 923595323505 | 0.0689824 | 130.994 | 0 | 204
PACZ | kNN_100 | 98 | 100 | 959702043654 | 0.330369 | 130.994 | 0 | 990
PACZ | kNN_100 | 99 | 100 | 1076550373563 | 0.177304 | 130.994 | 0 | 577
