Algo | QType | QID | Count | Hash | Time_ms | Mem_Tree_MB | Mem_Delta_MB | Nodes
PACZ | Range_Small | 0 | 1696 | 20909674973613 | 0.0340144 | 92.5538 | 0 | 417
PACZ | Range_Small | 1 | 1262 | 15616866191547 | 0.0236034 | 92.5538 | 0 | 335
PACZ | Range_Small | 2 | 4119 | 56230809177159 | 0.0452995 | 92.5538 | 0 | 599
PACZ | Range_Small | 3 | 2272 | 28540866200643 | 0.0302792 | 92.5538 | 0 | 487
PACZ | Range_Small | 4 | 695 | 7739787972348 | 0.015974 | 92.5538 | 0 | 273
PACZ | Range_Small | 5 | 621 | 8291335729239 | 0.0150204 | 92.5538 | 0 | 303
PACZ | Range_Small | 6 | 630 | 6835434070851 | 0.0120004 | 92.5538 | 0 | 259
PACZ | Range_Small | 7 | 1566 | 21991032930231 | 0.0249545 | 92.5538 | 0 | 433
PACZ | Range_Small | 8 | 2319 | 28465601215233 | 0.0310739 | 92.5538 | 0 | 497
PACZ | Range_Small | 9 | 15 | 220468085880 | 0.0046889 | 92.5538 | 0 | 155
PACZ | Range_Small | 10 | 3016 | 37856178106509 | 0.0429948 | 92.5538 | 0 | 653
PACZ | Range_Small | 11 | 3572 | 43758964985730 | 0.0376701 | 92.5538 | 0 | 557
PACZ | Range_Small | 12 | 4053 | 49127563157037 | 0.0437101 | 92.5538 | 0 | 713
PACZ | Range_Small | 13 | 6632 | 81540697322949 | 0.0830491 | 92.5538 | 0 | 971
PACZ | Range_Small | 14 | 86 | 490281076875 | 0.00667572 | 92.5538 | 0 | 199
PACZ | Range_Small | 15 | 534 | 7328920174044 | 0.0127157 | 92.5538 | 0 | 211
PACZ | Range_Small | 16 | 4389 | 39722855152326 | 0.0429948 | 92.5538 | 0 | 583
PACZ | Range_Small | 17 | 2921 | 34739944816713 | 0.0333786 | 92.5538 | 0 | 491
PACZ | Range_Small | 18 | 3472 | 43324246743237 | 0.0543594 | 92.5538 | 0 | 651
PACZ | Range_Small | 19 | 1916 | 30418348653492 | 0.0293255 | 92.5538 | 0 | 401
PACZ | Range_Small | 20 | 770 | 10054875941049 | 0.0149409 | 92.5538 | 0 | 301
PACZ | Range_Small | 21 | 490 | 5789120235558 | 0.0100136 | 92.5538 | 0 | 203
PACZ | Range_Small | 22 | 288 | 3150902542017 | 0.0073115 | 92.5538 | 0 | 185
PACZ | Range_Small | 23 | 1344 | 8688182014644 | 0.0206629 | 92.5538 | 0 | 339
PACZ | Range_Small | 24 | 450 | 6318399517470 | 0.0150204 | 92.5538 | 0 | 331
PACZ | Range_Small | 25 | 579 | 5188033083228 | 0.0206629 | 92.5538 | 0 | 351
PACZ | Range_Small | 26 | 66 | 903029921940 | 0.00532468 | 92.5538 | 0 | 157
PACZ | Range_Small | 27 | 501 | 5886822169041 | 0.0123183 | 92.5538 | 0 | 283
PACZ | Range_Small | 28 | 218 | 3185986106280 | 0.0120004 | 92.5538 | 0 | 199
PACZ | Range_Small | 29 | 214 | 2277600065646 | 0.00866254 | 92.5538 | 0 | 223
PACZ | Range_Small | 30 | 219 | 2916651811761 | 0.00699361 | 92.5538 | 0 | 199
PACZ | Range_Small | 31 | 100 | 1253823272241 | 0.00667572 | 92.5538 | 0 | 197
PACZ | Range_Small | 32 | 226 | 3138616495149 | 0.0106494 | 92.5538 | 0 | 175
PACZ | Range_Small | 33 | 1322 | 18573400403085 | 0.022014 | 92.5538 | 0 | 377
PACZ | Range_Small | 34 | 232 | 2740263849849 | 0.00564257 | 92.5538 | 0 | 181
PACZ | Range_Small | 35 | 2318 | 28102941752175 | 0.0336965 | 92.5538 | 0 | 485
PACZ | Range_Small | 36 | 4213 | 50444619643458 | 0.0623067 | 92.5538 | 0 | 673
PACZ | Range_Small | 37 | 369 | 4628290860405 | 0.00929832 | 92.5538 | 0 | 233
PACZ | Range_Small | 38 | 699 | 7318296225426 | 0.0163714 | 92.5538 | 0 | 253
PACZ | Range_Small | 39 | 250 | 2670444998598 | 0.0100136 | 92.5538 | 0 | 155
PACZ | Range_Small | 40 | 31 | 219741846750 | 0.00500679 | 92.5538 | 0 | 159
PACZ | Range_Small | 41 | 1579 | 16324127548587 | 0.0303586 | 92.5538 | 0 | 397
PACZ | Range_Small | 42 | 1128 | 11568530366448 | 0.0240008 | 92.5538 | 0 | 353
PACZ | Range_Small | 43 | 1206 | 16449541800771 | 0.0236829 | 92.5538 | 0 | 309
PACZ | Range_Small | 44 | 1312 | 13577352499251 | 0.0223319 | 92.5538 | 0 | 381
PACZ | Range_Small | 45 | 1568 | 18371755127118 | 0.0270208 | 92.5538 | 0 | 399
PACZ | Range_Small | 46 | 610 | 7696557233661 | 0.0143846 | 92.5538 | 0 | 249
PACZ | Range_Small | 47 | 3231 | 40641087010869 | 0.0536442 | 92.5538 | 0 | 577
PACZ | Range_Small | 48 | 1718 | 27276481854837 | 0.0259876 | 92.5538 | 0 | 395
PACZ | Range_Small | 49 | 2161 | 22260901405179 | 0.0326633 | 92.5538 | 0 | 421
PACZ | Range_Small | 50 | 1056 | 12495970364295 | 0.0240008 | 92.5538 | 0 | 309
PACZ | Range_Small | 51 | 262 | 3644434608198 | 0.0116825 | 92.5538 | 0 | 189
PACZ | Range_Small | 52 | 106 | 727651180599 | 0.00699361 | 92.5538 | 0 | 195
PACZ | Range_Small | 53 | 53 | 402231025716 | 0.00500679 | 92.5538 | 0 | 181
PACZ | Range_Small | 54 | 849 | 11629680820035 | 0.0162919 | 92.5538 | 0 | 295
PACZ | Range_Small | 55 | 1234 | 14223376596852 | 0.0323455 | 92.5538 | 0 | 351
PACZ | Range_Small | 56 | 864 | 10333479284655 | 0.0180403 | 92.5538 | 0 | 281
PACZ | Range_Small | 57 | 1150 | 13694893054359 | 0.0170072 | 92.5538 | 0 | 325
PACZ | Range_Small | 58 | 19370 | 232923106997799 | 0.298341 | 92.5538 | 0 | 2247
PACZ | Range_Small | 59 | 108 | 1173163424532 | 0.00635783 | 92.5538 | 0 | 177
PACZ | Range_Small | 60 | 86 | 1181075528067 | 0.0116825 | 92.5538 | 0 | 191
PACZ | Range_Small | 61 | 826 | 9705008289663 | 0.0223319 | 92.5538 | 0 | 303
PACZ | Range_Small | 62 | 1777 | 18281637295395 | 0.0236829 | 92.5538 | 0 | 381
PACZ | Range_Small | 63 | 891 | 10672465850406 | 0.0139872 | 92.5538 | 0 | 289
PACZ | Range_Small | 64 | 1885 | 22598398612359 | 0.0273387 | 92.5538 | 0 | 397
PACZ | Range_Small | 65 | 966 | 10253600499333 | 0.0183582 | 92.5538 | 0 | 337
PACZ | Range_Small | 66 | 1105 | 15027007267800 | 0.0160535 | 92.5538 | 0 | 271
PACZ | Range_Small | 67 | 457 | 6423444296496 | 0.0120004 | 92.5538 | 0 | 249
PACZ | Range_Small | 68 | 780 | 9404329272837 | 0.0143051 | 92.5538 | 0 | 283
PACZ | Range_Small | 69 | 51 | 601011212952 | 0.00627836 | 92.5538 | 0 | 183
PACZ | Range_Small | 70 | 2037 | 24887017233615 | 0.0286102 | 92.5538 | 0 | 451
PACZ | Range_Small | 71 | 569 | 7384060897176 | 0.0120004 | 92.5538 | 0 | 263
PACZ | Range_Small | 72 | 229 | 2435338920264 | 0.00770887 | 92.5538 | 0 | 199
PACZ | Range_Small | 73 | 743 | 8371251990291 | 0.0139872 | 92.5538 | 0 | 279
PACZ | Range_Small | 74 | 1081 | 14745107135610 | 0.0206629 | 92.5538 | 0 | 341
PACZ | Range_Small | 75 | 2214 | 27295062908784 | 0.0320276 | 92.5538 | 0 | 407
PACZ | Range_Small | 76 | 1081 | 12838447654614 | 0.017643 | 92.5538 | 0 | 321
PACZ | Range_Small | 77 | 5701 | 71331476204865 | 0.0633399 | 92.5538 | 0 | 803
PACZ | Range_Small | 78 | 152 | 1026727287219 | 0.00739098 | 92.5538 | 0 | 183
PACZ | Range_Small | 79 | 258 | 3077063718810 | 0.0100136 | 92.5538 | 0 | 237
PACZ | Range_Small | 80 | 769 | 9208108581399 | 0.0106494 | 92.5538 | 0 | 239
PACZ | Range_Small | 81 | 566 | 7099750108662 | 0.00961622 | 92.5538 | 0 | 233
PACZ | Range_Small | 82 | 74 | 882785121621 | 0.00429153 | 92.5538 | 0 | 165
PACZ | Range_Small | 83 | 635 | 7538304551796 | 0.0133514 | 92.5538 | 0 | 259
PACZ | Range_Small | 84 | 89 | 801971055633 | 0.00707308 | 92.5538 | 0 | 213
PACZ | Range_Small | 85 | 506 | 5916971039046 | 0.0123183 | 92.5538 | 0 | 303
PACZ | Range_Small | 86 | 3514 | 43671400558521 | 0.0372728 | 92.5538 | 0 | 557
PACZ | Range_Small | 87 | 740 | 8471250197832 | 0.0153383 | 92.5538 | 0 | 271
PACZ | Range_Small | 88 | 11038 | 136760452572021 | 0.1297 | 92.5538 | 0 | 1487
PACZ | Range_Small | 89 | 91 | 942481257939 | 0.00437101 | 92.5538 | 0 | 131
PACZ | Range_Small | 90 | 1571 | 15948666835341 | 0.0206629 | 92.5538 | 0 | 341
PACZ | Range_Small | 91 | 4914 | 61733042371224 | 0.0573794 | 92.5538 | 0 | 773
PACZ | Range_Small | 92 | 97 | 1390050922458 | 0.00667572 | 92.5538 | 0 | 183
PACZ | Range_Small | 93 | 1594 | 18928543032828 | 0.0206629 | 92.5538 | 0 | 381
PACZ | Range_Small | 94 | 169 | 780715041915 | 0.00667572 | 92.5538 | 0 | 173
PACZ | Range_Small | 95 | 591 | 6495540070800 | 0.0149409 | 92.5538 | 0 | 325
PACZ | Range_Small | 96 | 754 | 9105990117342 | 0.0123183 | 92.5538 | 0 | 275
PACZ | Range_Small | 97 | 1604 | 19959446598804 | 0.0260671 | 92.5538 | 0 | 463
PACZ | Range_Small | 98 | 198 | 2117580563985 | 0.00699361 | 92.5538 | 0 | 189
PACZ | Range_Small | 99 | 153 | 990241004274 | 0.00667572 | 92.5538 | 0 | 195
PACZ | Range_Medium | 0 | 5598 | 69501741163347 | 0.0712872 | 92.5538 | 0 | 771
PACZ | Range_Medium | 1 | 15716 | 199472761179897 | 0.187953 | 92.5538 | 0 | 1653
PACZ | Range_Medium | 2 | 6476 | 53048854441092 | 0.0873407 | 92.5538 | 0 | 789
PACZ | Range_Medium | 3 | 29797 | 310298347608042 | 0.382026 | 92.5538 | 0 | 2953
PACZ | Range_Medium | 4 | 16403 | 178893319241310 | 0.17333 | 92.5538 | 0 | 1783
PACZ | Range_Medium | 5 | 45977 | 501218548343907 | 0.490348 | 92.5538 | 0 | 4163
PACZ | Range_Medium | 6 | 94401 | 1120586732078634 | 1.13734 | 92.5538 | 0 | 8749
PACZ | Range_Medium | 7 | 21979 | 265284426573708 | 0.210047 | 92.5538 | 0 | 2229
PACZ | Range_Medium | 8 | 76632 | 864813526048053 | 0.809352 | 92.5538 | 0 | 6923
PACZ | Range_Medium | 9 | 5062 | 57309700915626 | 0.0560284 | 92.5538 | 0 | 741
PACZ | Range_Medium | 10 | 48606 | 510028684282722 | 0.512679 | 92.5538 | 0 | 4369
PACZ | Range_Medium | 11 | 58098 | 679704973511586 | 0.595649 | 92.5538 | 0 | 5239
PACZ | Range_Medium | 12 | 4749 | 38782330874007 | 0.0566641 | 92.5538 | 0 | 717
PACZ | Range_Medium | 13 | 92994 | 1110664722222252 | 1.0647 | 92.5538 | 0 | 8643
PACZ | Range_Medium | 14 | 245 | 1791392468853 | 0.0103315 | 92.5538 | 0 | 189
PACZ | Range_Medium | 15 | 23878 | 286014530777526 | 0.259717 | 92.5538 | 0 | 2471
PACZ | Range_Medium | 16 | 52719 | 627247031137680 | 0.624657 | 92.5538 | 0 | 4729
PACZ | Range_Medium | 17 | 12863 | 148656637114662 | 0.136296 | 92.5538 | 0 | 1503
PACZ | Range_Medium | 18 | 14528 | 186018568663158 | 0.150601 | 92.5538 | 0 | 1479
PACZ | Range_Medium | 19 | 6061 | 75631830969633 | 0.0646909 | 92.5538 | 0 | 703
PACZ | Range_Medium | 20 | 21628 | 258455363599008 | 0.244697 | 92.5538 | 0 | 2397
PACZ | Range_Medium | 21 | 33953 | 379466840662455 | 0.360012 | 92.5538 | 0 | 3311
PACZ | Range_Medium | 22 | 40948 | 455260577409435 | 0.407298 | 92.5538 | 0 | 3847
PACZ | Range_Medium | 23 | 11524 | 136918903492680 | 0.125329 | 92.5538 | 0 | 1337
PACZ | Range_Medium | 24 | 29435 | 308890953338382 | 0.307957 | 92.5538 | 0 | 2923
PACZ | Range_Medium | 25 | 31183 | 370773797759220 | 0.326316 | 92.5538 | 0 | 3033
PACZ | Range_Medium | 26 | 29383 | 363289683279405 | 0.325044 | 92.5538 | 0 | 3011
PACZ | Range_Medium | 27 | 20616 | 265090838172336 | 0.221729 | 92.5538 | 0 | 2205
PACZ | Range_Medium | 28 | 7113 | 78886566795384 | 0.0900428 | 92.5538 | 0 | 975
PACZ | Range_Medium | 29 | 13649 | 179861856357015 | 0.137647 | 92.5538 | 0 | 1343
PACZ | Range_Medium | 30 | 29710 | 332724397061982 | 0.361284 | 92.5538 | 0 | 3001
PACZ | Range_Medium | 31 | 34982 | 413921665798524 | 0.378291 | 92.5538 | 0 | 3151
PACZ | Range_Medium | 32 | 43277 | 566900282133702 | 0.403325 | 92.5538 | 0 | 3813
PACZ | Range_Medium | 33 | 28630 | 299855507134764 | 0.298023 | 92.5538 | 0 | 2821
PACZ | Range_Medium | 34 | 34199 | 425529533690790 | 0.341972 | 92.5538 | 0 | 3147
PACZ | Range_Medium | 35 | 96587 | 1147688528982243 | 1.22595 | 92.5538 | 0 | 9091
PACZ | Range_Medium | 36 | 10507 | 137647477684767 | 0.11762 | 92.5538 | 0 | 1311
PACZ | Range_Medium | 37 | 15390 | 170956170129765 | 0.164668 | 92.5538 | 0 | 1637
PACZ | Range_Medium | 38 | 75816 | 806725139065488 | 0.881672 | 92.5538 | 0 | 6703
PACZ | Range_Medium | 39 | 12568 | 149172503345169 | 0.136614 | 92.5538 | 0 | 1449
PACZ | Range_Medium | 40 | 42239 | 562940485269600 | 0.455936 | 92.5538 | 0 | 3747
PACZ | Range_Medium | 41 | 92043 | 1090738836174258 | 1.16968 | 92.5538 | 0 | 8645
PACZ | Range_Medium | 42 | 27394 | 285106114469241 | 0.284274 | 92.5538 | 0 | 2733
PACZ | Range_Medium | 43 | 93504 | 1109548145584290 | 1.12732 | 92.5538 | 0 | 8715
PACZ | Range_Medium | 44 | 33341 | 439913738956041 | 0.356992 | 92.5538 | 0 | 3123
PACZ | Range_Medium | 45 | 51834 | 605443021877226 | 0.627995 | 92.5538 | 0 | 5011
PACZ | Range_Medium | 46 | 30532 | 320764887528207 | 0.316699 | 92.5538 | 0 | 2923
PACZ | Range_Medium | 47 | 17986 | 198340494795363 | 0.217676 | 92.5538 | 0 | 2035
PACZ | Range_Medium | 48 | 2182 | 27142716040386 | 0.0276566 | 92.5538 | 0 | 331
PACZ | Range_Medium | 49 | 3193 | 39416008486530 | 0.0413259 | 92.5538 | 0 | 535
PACZ | Range_Medium | 50 | 2985 | 18667528659882 | 0.0397364 | 92.5538 | 0 | 455
PACZ | Range_Medium | 51 | 1 | 6972305205 | 0.00135104 | 92.5538 | 0 | 41
PACZ | Range_Medium | 52 | 9005 | 105115293291699 | 0.112057 | 92.5538 | 0 | 1179
PACZ | Range_Medium | 53 | 10523 | 125141020545009 | 0.120004 | 92.5538 | 0 | 1205
PACZ | Range_Medium | 54 | 51817 | 549001560665655 | 0.596285 | 92.5538 | 0 | 4809
PACZ | Range_Medium | 55 | 25650 | 335014418741736 | 0.298977 | 92.5538 | 0 | 2779
PACZ | Range_Medium | 56 | 33679 | 417648212104431 | 0.368357 | 92.5538 | 0 | 3225
PACZ | Range_Medium | 57 | 3366 | 43285262103864 | 0.0426769 | 92.5538 | 0 | 503
PACZ | Range_Medium | 58 | 37948 | 417636603605229 | 0.411987 | 92.5538 | 0 | 3515
PACZ | Range_Medium | 59 | 32951 | 354824381115972 | 0.369708 | 92.5538 | 0 | 3179
PACZ | Range_Medium | 60 | 40759 | 462638859117744 | 0.469287 | 92.5538 | 0 | 3875
PACZ | Range_Medium | 61 | 23156 | 270222367007148 | 0.255346 | 92.5538 | 0 | 2347
PACZ | Range_Medium | 62 | 9234 | 107184373421781 | 0.109275 | 92.5538 | 0 | 1099
PACZ | Range_Medium | 63 | 19913 | 222148796586894 | 0.212351 | 92.5538 | 0 | 1999
PACZ | Range_Medium | 64 | 95243 | 1133189260923420 | 1.24272 | 92.5538 | 0 | 8797
PACZ | Range_Medium | 65 | 5799 | 71579799996954 | 0.0720024 | 92.5538 | 0 | 787
PACZ | Range_Medium | 66 | 14225 | 188736379173312 | 0.181993 | 92.5538 | 0 | 1679
PACZ | Range_Medium | 67 | 3909 | 29859627235032 | 0.0486374 | 92.5538 | 0 | 547
PACZ | Range_Medium | 68 | 9907 | 117184728520299 | 0.114997 | 92.5538 | 0 | 1225
PACZ | Range_Medium | 69 | 54042 | 739346264259780 | 0.612656 | 92.5538 | 0 | 4713
PACZ | Range_Medium | 70 | 95472 | 1135042160634675 | 1.17699 | 92.5538 | 0 | 8843
PACZ | Range_Medium | 71 | 74197 | 886798654670721 | 0.898997 | 92.5538 | 0 | 7255
PACZ | Range_Medium | 72 | 10577 | 125803691462298 | 0.113646 | 92.5538 | 0 | 1163
PACZ | Range_Medium | 73 | 11560 | 135021048581586 | 0.12668 | 92.5538 | 0 | 1297
PACZ | Range_Medium | 74 | 5396 | 42933261640686 | 0.0660419 | 92.5538 | 0 | 639
PACZ | Range_Medium | 75 | 17737 | 213679850367624 | 0.187715 | 92.5538 | 0 | 1913
PACZ | Range_Medium | 76 | 42087 | 565887582600105 | 0.456651 | 92.5538 | 0 | 3805
PACZ | Range_Medium | 77 | 37813 | 449354942286876 | 0.400702 | 92.5538 | 0 | 3491
PACZ | Range_Medium | 78 | 19528 | 238494360334296 | 0.218312 | 92.5538 | 0 | 2015
PACZ | Range_Medium | 79 | 31129 | 366541390956873 | 0.362317 | 92.5538 | 0 | 3161
PACZ | Range_Medium | 80 | 91119 | 1078329845888328 | 1.15569 | 92.5538 | 0 | 8531
PACZ | Range_Medium | 81 | 95308 | 1133641928391252 | 1.11699 | 92.5538 | 0 | 8865
PACZ | Range_Medium | 82 | 29898 | 311878109041230 | 0.333309 | 92.5538 | 0 | 2921
PACZ | Range_Medium | 83 | 25005 | 275908002003126 | 0.276009 | 92.5538 | 0 | 2443
PACZ | Range_Medium | 84 | 31336 | 419617677977424 | 0.336329 | 92.5538 | 0 | 2977
PACZ | Range_Medium | 85 | 4248 | 54975035406513 | 0.0519753 | 92.5538 | 0 | 611
PACZ | Range_Medium | 86 | 12390 | 144525996262488 | 0.1417 | 92.5538 | 0 | 1457
PACZ | Range_Medium | 87 | 38337 | 422573452031907 | 0.43567 | 92.5538 | 0 | 3521
PACZ | Range_Medium | 88 | 6560 | 83656649140509 | 0.0800292 | 92.5538 | 0 | 837
PACZ | Range_Medium | 89 | 95096 | 1132695727047699 | 1.23596 | 92.5538 | 0 | 8851
PACZ | Range_Medium | 90 | 21370 | 246698471154168 | 0.233014 | 92.5538 | 0 | 2289
PACZ | Range_Medium | 91 | 62388 | 651441472276926 | 0.716289 | 92.5538 | 0 | 5599
PACZ | Range_Medium | 92 | 85445 | 1014479147763927 | 1.09394 | 92.5538 | 0 | 8161
PACZ | Range_Medium | 93 | 11533 | 149951354348025 | 0.128667 | 92.5538 | 0 | 1361
PACZ | Range_Medium | 94 | 1115 | 8170205941095 | 0.018994 | 92.5538 | 0 | 287
PACZ | Range_Medium | 95 | 17527 | 218499947831376 | 0.189702 | 92.5538 | 0 | 1853
PACZ | Range_Medium | 96 | 3146 | 40384667520813 | 0.0380675 | 92.5538 | 0 | 449
PACZ | Range_Medium | 97 | 24244 | 285089364994002 | 0.267665 | 92.5538 | 0 | 2375
PACZ | Range_Medium | 98 | 48590 | 581354676946950 | 0.585318 | 92.5538 | 0 | 4349
PACZ | Range_Medium | 99 | 22982 | 266863578807660 | 0.244935 | 92.5538 | 0 | 2237
PACZ | Range_Large | 0 | 546052 | 6421248348029307 | 6.66269 | 92.5538 | 0 | 45577
PACZ | Range_Large | 1 | 608528 | 7223180517883386 | 7.57798 | 92.5538 | 0 | 50831
PACZ | Range_Large | 2 | 467184 | 5614578139198089 | 5.71934 | 92.5538 | 0 | 39061
PACZ | Range_Large | 3 | 544259 | 6498908626052412 | 6.72666 | 92.5538 | 0 | 45279
PACZ | Range_Large | 4 | 407601 | 4787223649496238 | 5.03198 | 92.5538 | 0 | 33583
PACZ | Range_Large | 5 | 449434 | 5248353997754697 | 5.39438 | 92.5538 | 0 | 36949
PACZ | Range_Large | 6 | 444313 | 5191495522945203 | 5.45096 | 92.5538 | 0 | 36609
PACZ | Range_Large | 7 | 709675 | 8367801352509381 | 8.81306 | 92.5538 | 0 | 58735
PACZ | Range_Large | 8 | 433335 | 5076415967105943 | 5.48267 | 92.5538 | 0 | 35737
PACZ | Range_Large | 9 | 452798 | 5285595029948013 | 5.53401 | 92.5538 | 0 | 37173
PACZ | Range_Large | 10 | 461168 | 5522272315487070 | 5.87002 | 92.5538 | 0 | 38567
PACZ | Range_Large | 11 | 414507 | 4863876647000226 | 5.16963 | 92.5538 | 0 | 34265
PACZ | Range_Large | 12 | 330434 | 3772935079534533 | 3.98866 | 92.5538 | 0 | 27235
PACZ | Range_Large | 13 | 441326 | 5151503407768812 | 5.30664 | 92.5538 | 0 | 36323
PACZ | Range_Large | 14 | 544106 | 6504267242164761 | 6.71061 | 92.5538 | 0 | 45237
PACZ | Range_Large | 15 | 682845 | 8051496884086842 | 8.56868 | 92.5538 | 0 | 56623
PACZ | Range_Large | 16 | 426930 | 5004145568560614 | 5.30005 | 92.5538 | 0 | 35179
PACZ | Range_Large | 17 | 453637 | 5300587481837625 | 5.69002 | 92.5538 | 0 | 37271
PACZ | Range_Large | 18 | 455378 | 5479735275953409 | 5.70901 | 92.5538 | 0 | 38039
PACZ | Range_Large | 19 | 693104 | 8179515179460465 | 8.76133 | 92.5538 | 0 | 57299
PACZ | Range_Large | 20 | 540932 | 6466077752009091 | 6.80065 | 92.5538 | 0 | 45043
PACZ | Range_Large | 21 | 322291 | 3658660432796637 | 3.98668 | 92.5538 | 0 | 26459
PACZ | Range_Large | 22 | 468844 | 5613813175938801 | 5.76003 | 92.5538 | 0 | 39145
PACZ | Range_Large | 23 | 407984 | 4764276858198765 | 5.02968 | 92.5538 | 0 | 33521
PACZ | Range_Large | 24 | 447316 | 5217635823521064 | 5.43062 | 92.5538 | 0 | 36787
PACZ | Range_Large | 25 | 444179 | 5189917491331746 | 5.43094 | 92.5538 | 0 | 36465
PACZ | Range_Large | 26 | 547663 | 6547642939754910 | 6.70298 | 92.5538 | 0 | 45505
PACZ | Range_Large | 27 | 451286 | 5268989946555372 | 5.5813 | 92.5538 | 0 | 37063
PACZ | Range_Large | 28 | 447725 | 5227714383339090 | 5.56064 | 92.5538 | 0 | 36783
PACZ | Range_Large | 29 | 689934 | 8134846059926760 | 8.63004 | 92.5538 | 0 | 57043
PACZ | Range_Large | 30 | 460313 | 5533554276722589 | 5.66332 | 92.5538 | 0 | 38305
PACZ | Range_Large | 31 | 543501 | 6501211379729838 | 6.646 | 92.5538 | 0 | 45283
PACZ | Range_Large | 32 | 537936 | 6332486126727960 | 6.68295 | 92.5538 | 0 | 44871
PACZ | Range_Large | 33 | 637650 | 7507224124336512 | 7.93266 | 92.5538 | 0 | 53307
PACZ | Range_Large | 34 | 592738 | 6976678146873855 | 7.39233 | 92.5538 | 0 | 49289
PACZ | Range_Large | 35 | 700159 | 8258167031292081 | 8.77372 | 92.5538 | 0 | 57983
PACZ | Range_Large | 36 | 730416 | 8580668794658709 | 9.13302 | 92.5538 | 0 | 60409
PACZ | Range_Large | 37 | 391073 | 4563346654033764 | 4.94138 | 92.5538 | 0 | 32449
PACZ | Range_Large | 38 | 471414 | 5644700980763688 | 5.81471 | 92.5538 | 0 | 39377
PACZ | Range_Large | 39 | 551433 | 6583057278328653 | 6.91398 | 92.5538 | 0 | 45967
PACZ | Range_Large | 40 | 398621 | 4568807716534992 | 5.09739 | 92.5538 | 0 | 34271
PACZ | Range_Large | 41 | 705399 | 8303666178002682 | 8.79463 | 92.5538 | 0 | 58373
PACZ | Range_Large | 42 | 666642 | 7886326372212741 | 8.27901 | 92.5538 | 0 | 55351
PACZ | Range_Large | 43 | 510894 | 6122565382453173 | 6.39629 | 92.5538 | 0 | 42599
PACZ | Range_Large | 44 | 610538 | 7247935764702522 | 7.48563 | 92.5538 | 0 | 50647
PACZ | Range_Large | 45 | 548374 | 6554989957491420 | 6.71538 | 92.5538 | 0 | 45533
PACZ | Range_Large | 46 | 449461 | 5397714475437636 | 5.45597 | 92.5538 | 0 | 37455
PACZ | Range_Large | 47 | 552733 | 6512570776978998 | 6.85938 | 92.5538 | 0 | 46021
PACZ | Range_Large | 48 | 572450 | 6732815814472884 | 7.08334 | 92.5538 | 0 | 47829
PACZ | Range_Large | 49 | 456753 | 5363684306087265 | 5.61698 | 92.5538 | 0 | 37975
PACZ | Range_Large | 50 | 480849 | 5771702489070021 | 5.81972 | 92.5538 | 0 | 40141
PACZ | Range_Large | 51 | 542864 | 6488318552975646 | 6.67636 | 92.5538 | 0 | 45177
PACZ | Range_Large | 52 | 420804 | 4939298092382595 | 4.99098 | 92.5538 | 0 | 34637
PACZ | Range_Large | 53 | 505444 | 6065465913935073 | 6.34607 | 92.5538 | 0 | 42141
PACZ | Range_Large | 54 | 480124 | 5756545766898330 | 5.87662 | 92.5538 | 0 | 40015
PACZ | Range_Large | 55 | 508850 | 6091412014252134 | 6.3494 | 92.5538 | 0 | 42391
PACZ | Range_Large | 56 | 423603 | 4972858611988827 | 5.21763 | 92.5538 | 0 | 34861
PACZ | Range_Large | 57 | 420476 | 4926965326177668 | 5.11265 | 92.5538 | 0 | 34499
PACZ | Range_Large | 58 | 539791 | 6452625232665804 | 6.7397 | 92.5538 | 0 | 44851
PACZ | Range_Large | 59 | 543383 | 6496635507825219 | 6.78698 | 92.5538 | 0 | 45211
PACZ | Range_Large | 60 | 541012 | 6467344639655619 | 6.79104 | 92.5538 | 0 | 45057
PACZ | Range_Large | 61 | 438201 | 5124338920899546 | 5.337 | 92.5538 | 0 | 35943
PACZ | Range_Large | 62 | 608599 | 7159315162168500 | 7.54094 | 92.5538 | 0 | 50401
PACZ | Range_Large | 63 | 566683 | 6763373663746629 | 7.11974 | 92.5538 | 0 | 47487
PACZ | Range_Large | 64 | 542098 | 6480524607891591 | 6.73262 | 92.5538 | 0 | 45085
PACZ | Range_Large | 65 | 452802 | 5295403984257453 | 5.71068 | 92.5538 | 0 | 37217
PACZ | Range_Large | 66 | 596881 | 7027283146832403 | 7.54396 | 92.5538 | 0 | 49601
PACZ | Range_Large | 67 | 653634 | 7735694434728666 | 8.04265 | 92.5538 | 0 | 54241
PACZ | Range_Large | 68 | 683906 | 8026764208731180 | 8.44336 | 92.5538 | 0 | 56471
PACZ | Range_Large | 69 | 544376 | 6506556578976873 | 6.75766 | 92.5538 | 0 | 45237
PACZ | Range_Large | 70 | 361742 | 4182106666319652 | 4.37331 | 92.5538 | 0 | 29769
PACZ | Range_Large | 71 | 557539 | 6570115404344184 | 6.81671 | 92.5538 | 0 | 46513
PACZ | Range_Large | 72 | 489012 | 5860888292974527 | 6.13801 | 92.5538 | 0 | 40821
PACZ | Range_Large | 73 | 665222 | 7879321741065180 | 8.29228 | 92.5538 | 0 | 55183
PACZ | Range_Large | 74 | 681010 | 8034708639545073 | 8.47467 | 92.5538 | 0 | 56367
PACZ | Range_Large | 75 | 326872 | 3725355685324731 | 4.06265 | 92.5538 | 0 | 27031
PACZ | Range_Large | 76 | 442549 | 5176010221189350 | 5.42696 | 92.5538 | 0 | 36431
PACZ | Range_Large | 77 | 433328 | 5075263862260365 | 5.27302 | 92.5538 | 0 | 35705
PACZ | Range_Large | 78 | 663386 | 7839865490911071 | 8.22131 | 92.5538 | 0 | 55107
PACZ | Range_Large | 79 | 427616 | 5146256744854779 | 5.29067 | 92.5538 | 0 | 35703
PACZ | Range_Large | 80 | 370000 | 4292230539035259 | 4.51533 | 92.5538 | 0 | 30421
PACZ | Range_Large | 81 | 398431 | 4667996572764819 | 4.77966 | 92.5538 | 0 | 32859
PACZ | Range_Large | 82 | 456671 | 5359290927149610 | 5.54395 | 92.5538 | 0 | 37611
PACZ | Range_Large | 83 | 688777 | 8121177299622198 | 8.41832 | 92.5538 | 0 | 57011
PACZ | Range_Large | 84 | 432722 | 5196442399163598 | 5.39303 | 92.5538 | 0 | 36129
PACZ | Range_Large | 85 | 487536 | 5844581390088717 | 5.99996 | 92.5538 | 0 | 40673
PACZ | Range_Large | 86 | 676121 | 7995306858961818 | 8.53467 | 92.5538 | 0 | 56145
PACZ | Range_Large | 87 | 545207 | 6517216462540830 | 6.84635 | 92.5538 | 0 | 45345
PACZ | Range_Large | 88 | 709971 | 8369201916825696 | 8.81767 | 92.5538 | 0 | 58725
PACZ | Range_Large | 89 | 489075 | 5861504505472467 | 6.12736 | 92.5538 | 0 | 40823
PACZ | Range_Large | 90 | 391950 | 4574687305919400 | 4.80803 | 92.5538 | 0 | 32477
PACZ | Range_Large | 91 | 683437 | 8060194011047139 | 8.53602 | 92.5538 | 0 | 56683
PACZ | Range_Large | 92 | 304470 | 3450444999460245 | 3.73236 | 92.5538 | 0 | 25077
PACZ | Range_Large | 93 | 444130 | 5330655718040655 | 5.57629 | 92.5538 | 0 | 37135
PACZ | Range_Large | 94 | 438592 | 5128871651130645 | 5.50167 | 92.5538 | 0 | 36169
PACZ | Range_Large | 95 | 364023 | 4208296490624688 | 4.40733 | 92.5538 | 0 | 29931
PACZ | Range_Large | 96 | 703434 | 8291896878554718 | 8.75203 | 92.5538 | 0 | 58235
PACZ | Range_Large | 97 | 704769 | 8306639949084372 | 8.76069 | 92.5538 | 0 | 58329
PACZ | Range_Large | 98 | 434436 | 5088132272961522 | 5.30505 | 92.5538 | 0 | 35785
PACZ | Range_Large | 99 | 551080 | 6579015197930409 | 6.83864 | 92.5538 | 0 | 45619
PACZ | kNN_10 | 0 | 10 | 139841556564 | 0.0653267 | 92.5538 | 0 | 399
PACZ | kNN_10 | 1 | 10 | 119677391670 | 0.0489553 | 92.5538 | 0 | 375
PACZ | kNN_10 | 2 | 10 | 71380582248 | 0.0202656 | 92.5538 | 0 | 157
PACZ | kNN_10 | 3 | 10 | 119252130762 | 0.037988 | 92.5538 | 0 | 277
PACZ | kNN_10 | 4 | 10 | 57837106065 | 0.0533263 | 92.5538 | 0 | 424
PACZ | kNN_10 | 5 | 10 | 138383046507 | 0.0243187 | 92.5538 | 0 | 167
PACZ | kNN_10 | 6 | 10 | 131543495367 | 0.0373522 | 92.5538 | 0 | 270
PACZ | kNN_10 | 7 | 10 | 118557920175 | 0.0619888 | 92.5538 | 0 | 486
PACZ | kNN_10 | 8 | 10 | 126178371354 | 0.0654062 | 92.5538 | 0 | 540
PACZ | kNN_10 | 9 | 10 | 120502530831 | 0.0393391 | 92.5538 | 0 | 341
PACZ | kNN_10 | 10 | 10 | 59529360315 | 0.0510216 | 92.5538 | 0 | 371
PACZ | kNN_10 | 11 | 10 | 139086164133 | 0.0286102 | 92.5538 | 0 | 233
PACZ | kNN_10 | 12 | 10 | 135634573902 | 0.0603199 | 92.5538 | 0 | 509
PACZ | kNN_10 | 13 | 10 | 118552889619 | 0.0533263 | 92.5538 | 0 | 452
PACZ | kNN_10 | 14 | 10 | 130169581059 | 0.0420411 | 92.5538 | 0 | 316
PACZ | kNN_10 | 15 | 10 | 123294975627 | 0.0393391 | 92.5538 | 0 | 298
PACZ | kNN_10 | 16 | 10 | 138684654357 | 0.0329812 | 92.5538 | 0 | 320
PACZ | kNN_10 | 17 | 10 | 104476163115 | 0.0537237 | 92.5538 | 0 | 466
PACZ | kNN_10 | 18 | 10 | 119995054581 | 0.0356833 | 92.5538 | 0 | 282
PACZ | kNN_10 | 19 | 10 | 102452744286 | 0.0470479 | 92.5538 | 0 | 335
PACZ | kNN_10 | 20 | 10 | 126308778525 | 0.0480016 | 92.5538 | 0 | 434
PACZ | kNN_10 | 21 | 10 | 128228902158 | 0.0506242 | 92.5538 | 0 | 433
PACZ | kNN_10 | 22 | 10 | 146913600129 | 0.0413259 | 92.5538 | 0 | 338
PACZ | kNN_10 | 23 | 10 | 119295323985 | 0.0276566 | 92.5538 | 0 | 241
PACZ | kNN_10 | 24 | 10 | 129427693809 | 0.0606378 | 92.5538 | 0 | 488
PACZ | kNN_10 | 25 | 10 | 73688688345 | 0.0369549 | 92.5538 | 0 | 319
PACZ | kNN_10 | 26 | 10 | 60286435899 | 0.036637 | 92.5538 | 0 | 305
PACZ | kNN_10 | 27 | 10 | 122421049842 | 0.0439485 | 92.5538 | 0 | 406
PACZ | kNN_10 | 28 | 10 | 131597104182 | 0.0323455 | 92.5538 | 0 | 272
PACZ | kNN_10 | 29 | 10 | 137982165777 | 0.0623067 | 92.5538 | 0 | 519
PACZ | kNN_10 | 30 | 10 | 122863672533 | 0.0433127 | 92.5538 | 0 | 360
PACZ | kNN_10 | 31 | 10 | 129082787133 | 0.0537237 | 92.5538 | 0 | 473
PACZ | kNN_10 | 32 | 10 | 139278500274 | 0.0243187 | 92.5538 | 0 | 204
PACZ | kNN_10 | 33 | 10 | 90099327369 | 0.0436306 | 92.5538 | 0 | 363
PACZ | kNN_10 | 34 | 10 | 120882488436 | 0.0649293 | 92.5538 | 0 | 520
PACZ | kNN_10 | 35 | 10 | 50837851635 | 0.0246366 | 92.5538 | 0 | 190
PACZ | kNN_10 | 36 | 10 | 130116957957 | 0.0616709 | 92.5538 | 0 | 518
PACZ | kNN_10 | 37 | 10 | 64529800044 | 0.0046889 | 92.5538 | 0 | 31
PACZ | kNN_10 | 38 | 10 | 60799353960 | 0.0490348 | 92.5538 | 0 | 467
PACZ | kNN_10 | 39 | 10 | 119780971992 | 0.0603994 | 92.5538 | 0 | 463
PACZ | kNN_10 | 40 | 10 | 90028940490 | 0.0300407 | 92.5538 | 0 | 292
PACZ | kNN_10 | 41 | 10 | 138934548624 | 0.0709693 | 92.5538 | 0 | 592
PACZ | kNN_10 | 42 | 10 | 130158584328 | 0.0332991 | 92.5538 | 0 | 325
PACZ | kNN_10 | 43 | 10 | 118550598504 | 0.0580152 | 92.5538 | 0 | 470
PACZ | kNN_10 | 44 | 10 | 119288269446 | 0.0253518 | 92.5538 | 0 | 205
PACZ | kNN_10 | 45 | 10 | 147542654928 | 0.0593662 | 92.5538 | 0 | 485
PACZ | kNN_10 | 46 | 10 | 120442316097 | 0.0487169 | 92.5538 | 0 | 356
PACZ | kNN_10 | 47 | 10 | 119295320421 | 0.0267029 | 92.5538 | 0 | 236
PACZ | kNN_10 | 48 | 10 | 102670155438 | 0.0346502 | 92.5538 | 0 | 321
PACZ | kNN_10 | 49 | 10 | 130203637686 | 0.0459353 | 92.5538 | 0 | 422
PACZ | kNN_10 | 50 | 10 | 118556057805 | 0.0519753 | 92.5538 | 0 | 445
PACZ | kNN_10 | 51 | 10 | 119302662957 | 0.0313123 | 92.5538 | 0 | 269
PACZ | kNN_10 | 52 | 10 | 105265562712 | 0.0387033 | 92.5538 | 0 | 329
PACZ | kNN_10 | 53 | 10 | 146236193535 | 0.0700156 | 92.5538 | 0 | 591
PACZ | kNN_10 | 54 | 10 | 126701401992 | 0.0450611 | 92.5538 | 0 | 416
PACZ | kNN_10 | 55 | 10 | 123239596221 | 0.0433127 | 92.5538 | 0 | 326
PACZ | kNN_10 | 56 | 10 | 126352905114 | 0.0713666 | 92.5538 | 0 | 619
PACZ | kNN_10 | 57 | 10 | 146089729821 | 0.0429948 | 92.5538 | 0 | 426
PACZ | kNN_10 | 58 | 10 | 126308787426 | 0.056982 | 92.5538 | 0 | 507
PACZ | kNN_10 | 59 | 10 | 120468236658 | 0.0290076 | 92.5538 | 0 | 260
PACZ | kNN_10 | 60 | 10 | 92491571493 | 0.0313123 | 92.5538 | 0 | 264
PACZ | kNN_10 | 61 | 10 | 103810746795 | 0.0290076 | 92.5538 | 0 | 267
PACZ | kNN_10 | 62 | 10 | 126434196807 | 0.0686646 | 92.5538 | 0 | 579
PACZ | kNN_10 | 63 | 10 | 126944013939 | 0.0443459 | 92.5538 | 0 | 440
PACZ | kNN_10 | 64 | 10 | 102668516244 | 0.0306765 | 92.5538 | 0 | 303
PACZ | kNN_10 | 65 | 10 | 132323383182 | 0.0756582 | 92.5538 | 0 | 564
PACZ | kNN_10 | 66 | 10 | 156437057661 | 0.0383854 | 92.5538 | 0 | 313
PACZ | kNN_10 | 67 | 10 | 118561333977 | 0.0523726 | 92.5538 | 0 | 410
PACZ | kNN_10 | 68 | 10 | 123244474569 | 0.0426769 | 92.5538 | 0 | 331
PACZ | kNN_10 | 69 | 10 | 129639373548 | 0.0570615 | 92.5538 | 0 | 452
PACZ | kNN_10 | 70 | 10 | 145366442031 | 0.0363191 | 92.5538 | 0 | 320
PACZ | kNN_10 | 71 | 10 | 138582880437 | 0.0302792 | 92.5538 | 0 | 231
PACZ | kNN_10 | 72 | 10 | 104320556484 | 0.0489553 | 92.5538 | 0 | 429
PACZ | kNN_10 | 73 | 10 | 112551758319 | 0.0399748 | 92.5538 | 0 | 364
PACZ | kNN_10 | 74 | 10 | 102396797526 | 0.0413259 | 92.5538 | 0 | 330
PACZ | kNN_10 | 75 | 10 | 112551763455 | 0.0373522 | 92.5538 | 0 | 358
PACZ | kNN_10 | 76 | 10 | 124354997709 | 0.0326633 | 92.5538 | 0 | 263
PACZ | kNN_10 | 77 | 10 | 137276283819 | 0.0216166 | 92.5538 | 0 | 167
PACZ | kNN_10 | 78 | 10 | 92505137541 | 0.0372728 | 92.5538 | 0 | 315
PACZ | kNN_10 | 79 | 10 | 139157258481 | 0.0226498 | 92.5538 | 0 | 174
PACZ | kNN_10 | 80 | 10 | 84764301591 | 0.0343323 | 92.5538 | 0 | 264
PACZ | kNN_10 | 81 | 10 | 137276276832 | 0.0267029 | 92.5538 | 0 | 176
PACZ | kNN_10 | 82 | 10 | 127873258788 | 0.0499884 | 92.5538 | 0 | 419
PACZ | kNN_10 | 83 | 10 | 126943975365 | 0.0543594 | 92.5538 | 0 | 498
PACZ | kNN_10 | 84 | 10 | 104736619725 | 0.0513395 | 92.5538 | 0 | 458
PACZ | kNN_10 | 85 | 10 | 44871867999 | 0.0640551 | 92.5538 | 0 | 532
PACZ | kNN_10 | 86 | 10 | 86307383271 | 0.0383059 | 92.5538 | 0 | 335
PACZ | kNN_10 | 87 | 10 | 134318268540 | 0.0273387 | 92.5538 | 0 | 207
PACZ | kNN_10 | 88 | 10 | 124291283427 | 0.0326633 | 92.5538 | 0 | 302
PACZ | kNN_10 | 89 | 10 | 126362561082 | 0.0589689 | 92.5538 | 0 | 577
PACZ | kNN_10 | 90 | 10 | 137277745560 | 0.0266234 | 92.5538 | 0 | 174
PACZ | kNN_10 | 91 | 10 | 141936182670 | 0.0559489 | 92.5538 | 0 | 516
PACZ | kNN_10 | 92 | 10 | 126561163983 | 0.033617 | 92.5538 | 0 | 289
PACZ | kNN_10 | 93 | 10 | 154273365153 | 0.0513395 | 92.5538 | 0 | 476
PACZ | kNN_10 | 94 | 10 | 123179687361 | 0.0299613 | 92.5538 | 0 | 268
PACZ | kNN_10 | 95 | 10 | 41806731771 | 0.0103315 | 92.5538 | 0 | 82
PACZ | kNN_10 | 96 | 10 | 95945156964 | 0.0303586 | 92.5538 | 0 | 244
PACZ | kNN_10 | 97 | 10 | 150027265695 | 0.0533263 | 92.5538 | 0 | 441
PACZ | kNN_10 | 98 | 10 | 120468988632 | 0.0263055 | 92.5538 | 0 | 257
PACZ | kNN_10 | 99 | 10 | 146073103617 | 0.033617 | 92.5538 | 0 | 296
PACZ | kNN_100 | 0 | 100 | 1274061531234 | 0.363668 | 92.5538 | 0 | 758
PACZ | kNN_100 | 1 | 100 | 1196787569505 | 0.337998 | 92.5538 | 0 | 831
PACZ | kNN_100 | 2 | 100 | 713805827130 | 0.151316 | 92.5538 | 0 | 286
PACZ | kNN_100 | 3 | 100 | 1192521345705 | 0.205676 | 92.5538 | 0 | 417
PACZ | kNN_100 | 4 | 100 | 606843278928 | 0.287692 | 92.5538 | 0 | 796
PACZ | kNN_100 | 5 | 100 | 1367034030117 | 0.120004 | 92.5538 | 0 | 250
PACZ | kNN_100 | 6 | 100 | 1298625014217 | 0.241995 | 92.5538 | 0 | 523
PACZ | kNN_100 | 7 | 100 | 1163358806820 | 0.33466 | 92.5538 | 0 | 829
PACZ | kNN_100 | 8 | 100 | 1201906709946 | 0.365337 | 92.5538 | 0 | 1039
PACZ | kNN_100 | 9 | 100 | 1373970776370 | 0.205994 | 92.5538 | 0 | 624
PACZ | kNN_100 | 10 | 100 | 605193810123 | 0.253677 | 92.5538 | 0 | 670
PACZ | kNN_100 | 11 | 100 | 1390861218933 | 0.188669 | 92.5538 | 0 | 444
PACZ | kNN_100 | 12 | 100 | 1358693322849 | 0.339667 | 92.5538 | 0 | 874
PACZ | kNN_100 | 13 | 100 | 1185528831453 | 0.345707 | 92.5538 | 0 | 910
PACZ | kNN_100 | 14 | 100 | 1301694717234 | 0.280619 | 92.5538 | 0 | 637
PACZ | kNN_100 | 15 | 100 | 1232949784323 | 0.237306 | 92.5538 | 0 | 546
PACZ | kNN_100 | 16 | 100 | 1420292223312 | 0.184695 | 92.5538 | 0 | 559
PACZ | kNN_100 | 17 | 100 | 1047892699803 | 0.281016 | 92.5538 | 0 | 823
PACZ | kNN_100 | 18 | 100 | 1200374709807 | 0.18096 | 92.5538 | 0 | 420
PACZ | kNN_100 | 19 | 100 | 1024357542183 | 0.235001 | 92.5538 | 0 | 628
PACZ | kNN_100 | 20 | 100 | 1211687265111 | 0.262658 | 92.5538 | 0 | 803
PACZ | kNN_100 | 21 | 100 | 1268939850633 | 0.283003 | 92.5538 | 0 | 832
PACZ | kNN_100 | 22 | 100 | 1465840710711 | 0.215689 | 92.5538 | 0 | 587
PACZ | kNN_100 | 23 | 100 | 1192953114663 | 0.177304 | 92.5538 | 0 | 460
PACZ | kNN_100 | 24 | 100 | 1311380217510 | 0.309308 | 92.5538 | 0 | 852
PACZ | kNN_100 | 25 | 100 | 739526442528 | 0.189304 | 92.5538 | 0 | 547
PACZ | kNN_100 | 26 | 100 | 594727268400 | 0.223319 | 92.5538 | 0 | 581
PACZ | kNN_100 | 27 | 100 | 1156350742569 | 0.229994 | 92.5538 | 0 | 772
PACZ | kNN_100 | 28 | 100 | 1315971115863 | 0.166337 | 92.5538 | 0 | 442
PACZ | kNN_100 | 29 | 100 | 1379818703073 | 0.306686 | 92.5538 | 0 | 860
PACZ | kNN_100 | 30 | 100 | 1229698493898 | 0.21402 | 92.5538 | 0 | 625
PACZ | kNN_100 | 31 | 100 | 1381217364396 | 0.287374 | 92.5538 | 0 | 927
PACZ | kNN_100 | 32 | 100 | 1412928312588 | 0.124693 | 92.5538 | 0 | 312
PACZ | kNN_100 | 33 | 100 | 871530487476 | 0.235001 | 92.5538 | 0 | 685
PACZ | kNN_100 | 34 | 100 | 1274189749218 | 0.356674 | 92.5538 | 0 | 921
PACZ | kNN_100 | 35 | 100 | 460647925908 | 0.138362 | 92.5538 | 0 | 397
PACZ | kNN_100 | 36 | 100 | 1297958152983 | 0.289996 | 92.5538 | 0 | 888
PACZ | kNN_100 | 37 | 100 | 702264835095 | 0.0166098 | 92.5538 | 0 | 47
PACZ | kNN_100 | 38 | 100 | 651564499374 | 0.296672 | 92.5538 | 0 | 894
PACZ | kNN_100 | 39 | 100 | 1197809366661 | 0.276645 | 92.5538 | 0 | 755
PACZ | kNN_100 | 40 | 100 | 895494810483 | 0.171343 | 92.5538 | 0 | 579
PACZ | kNN_100 | 41 | 100 | 1238253248256 | 0.380993 | 92.5538 | 0 | 1058
PACZ | kNN_100 | 42 | 100 | 1301585912934 | 0.212987 | 92.5538 | 0 | 632
PACZ | kNN_100 | 43 | 100 | 1193621434461 | 0.35731 | 92.5538 | 0 | 919
PACZ | kNN_100 | 44 | 100 | 1192882686009 | 0.121991 | 92.5538 | 0 | 312
PACZ | kNN_100 | 45 | 100 | 1420956014652 | 0.313679 | 92.5538 | 0 | 979
PACZ | kNN_100 | 46 | 100 | 1204421073189 | 0.206312 | 92.5538 | 0 | 538
PACZ | kNN_100 | 47 | 100 | 1192952649162 | 0.168324 | 92.5538 | 0 | 465
PACZ | kNN_100 | 48 | 100 | 1103758204098 | 0.185331 | 92.5538 | 0 | 593
PACZ | kNN_100 | 49 | 100 | 1268141252367 | 0.301361 | 92.5538 | 0 | 878
PACZ | kNN_100 | 50 | 100 | 1187366469996 | 0.290314 | 92.5538 | 0 | 856
PACZ | kNN_100 | 51 | 100 | 1193026549365 | 0.22769 | 92.5538 | 0 | 574
PACZ | kNN_100 | 52 | 100 | 1046577569454 | 0.199318 | 92.5538 | 0 | 624
PACZ | kNN_100 | 53 | 100 | 1462361922024 | 0.372012 | 92.5538 | 0 | 1060
PACZ | kNN_100 | 54 | 100 | 1134711432726 | 0.317653 | 92.5538 | 0 | 969
PACZ | kNN_100 | 55 | 100 | 1232393823834 | 0.223955 | 92.5538 | 0 | 626
PACZ | kNN_100 | 56 | 100 | 1225797326070 | 0.402292 | 92.5538 | 0 | 1195
PACZ | kNN_100 | 57 | 100 | 1449923944746 | 0.216643 | 92.5538 | 0 | 678
PACZ | kNN_100 | 58 | 100 | 1143724888095 | 0.273625 | 92.5538 | 0 | 946
PACZ | kNN_100 | 59 | 100 | 1229538020820 | 0.174681 | 92.5538 | 0 | 369
PACZ | kNN_100 | 60 | 100 | 1128792294789 | 0.169992 | 92.5538 | 0 | 467
PACZ | kNN_100 | 61 | 100 | 1036639025490 | 0.165621 | 92.5538 | 0 | 482
PACZ | kNN_100 | 62 | 100 | 1264341951267 | 0.34229 | 92.5538 | 0 | 1045
PACZ | kNN_100 | 63 | 100 | 1188685196838 | 0.274976 | 92.5538 | 0 | 929
PACZ | kNN_100 | 64 | 100 | 1026397019601 | 0.211398 | 92.5538 | 0 | 617
PACZ | kNN_100 | 65 | 100 | 1324679932917 | 0.377019 | 92.5538 | 0 | 914
PACZ | kNN_100 | 66 | 100 | 1564370519724 | 0.189066 | 92.5538 | 0 | 528
PACZ | kNN_100 | 67 | 100 | 1191014834298 | 0.233332 | 92.5538 | 0 | 697
PACZ | kNN_100 | 68 | 100 | 1232444735082 | 0.21704 | 92.5538 | 0 | 602
PACZ | kNN_100 | 69 | 100 | 1276971030846 | 0.291348 | 92.5538 | 0 | 830
PACZ | kNN_100 | 70 | 100 | 1453604218086 | 0.223001 | 92.5538 | 0 | 625
PACZ | kNN_100 | 71 | 100 | 1385829445995 | 0.142336 | 92.5538 | 0 | 399
PACZ | kNN_100 | 72 | 100 | 1039015532664 | 0.312726 | 92.5538 | 0 | 870
PACZ | kNN_100 | 73 | 100 | 1134119382936 | 0.322024 | 92.5538 | 0 | 705
PACZ | kNN_100 | 74 | 100 | 1023873150747 | 0.195344 | 92.5538 | 0 | 587
PACZ | kNN_100 | 75 | 100 | 1047542733822 | 0.210603 | 92.5538 | 0 | 629
PACZ | kNN_100 | 76 | 100 | 1215178993884 | 0.199 | 92.5538 | 0 | 505
PACZ | kNN_100 | 77 | 100 | 1264126398852 | 0.106335 | 92.5538 | 0 | 269
PACZ | kNN_100 | 78 | 100 | 1089943121355 | 0.223398 | 92.5538 | 0 | 606
PACZ | kNN_100 | 79 | 100 | 1391571070590 | 0.0926654 | 92.5538 | 0 | 257
PACZ | kNN_100 | 80 | 100 | 952763125281 | 0.157674 | 92.5538 | 0 | 462
PACZ | kNN_100 | 81 | 100 | 1270170179646 | 0.107686 | 92.5538 | 0 | 252
PACZ | kNN_100 | 82 | 100 | 1278732625959 | 0.207663 | 92.5538 | 0 | 706
PACZ | kNN_100 | 83 | 100 | 1269439736280 | 0.361681 | 92.5538 | 0 | 1036
PACZ | kNN_100 | 84 | 100 | 1062547782462 | 0.260671 | 92.5538 | 0 | 812
PACZ | kNN_100 | 85 | 100 | 669825156108 | 0.327031 | 92.5538 | 0 | 1062
PACZ | kNN_100 | 86 | 100 | 1081141800153 | 0.228643 | 92.5538 | 0 | 648
PACZ | kNN_100 | 87 | 100 | 1361085346479 | 0.146945 | 92.5538 | 0 | 372
PACZ | kNN_100 | 88 | 100 | 1242912826593 | 0.207663 | 92.5538 | 0 | 565
PACZ | kNN_100 | 89 | 100 | 1265231664663 | 0.353018 | 92.5538 | 0 | 1137
PACZ | kNN_100 | 90 | 100 | 1372776685545 | 0.160615 | 92.5538 | 0 | 266
PACZ | kNN_100 | 91 | 100 | 1465823018778 | 0.292937 | 92.5538 | 0 | 900
PACZ | kNN_100 | 92 | 100 | 1334060052381 | 0.195662 | 92.5538 | 0 | 425
PACZ | kNN_100 | 93 | 100 | 1232409462990 | 0.29405 | 92.5538 | 0 | 935
PACZ | kNN_100 | 94 | 100 | 1231796844603 | 0.184695 | 92.5538 | 0 | 502
PACZ | kNN_100 | 95 | 100 | 506227163373 | 0.0363191 | 92.5538 | 0 | 100
PACZ | kNN_100 | 96 | 100 | 959451562746 | 0.159979 | 92.5538 | 0 | 451
PACZ | kNN_100 | 97 | 100 | 1500272664228 | 0.241359 | 92.5538 | 0 | 764
PACZ | kNN_100 | 98 | 100 | 1226782913676 | 0.134389 | 92.5538 | 0 | 377
PACZ | kNN_100 | 99 | 100 | 1397475994572 | 0.207345 | 92.5538 | 0 | 542
