Algo | QType | QID | Count | Hash | Time_ms | Mem_Tree_MB | Mem_Delta_MB | Nodes
PACZ | Range_Small | 0 | 9 | 20788551759 | 0.00532468 | 66.2733 | 0 | 127
PACZ | Range_Small | 1 | 1373 | 16259804961021 | 0.0259876 | 66.2733 | 0 | 335
PACZ | Range_Small | 2 | 6796 | 82726506744252 | 0.0976721 | 66.2733 | 0 | 985
PACZ | Range_Small | 3 | 371 | 4829080616076 | 0.0113646 | 66.2733 | 0 | 189
PACZ | Range_Small | 4 | 141 | 888579421302 | 0.00532468 | 66.2733 | 0 | 145
PACZ | Range_Small | 5 | 705 | 8735488112448 | 0.0160535 | 66.2733 | 0 | 321
PACZ | Range_Small | 6 | 2048 | 23813646332232 | 0.0363191 | 66.2733 | 0 | 443
PACZ | Range_Small | 7 | 620 | 7602748187346 | 0.015974 | 66.2733 | 0 | 283
PACZ | Range_Small | 8 | 1091 | 13435817908473 | 0.027736 | 66.2733 | 0 | 347
PACZ | Range_Small | 9 | 57 | 777423174663 | 0.00667572 | 66.2733 | 0 | 201
PACZ | Range_Small | 10 | 969 | 10112965499112 | 0.0256697 | 66.2733 | 0 | 267
PACZ | Range_Small | 11 | 2052 | 24338059411011 | 0.0286102 | 66.2733 | 0 | 409
PACZ | Range_Small | 12 | 1199 | 14303500545351 | 0.0196298 | 66.2733 | 0 | 275
PACZ | Range_Small | 13 | 250 | 1670387027874 | 0.00834465 | 66.2733 | 0 | 215
PACZ | Range_Small | 14 | 475 | 7530035231994 | 0.018994 | 66.2733 | 0 | 257
PACZ | Range_Small | 15 | 1037 | 12388839646521 | 0.026385 | 66.2733 | 0 | 361
PACZ | Range_Small | 16 | 5265 | 65308954780017 | 0.0642935 | 66.2733 | 0 | 785
PACZ | Range_Small | 17 | 454 | 5528240986689 | 0.00866254 | 66.2733 | 0 | 221
PACZ | Range_Small | 18 | 6867 | 85434786852858 | 0.077645 | 66.2733 | 0 | 911
PACZ | Range_Small | 19 | 750 | 5031868571844 | 0.0139872 | 66.2733 | 0 | 309
PACZ | Range_Small | 20 | 978 | 14348766847605 | 0.015974 | 66.2733 | 0 | 267
PACZ | Range_Small | 21 | 70 | 620525009934 | 0.00500679 | 66.2733 | 0 | 165
PACZ | Range_Small | 22 | 1292 | 13395174726603 | 0.0209808 | 66.2733 | 0 | 351
PACZ | Range_Small | 23 | 1325 | 15463221452283 | 0.0212987 | 66.2733 | 0 | 315
PACZ | Range_Small | 24 | 1681 | 18449898960912 | 0.044028 | 66.2733 | 0 | 461
PACZ | Range_Small | 25 | 14994 | 183331855531767 | 0.169992 | 66.2733 | 0 | 1825
PACZ | Range_Small | 26 | 553 | 6813876397596 | 0.0107288 | 66.2733 | 0 | 261
PACZ | Range_Small | 27 | 11145 | 137344587298200 | 0.111659 | 66.2733 | 0 | 1435
PACZ | Range_Small | 28 | 1375 | 14949813012678 | 0.026385 | 66.2733 | 0 | 415
PACZ | Range_Small | 29 | 1598 | 19779361274475 | 0.0212987 | 66.2733 | 0 | 395
PACZ | Range_Small | 30 | 1275 | 20208516215685 | 0.0153383 | 66.2733 | 0 | 295
PACZ | Range_Small | 31 | 1882 | 24668022659889 | 0.022014 | 66.2733 | 0 | 359
PACZ | Range_Small | 32 | 353 | 2082981095409 | 0.00898043 | 66.2733 | 0 | 223
PACZ | Range_Small | 33 | 1496 | 14796905362914 | 0.0306765 | 66.2733 | 0 | 399
PACZ | Range_Small | 34 | 726 | 7923556603629 | 0.0170072 | 66.2733 | 0 | 267
PACZ | Range_Small | 35 | 1 | 11882721588 | 0.000635783 | 66.2733 | 0 | 31
PACZ | Range_Small | 36 | 13268 | 153872291704854 | 0.199318 | 66.2733 | 0 | 1711
PACZ | Range_Small | 37 | 955 | 11609509502298 | 0.0263055 | 66.2733 | 0 | 369
PACZ | Range_Small | 38 | 2912 | 30033133156881 | 0.0429948 | 66.2733 | 0 | 507
PACZ | Range_Small | 39 | 2035 | 25209995598045 | 0.0299613 | 66.2733 | 0 | 463
PACZ | Range_Small | 40 | 2675 | 33293163433797 | 0.0437101 | 66.2733 | 0 | 471
PACZ | Range_Small | 41 | 1124 | 13810066535886 | 0.0276566 | 66.2733 | 0 | 329
PACZ | Range_Small | 42 | 438 | 4912394833932 | 0.0196298 | 66.2733 | 0 | 299
PACZ | Range_Small | 43 | 453 | 3747003338196 | 0.0107288 | 66.2733 | 0 | 253
PACZ | Range_Small | 44 | 848 | 9134132447835 | 0.0193119 | 66.2733 | 0 | 319
PACZ | Range_Small | 45 | 1899 | 27053155358355 | 0.0286897 | 66.2733 | 0 | 405
PACZ | Range_Small | 46 | 617 | 7338390432096 | 0.0212987 | 66.2733 | 0 | 273
PACZ | Range_Small | 47 | 2463 | 26232957106497 | 0.0473658 | 66.2733 | 0 | 499
PACZ | Range_Small | 48 | 3412 | 41093150984100 | 0.0476837 | 66.2733 | 0 | 489
PACZ | Range_Small | 49 | 3198 | 39633821189823 | 0.0495911 | 66.2733 | 0 | 573
PACZ | Range_Small | 50 | 2847 | 29221806369978 | 0.0356833 | 66.2733 | 0 | 459
PACZ | Range_Small | 51 | 998 | 11906392514940 | 0.0230471 | 66.2733 | 0 | 265
PACZ | Range_Small | 52 | 224 | 3014791971522 | 0.0180403 | 66.2733 | 0 | 253
PACZ | Range_Small | 53 | 2745 | 29406120040032 | 0.0496705 | 66.2733 | 0 | 539
PACZ | Range_Small | 54 | 1787 | 23104143055047 | 0.026385 | 66.2733 | 0 | 361
PACZ | Range_Small | 55 | 343 | 4456245219681 | 0.00866254 | 66.2733 | 0 | 229
PACZ | Range_Small | 56 | 454 | 5294873777619 | 0.0103315 | 66.2733 | 0 | 247
PACZ | Range_Small | 57 | 650 | 5964189631566 | 0.0212987 | 66.2733 | 0 | 273
PACZ | Range_Small | 58 | 4384 | 58401329268579 | 0.0553131 | 66.2733 | 0 | 615
PACZ | Range_Small | 59 | 1043 | 14403013208487 | 0.0156562 | 66.2733 | 0 | 285
PACZ | Range_Small | 60 | 325 | 4941341427939 | 0.0112851 | 66.2733 | 0 | 225
PACZ | Range_Small | 61 | 1010 | 14137623621363 | 0.0226498 | 66.2733 | 0 | 339
PACZ | Range_Small | 62 | 233 | 2715618551346 | 0.00905991 | 66.2733 | 0 | 221
PACZ | Range_Small | 63 | 831 | 5894397017094 | 0.015974 | 66.2733 | 0 | 317
PACZ | Range_Small | 64 | 763 | 5989241884779 | 0.0206629 | 66.2733 | 0 | 329
PACZ | Range_Small | 65 | 1267 | 9489416081814 | 0.0230471 | 66.2733 | 0 | 363
PACZ | Range_Small | 66 | 4279 | 58021456705536 | 0.0456969 | 66.2733 | 0 | 625
PACZ | Range_Small | 67 | 175 | 2181453296283 | 0.00667572 | 66.2733 | 0 | 161
PACZ | Range_Small | 68 | 641 | 8804881921728 | 0.0163714 | 66.2733 | 0 | 261
PACZ | Range_Small | 69 | 222 | 3013657319190 | 0.0073115 | 66.2733 | 0 | 199
PACZ | Range_Small | 70 | 1402 | 19763860253079 | 0.0203451 | 66.2733 | 0 | 377
PACZ | Range_Small | 71 | 713 | 6437105307879 | 0.0143051 | 66.2733 | 0 | 277
PACZ | Range_Small | 72 | 5838 | 77203831576137 | 0.0843207 | 66.2733 | 0 | 805
PACZ | Range_Small | 73 | 1064 | 14587562381349 | 0.0162919 | 66.2733 | 0 | 325
PACZ | Range_Small | 74 | 114 | 1477330624704 | 0.00627836 | 66.2733 | 0 | 195
PACZ | Range_Small | 75 | 831 | 9798474330993 | 0.0209808 | 66.2733 | 0 | 259
PACZ | Range_Small | 76 | 1 | 7644815535 | 0.00572205 | 66.2733 | 0 | 37
PACZ | Range_Small | 77 | 516 | 4674890154291 | 0.0156562 | 66.2733 | 0 | 267
PACZ | Range_Small | 78 | 1035 | 9660210871398 | 0.0229677 | 66.2733 | 0 | 353
PACZ | Range_Small | 79 | 17461 | 211185768795171 | 0.228008 | 66.2733 | 0 | 2105
PACZ | Range_Small | 80 | 5140 | 63016370135268 | 0.0750224 | 66.2733 | 0 | 761
PACZ | Range_Small | 81 | 518 | 6994941660525 | 0.0166893 | 66.2733 | 0 | 323
PACZ | Range_Small | 82 | 52 | 616290663198 | 0.0103315 | 66.2733 | 0 | 185
PACZ | Range_Small | 83 | 2326 | 27910934362134 | 0.0269413 | 66.2733 | 0 | 405
PACZ | Range_Small | 84 | 900 | 10780851496470 | 0.011603 | 66.2733 | 0 | 257
PACZ | Range_Small | 85 | 913 | 12892044927669 | 0.0263055 | 66.2733 | 0 | 367
PACZ | Range_Small | 86 | 126 | 1349855109654 | 0.00603994 | 66.2733 | 0 | 169
PACZ | Range_Small | 87 | 357 | 4442580993597 | 0.0103315 | 66.2733 | 0 | 237
PACZ | Range_Small | 88 | 400 | 5461572418671 | 0.0112851 | 66.2733 | 0 | 253
PACZ | Range_Small | 89 | 1660 | 19790175424551 | 0.0256697 | 66.2733 | 0 | 385
PACZ | Range_Small | 90 | 424 | 5062076658918 | 0.00667572 | 66.2733 | 0 | 181
PACZ | Range_Small | 91 | 17892 | 215501662558095 | 0.20798 | 66.2733 | 0 | 2141
PACZ | Range_Small | 92 | 68 | 711936688554 | 0.0120004 | 66.2733 | 0 | 207
PACZ | Range_Small | 93 | 1388 | 16669149805662 | 0.0216961 | 66.2733 | 0 | 313
PACZ | Range_Small | 94 | 590 | 4809159101088 | 0.0147025 | 66.2733 | 0 | 339
PACZ | Range_Small | 95 | 366 | 3799467444795 | 0.0183582 | 66.2733 | 0 | 259
PACZ | Range_Small | 96 | 3 | 13202195721 | 0.00405312 | 66.2733 | 0 | 149
PACZ | Range_Small | 97 | 595 | 7274286672654 | 0.011603 | 66.2733 | 0 | 273
PACZ | Range_Small | 98 | 81 | 1128973572297 | 0.00564257 | 66.2733 | 0 | 153
PACZ | Range_Small | 99 | 1352 | 13981591957695 | 0.0259876 | 66.2733 | 0 | 387
PACZ | Range_Medium | 0 | 49560 | 601547022409605 | 0.523011 | 66.2733 | 0 | 4357
PACZ | Range_Medium | 1 | 97020 | 1132863562800477 | 1.09935 | 66.2733 | 0 | 8859
PACZ | Range_Medium | 2 | 43108 | 452987013826110 | 0.38298 | 66.2733 | 0 | 4009
PACZ | Range_Medium | 3 | 3702 | 38676176249253 | 0.036637 | 66.2733 | 0 | 535
PACZ | Range_Medium | 4 | 42814 | 570685370610720 | 0.408014 | 66.2733 | 0 | 3771
PACZ | Range_Medium | 5 | 41979 | 461183285314941 | 0.467062 | 66.2733 | 0 | 3763
PACZ | Range_Medium | 6 | 62394 | 657912262231494 | 0.633001 | 66.2733 | 0 | 5399
PACZ | Range_Medium | 7 | 23216 | 253781791066236 | 0.195026 | 66.2733 | 0 | 2345
PACZ | Range_Medium | 8 | 42760 | 480597309326610 | 0.464678 | 66.2733 | 0 | 3861
PACZ | Range_Medium | 9 | 18791 | 230045589113397 | 0.188669 | 66.2733 | 0 | 1939
PACZ | Range_Medium | 10 | 26382 | 321570114905211 | 0.209332 | 66.2733 | 0 | 2571
PACZ | Range_Medium | 11 | 26907 | 358790044374951 | 0.257015 | 66.2733 | 0 | 2625
PACZ | Range_Medium | 12 | 60964 | 623670158682036 | 0.583967 | 66.2733 | 0 | 5385
PACZ | Range_Medium | 13 | 6252 | 78215968356843 | 0.0706514 | 66.2733 | 0 | 721
PACZ | Range_Medium | 14 | 53730 | 740377103754582 | 0.482321 | 66.2733 | 0 | 4665
PACZ | Range_Medium | 15 | 84959 | 1000878980376150 | 1.19964 | 66.2733 | 0 | 7969
PACZ | Range_Medium | 16 | 12070 | 139627579050480 | 0.121037 | 66.2733 | 0 | 1557
PACZ | Range_Medium | 17 | 31667 | 385696418153490 | 0.257333 | 66.2733 | 0 | 2875
PACZ | Range_Medium | 18 | 5997 | 73643509895325 | 0.0589689 | 66.2733 | 0 | 731
PACZ | Range_Medium | 19 | 2 | 16320499632 | 0.000953674 | 66.2733 | 0 | 31
PACZ | Range_Medium | 20 | 63701 | 744522148114641 | 0.607967 | 66.2733 | 0 | 5623
PACZ | Range_Medium | 21 | 50468 | 619650467377872 | 0.47334 | 66.2733 | 0 | 4499
PACZ | Range_Medium | 22 | 99301 | 1167317451559374 | 1.10833 | 66.2733 | 0 | 9015
PACZ | Range_Medium | 23 | 8540 | 100631107636473 | 0.0766913 | 66.2733 | 0 | 893
PACZ | Range_Medium | 24 | 14557 | 152611906305603 | 0.136058 | 66.2733 | 0 | 1527
PACZ | Range_Medium | 25 | 21076 | 254190116682456 | 0.191371 | 66.2733 | 0 | 2133
PACZ | Range_Medium | 26 | 15822 | 211910063862990 | 0.148058 | 66.2733 | 0 | 1673
PACZ | Range_Medium | 27 | 95225 | 1113299334112863 | 1.04165 | 66.2733 | 0 | 8771
PACZ | Range_Medium | 28 | 47504 | 662842102928556 | 0.448624 | 66.2733 | 0 | 4199
PACZ | Range_Medium | 29 | 29394 | 388912834955703 | 0.257651 | 66.2733 | 0 | 2805
PACZ | Range_Medium | 30 | 17802 | 200524421634432 | 0.165304 | 66.2733 | 0 | 1711
PACZ | Range_Medium | 31 | 30998 | 371386148264070 | 0.300328 | 66.2733 | 0 | 2959
PACZ | Range_Medium | 32 | 3 | 15607840560 | 0.00127157 | 66.2733 | 0 | 43
PACZ | Range_Medium | 33 | 17001 | 205414619659866 | 0.17333 | 66.2733 | 0 | 1853
PACZ | Range_Medium | 34 | 2162 | 26246511972519 | 0.0349681 | 66.2733 | 0 | 511
PACZ | Range_Medium | 35 | 28887 | 305318514501258 | 0.277678 | 66.2733 | 0 | 2701
PACZ | Range_Medium | 36 | 4288 | 52542468616149 | 0.0520547 | 66.2733 | 0 | 667
PACZ | Range_Medium | 37 | 41723 | 515940479106570 | 0.40102 | 66.2733 | 0 | 3751
PACZ | Range_Medium | 38 | 29055 | 383236544110023 | 0.281652 | 66.2733 | 0 | 2827
PACZ | Range_Medium | 39 | 94201 | 1096526192622081 | 1.08298 | 66.2733 | 0 | 8661
PACZ | Range_Medium | 40 | 54081 | 647658198007437 | 0.584364 | 66.2733 | 0 | 4671
PACZ | Range_Medium | 41 | 6563 | 75528681013572 | 0.0700156 | 66.2733 | 0 | 805
PACZ | Range_Medium | 42 | 25981 | 298836526500996 | 0.241041 | 66.2733 | 0 | 2409
PACZ | Range_Medium | 43 | 23937 | 295301182873935 | 0.222683 | 66.2733 | 0 | 2349
PACZ | Range_Medium | 44 | 23814 | 312314000937690 | 0.238657 | 66.2733 | 0 | 2275
PACZ | Range_Medium | 45 | 19883 | 239037616683384 | 0.17937 | 66.2733 | 0 | 1967
PACZ | Range_Medium | 46 | 92771 | 1082598058662408 | 1.13471 | 66.2733 | 0 | 8593
PACZ | Range_Medium | 47 | 61769 | 725126353448997 | 0.684023 | 66.2733 | 0 | 5323
PACZ | Range_Medium | 48 | 28490 | 334773505426416 | 0.305017 | 66.2733 | 0 | 2907
PACZ | Range_Medium | 49 | 4312 | 58726658890620 | 0.0533263 | 66.2733 | 0 | 643
PACZ | Range_Medium | 50 | 27122 | 307884361045344 | 0.291983 | 66.2733 | 0 | 2647
PACZ | Range_Medium | 51 | 13844 | 158681823805455 | 0.143051 | 66.2733 | 0 | 1377
PACZ | Range_Medium | 52 | 50693 | 608551158756798 | 0.530005 | 66.2733 | 0 | 4367
PACZ | Range_Medium | 53 | 9754 | 118396809090060 | 0.110308 | 66.2733 | 0 | 1095
PACZ | Range_Medium | 54 | 52908 | 634172492441766 | 0.51101 | 66.2733 | 0 | 4563
PACZ | Range_Medium | 55 | 15185 | 174882495797010 | 0.156323 | 66.2733 | 0 | 1547
PACZ | Range_Medium | 56 | 26141 | 302199031089633 | 0.276645 | 66.2733 | 0 | 2619
PACZ | Range_Medium | 57 | 99694 | 1171990124489292 | 1.20799 | 66.2733 | 0 | 9101
PACZ | Range_Medium | 58 | 19710 | 221558139395337 | 0.197013 | 66.2733 | 0 | 1905
PACZ | Range_Medium | 59 | 24962 | 296989566353481 | 0.261307 | 66.2733 | 0 | 2441
PACZ | Range_Medium | 60 | 75041 | 857551654797783 | 0.844002 | 66.2733 | 0 | 6447
PACZ | Range_Medium | 61 | 27348 | 315804150125295 | 0.277996 | 66.2733 | 0 | 2693
PACZ | Range_Medium | 62 | 19748 | 228222983130174 | 0.207663 | 66.2733 | 0 | 1999
PACZ | Range_Medium | 63 | 12518 | 163776278791788 | 0.140031 | 66.2733 | 0 | 1401
PACZ | Range_Medium | 64 | 423 | 2552572972230 | 0.0130335 | 66.2733 | 0 | 225
PACZ | Range_Medium | 65 | 69531 | 829888419444981 | 0.853062 | 66.2733 | 0 | 6703
PACZ | Range_Medium | 66 | 66497 | 772095891386007 | 0.715971 | 66.2733 | 0 | 5805
PACZ | Range_Medium | 67 | 12855 | 153399564935205 | 0.138998 | 66.2733 | 0 | 1331
PACZ | Range_Medium | 68 | 39864 | 426692602914441 | 0.430663 | 66.2733 | 0 | 3527
PACZ | Range_Medium | 69 | 45104 | 620809359906150 | 0.492016 | 66.2733 | 0 | 3955
PACZ | Range_Medium | 70 | 23421 | 264970780358001 | 0.259956 | 66.2733 | 0 | 2509
PACZ | Range_Medium | 71 | 10445 | 139731173826678 | 0.119686 | 66.2733 | 0 | 1155
PACZ | Range_Medium | 72 | 30864 | 368863856886591 | 0.319322 | 66.2733 | 0 | 2963
PACZ | Range_Medium | 73 | 21798 | 281436403663086 | 0.22769 | 66.2733 | 0 | 2117
PACZ | Range_Medium | 74 | 19001 | 217229157910908 | 0.198046 | 66.2733 | 0 | 1837
PACZ | Range_Medium | 75 | 2979 | 30582826976577 | 0.0417233 | 66.2733 | 0 | 497
PACZ | Range_Medium | 76 | 7351 | 61260457551522 | 0.0823339 | 66.2733 | 0 | 853
PACZ | Range_Medium | 77 | 16350 | 190106556404040 | 0.187635 | 66.2733 | 0 | 1797
PACZ | Range_Medium | 78 | 7442 | 84668601372762 | 0.0809828 | 66.2733 | 0 | 847
PACZ | Range_Medium | 79 | 46638 | 483969886711518 | 0.53064 | 66.2733 | 0 | 4411
PACZ | Range_Medium | 80 | 2169 | 27288619036335 | 0.037988 | 66.2733 | 0 | 515
PACZ | Range_Medium | 81 | 98733 | 1163050441128264 | 1.19495 | 66.2733 | 0 | 9039
PACZ | Range_Medium | 82 | 99312 | 1167447890659905 | 1.17707 | 66.2733 | 0 | 9015
PACZ | Range_Medium | 83 | 12838 | 140740861095390 | 0.134309 | 66.2733 | 0 | 1373
PACZ | Range_Medium | 84 | 6186 | 79140590941281 | 0.0743071 | 66.2733 | 0 | 759
PACZ | Range_Medium | 85 | 6208 | 78481581476988 | 0.0603199 | 66.2733 | 0 | 747
PACZ | Range_Medium | 86 | 85956 | 1002800042881551 | 0.998974 | 66.2733 | 0 | 8065
PACZ | Range_Medium | 87 | 99284 | 1167832454807388 | 1.14306 | 66.2733 | 0 | 9007
PACZ | Range_Medium | 88 | 87345 | 1031404146324183 | 1.05596 | 66.2733 | 0 | 8193
PACZ | Range_Medium | 89 | 37406 | 474722341483575 | 0.379006 | 66.2733 | 0 | 3279
PACZ | Range_Medium | 90 | 43188 | 490546658483115 | 0.459671 | 66.2733 | 0 | 3965
PACZ | Range_Medium | 91 | 29645 | 390561770394834 | 0.319719 | 66.2733 | 0 | 2807
PACZ | Range_Medium | 92 | 5911 | 77127774703794 | 0.0750224 | 66.2733 | 0 | 761
PACZ | Range_Medium | 93 | 99419 | 1169044017430917 | 1.21562 | 66.2733 | 0 | 9107
PACZ | Range_Medium | 94 | 97525 | 1139163499798113 | 1.2033 | 66.2733 | 0 | 8961
PACZ | Range_Medium | 95 | 3235 | 42342794125431 | 0.0443459 | 66.2733 | 0 | 555
PACZ | Range_Medium | 96 | 26513 | 307103436802395 | 0.2683 | 66.2733 | 0 | 2569
PACZ | Range_Medium | 97 | 58120 | 687282983016222 | 0.644286 | 66.2733 | 0 | 5167
PACZ | Range_Medium | 98 | 8588 | 96877629368349 | 0.106653 | 66.2733 | 0 | 1115
PACZ | Range_Medium | 99 | 80297 | 948314135648016 | 1.03998 | 66.2733 | 0 | 7507
PACZ | Range_Large | 0 | 450122 | 5275710334694262 | 5.1504 | 66.2733 | 0 | 35731
PACZ | Range_Large | 1 | 522538 | 6246084934941750 | 6.19634 | 66.2733 | 0 | 42385
PACZ | Range_Large | 2 | 351502 | 4012008548887347 | 4.01862 | 66.2733 | 0 | 27943
PACZ | Range_Large | 3 | 487904 | 5852561701397133 | 5.79572 | 66.2733 | 0 | 39569
PACZ | Range_Large | 4 | 466703 | 5453593664184240 | 5.34566 | 66.2733 | 0 | 37101
PACZ | Range_Large | 5 | 701482 | 8226851001980079 | 8.18666 | 66.2733 | 0 | 56535
PACZ | Range_Large | 6 | 585313 | 6981434361171603 | 6.8423 | 66.2733 | 0 | 47381
PACZ | Range_Large | 7 | 459129 | 5371534699201275 | 5.29234 | 66.2733 | 0 | 36649
PACZ | Range_Large | 8 | 658093 | 7714189300450500 | 7.72794 | 66.2733 | 0 | 53059
PACZ | Range_Large | 9 | 588590 | 6903010725535959 | 6.97263 | 66.2733 | 0 | 47665
PACZ | Range_Large | 10 | 762281 | 8978797191532449 | 8.95898 | 66.2733 | 0 | 61137
PACZ | Range_Large | 11 | 545965 | 6518218406979564 | 6.41433 | 66.2733 | 0 | 44177
PACZ | Range_Large | 12 | 480610 | 5764029054563073 | 5.60864 | 66.2733 | 0 | 39029
PACZ | Range_Large | 13 | 488953 | 5692702513290708 | 5.58233 | 66.2733 | 0 | 38875
PACZ | Range_Large | 14 | 731646 | 8629541556083598 | 8.52203 | 66.2733 | 0 | 58769
PACZ | Range_Large | 15 | 575097 | 6862970933899239 | 6.8357 | 66.2733 | 0 | 46619
PACZ | Range_Large | 16 | 507665 | 5939714312789853 | 5.87066 | 66.2733 | 0 | 40517
PACZ | Range_Large | 17 | 525997 | 6286795039632228 | 6.15072 | 66.2733 | 0 | 42617
PACZ | Range_Large | 18 | 505087 | 5919261958590960 | 5.89665 | 66.2733 | 0 | 40631
PACZ | Range_Large | 19 | 465623 | 5582260978399119 | 5.50866 | 66.2733 | 0 | 37817
PACZ | Range_Large | 20 | 764435 | 9002541538843953 | 8.9016 | 66.2733 | 0 | 61319
PACZ | Range_Large | 21 | 349155 | 3986319046563000 | 3.95799 | 66.2733 | 0 | 27821
PACZ | Range_Large | 22 | 664076 | 7861226202003105 | 7.78699 | 66.2733 | 0 | 53617
PACZ | Range_Large | 23 | 583866 | 6961575191999376 | 6.88672 | 66.2733 | 0 | 47253
PACZ | Range_Large | 24 | 483590 | 5646742443298236 | 5.54895 | 66.2733 | 0 | 38499
PACZ | Range_Large | 25 | 770916 | 9057246093381450 | 9.09034 | 66.2733 | 0 | 61677
PACZ | Range_Large | 26 | 474359 | 5544035832921609 | 5.54967 | 66.2733 | 0 | 37883
PACZ | Range_Large | 27 | 581589 | 6934374978985551 | 6.98105 | 66.2733 | 0 | 47107
PACZ | Range_Large | 28 | 665968 | 7800889231241703 | 7.85033 | 66.2733 | 0 | 53899
PACZ | Range_Large | 29 | 469869 | 5629993869253569 | 5.58829 | 66.2733 | 0 | 38063
PACZ | Range_Large | 30 | 584733 | 6860568692451960 | 6.85835 | 66.2733 | 0 | 47373
PACZ | Range_Large | 31 | 601320 | 7157464294022502 | 7.08771 | 66.2733 | 0 | 48905
PACZ | Range_Large | 32 | 760447 | 8963454633680919 | 8.63496 | 66.2733 | 0 | 60911
PACZ | Range_Large | 33 | 732127 | 8635736076929478 | 8.66501 | 66.2733 | 0 | 58635
PACZ | Range_Large | 34 | 513908 | 6135983404925034 | 6.07761 | 66.2733 | 0 | 41729
PACZ | Range_Large | 35 | 483165 | 5642888148965286 | 5.50461 | 66.2733 | 0 | 38481
PACZ | Range_Large | 36 | 486028 | 5664514354077141 | 5.56159 | 66.2733 | 0 | 38601
PACZ | Range_Large | 37 | 707562 | 8360957302766574 | 8.28028 | 66.2733 | 0 | 56885
PACZ | Range_Large | 38 | 718787 | 8409021401200500 | 8.45695 | 66.2733 | 0 | 57955
PACZ | Range_Large | 39 | 773906 | 9087625728249072 | 9.0003 | 66.2733 | 0 | 61825
PACZ | Range_Large | 40 | 494567 | 5765256392856255 | 5.70369 | 66.2733 | 0 | 39209
PACZ | Range_Large | 41 | 478186 | 5721042074207556 | 5.66665 | 66.2733 | 0 | 38789
PACZ | Range_Large | 42 | 530778 | 6335008054011042 | 6.29131 | 66.2733 | 0 | 43025
PACZ | Range_Large | 43 | 540893 | 6472876769365992 | 6.32532 | 66.2733 | 0 | 43923
PACZ | Range_Large | 44 | 724830 | 8497036836686733 | 8.47928 | 66.2733 | 0 | 58153
PACZ | Range_Large | 45 | 363221 | 4160746280232759 | 4.19704 | 66.2733 | 0 | 28931
PACZ | Range_Large | 46 | 718700 | 8485555881024120 | 8.46871 | 66.2733 | 0 | 57787
PACZ | Range_Large | 47 | 537134 | 6413079577434735 | 6.29695 | 66.2733 | 0 | 43451
PACZ | Range_Large | 48 | 425974 | 4853161246282083 | 5.09071 | 66.2733 | 0 | 35309
PACZ | Range_Large | 49 | 352798 | 4032112625098941 | 4.03333 | 66.2733 | 0 | 28171
PACZ | Range_Large | 50 | 686689 | 8062895162571819 | 8.03804 | 66.2733 | 0 | 55299
PACZ | Range_Large | 51 | 475050 | 5547560818742382 | 5.49134 | 66.2733 | 0 | 37897
PACZ | Range_Large | 52 | 763126 | 8987920312626528 | 8.91733 | 66.2733 | 0 | 61259
PACZ | Range_Large | 53 | 549140 | 6565152380771724 | 6.4404 | 66.2733 | 0 | 44531
PACZ | Range_Large | 54 | 463563 | 5558254524030507 | 5.46861 | 66.2733 | 0 | 37679
PACZ | Range_Large | 55 | 626450 | 7357447791477618 | 7.24165 | 66.2733 | 0 | 50681
PACZ | Range_Large | 56 | 746953 | 8800686362225142 | 8.69068 | 66.2733 | 0 | 59967
PACZ | Range_Large | 57 | 494721 | 5767748457257757 | 5.63002 | 66.2733 | 0 | 39217
PACZ | Range_Large | 58 | 310699 | 3524648658427191 | 3.73769 | 66.2733 | 0 | 26181
PACZ | Range_Large | 59 | 528163 | 6325013236240545 | 6.20699 | 66.2733 | 0 | 42831
PACZ | Range_Large | 60 | 584974 | 6973839896562045 | 6.91835 | 66.2733 | 0 | 47297
PACZ | Range_Large | 61 | 648446 | 7689245134985370 | 7.62439 | 66.2733 | 0 | 52483
PACZ | Range_Large | 62 | 552368 | 6592848650362428 | 6.49198 | 66.2733 | 0 | 44777
PACZ | Range_Large | 63 | 473941 | 5673725307053814 | 5.54299 | 66.2733 | 0 | 38469
PACZ | Range_Large | 64 | 620940 | 7286840675799606 | 7.22766 | 66.2733 | 0 | 50325
PACZ | Range_Large | 65 | 412838 | 4813365853758660 | 4.72498 | 66.2733 | 0 | 33073
PACZ | Range_Large | 66 | 471185 | 5643314223572226 | 5.47703 | 66.2733 | 0 | 38115
PACZ | Range_Large | 67 | 621551 | 7302789538435563 | 7.27399 | 66.2733 | 0 | 50219
PACZ | Range_Large | 68 | 338577 | 3844472168540727 | 4.07306 | 66.2733 | 0 | 28627
PACZ | Range_Large | 69 | 468331 | 5614555761341367 | 5.47067 | 66.2733 | 0 | 37963
PACZ | Range_Large | 70 | 663105 | 7771654753313274 | 7.76768 | 66.2733 | 0 | 53473
PACZ | Range_Large | 71 | 478412 | 5587061295369228 | 5.49936 | 66.2733 | 0 | 38171
PACZ | Range_Large | 72 | 386823 | 4467222326885607 | 4.5073 | 66.2733 | 0 | 30899
PACZ | Range_Large | 73 | 473327 | 5524508263033662 | 5.4187 | 66.2733 | 0 | 37717
PACZ | Range_Large | 74 | 711526 | 8344404053014149 | 8.34004 | 66.2733 | 0 | 57235
PACZ | Range_Large | 75 | 482822 | 5628548624557320 | 5.56461 | 66.2733 | 0 | 38341
PACZ | Range_Large | 76 | 764917 | 9008296947011853 | 8.907 | 66.2733 | 0 | 61333
PACZ | Range_Large | 77 | 491633 | 5895672232574706 | 5.85032 | 66.2733 | 0 | 39917
PACZ | Range_Large | 78 | 588056 | 7010004141660609 | 6.81535 | 66.2733 | 0 | 47523
PACZ | Range_Large | 79 | 478579 | 5727238784161086 | 5.67301 | 66.2733 | 0 | 38851
PACZ | Range_Large | 80 | 494013 | 5926965610306299 | 5.78968 | 66.2733 | 0 | 40139
PACZ | Range_Large | 81 | 446666 | 5242781561470368 | 5.16065 | 66.2733 | 0 | 35685
PACZ | Range_Large | 82 | 616381 | 7325379648848160 | 7.25404 | 66.2733 | 0 | 50047
PACZ | Range_Large | 83 | 588388 | 7018720529963388 | 6.88235 | 66.2733 | 0 | 47507
PACZ | Range_Large | 84 | 716925 | 8388840306644505 | 8.36698 | 66.2733 | 0 | 57639
PACZ | Range_Large | 85 | 663311 | 7771482629024391 | 7.79899 | 66.2733 | 0 | 53467
PACZ | Range_Large | 86 | 502687 | 6020735078999694 | 6.09668 | 66.2733 | 0 | 40927
PACZ | Range_Large | 87 | 407138 | 4742300804456496 | 4.69931 | 66.2733 | 0 | 32247
PACZ | Range_Large | 88 | 551308 | 6590626718299089 | 6.48999 | 66.2733 | 0 | 44735
PACZ | Range_Large | 89 | 462319 | 5541937506435687 | 5.47473 | 66.2733 | 0 | 37577
PACZ | Range_Large | 90 | 770810 | 9056201149476153 | 8.96962 | 66.2733 | 0 | 61675
PACZ | Range_Large | 91 | 467878 | 5610586094425806 | 5.51971 | 66.2733 | 0 | 37935
PACZ | Range_Large | 92 | 485108 | 5656164527330022 | 5.57733 | 66.2733 | 0 | 38589
PACZ | Range_Large | 93 | 480518 | 5612585174815317 | 5.61039 | 66.2733 | 0 | 38261
PACZ | Range_Large | 94 | 592338 | 7056494789124132 | 6.89801 | 66.2733 | 0 | 47699
PACZ | Range_Large | 95 | 755157 | 8901966331088301 | 8.77031 | 66.2733 | 0 | 60519
PACZ | Range_Large | 96 | 455692 | 5345771671632261 | 5.26834 | 66.2733 | 0 | 36287
PACZ | Range_Large | 97 | 604809 | 7104332319229380 | 7.07197 | 66.2733 | 0 | 49077
PACZ | Range_Large | 98 | 731823 | 8631545699422719 | 8.56169 | 66.2733 | 0 | 58789
PACZ | Range_Large | 99 | 336770 | 3840556282583985 | 3.87534 | 66.2733 | 0 | 26729
PACZ | kNN_10 | 0 | 10 | 119304652992 | 0.0487169 | 66.2733 | 0 | 309
PACZ | kNN_10 | 1 | 10 | 43338165540 | 0.0173251 | 66.2733 | 0 | 137
PACZ | kNN_10 | 2 | 10 | 145480948596 | 0.0823339 | 66.2733 | 0 | 587
PACZ | kNN_10 | 3 | 10 | 102554833110 | 0.041008 | 66.2733 | 0 | 347
PACZ | kNN_10 | 4 | 10 | 90163074480 | 0.0507037 | 66.2733 | 0 | 421
PACZ | kNN_10 | 5 | 10 | 131512074654 | 0.0267029 | 66.2733 | 0 | 226
PACZ | kNN_10 | 6 | 10 | 140416220604 | 0.0543594 | 66.2733 | 0 | 406
PACZ | kNN_10 | 7 | 10 | 102709715910 | 0.0417233 | 66.2733 | 0 | 373
PACZ | kNN_10 | 8 | 10 | 66978507558 | 0.00866254 | 66.2733 | 0 | 58
PACZ | kNN_10 | 9 | 10 | 137706594351 | 0.0450611 | 66.2733 | 0 | 347
PACZ | kNN_10 | 10 | 10 | 64971685992 | 0.0223319 | 66.2733 | 0 | 210
PACZ | kNN_10 | 11 | 10 | 90162724713 | 0.041008 | 66.2733 | 0 | 377
PACZ | kNN_10 | 12 | 10 | 128745533292 | 0.0469685 | 66.2733 | 0 | 369
PACZ | kNN_10 | 13 | 10 | 59528259009 | 0.0329812 | 66.2733 | 0 | 332
PACZ | kNN_10 | 14 | 10 | 92135511831 | 0.0603994 | 66.2733 | 0 | 498
PACZ | kNN_10 | 15 | 10 | 129034304505 | 0.0460148 | 66.2733 | 0 | 442
PACZ | kNN_10 | 16 | 10 | 127873671651 | 0.0449816 | 66.2733 | 0 | 399
PACZ | kNN_10 | 17 | 10 | 120038701548 | 0.0557105 | 66.2733 | 0 | 481
PACZ | kNN_10 | 18 | 10 | 104471110314 | 0.0610352 | 66.2733 | 0 | 492
PACZ | kNN_10 | 19 | 10 | 122072910210 | 0.0290076 | 66.2733 | 0 | 213
PACZ | kNN_10 | 20 | 10 | 120101624409 | 0.0413259 | 66.2733 | 0 | 365
PACZ | kNN_10 | 21 | 10 | 90172461798 | 0.0489553 | 66.2733 | 0 | 432
PACZ | kNN_10 | 22 | 10 | 130084238124 | 0.0456174 | 66.2733 | 0 | 427
PACZ | kNN_10 | 23 | 10 | 103549319142 | 0.0439485 | 66.2733 | 0 | 410
PACZ | kNN_10 | 24 | 10 | 109154423442 | 0.0389417 | 66.2733 | 0 | 291
PACZ | kNN_10 | 25 | 10 | 102715193286 | 0.037988 | 66.2733 | 0 | 345
PACZ | kNN_10 | 26 | 10 | 118785616389 | 0.0633399 | 66.2733 | 0 | 505
PACZ | kNN_10 | 27 | 10 | 104321607162 | 0.0402927 | 66.2733 | 0 | 372
PACZ | kNN_10 | 28 | 10 | 126362532411 | 0.0513395 | 66.2733 | 0 | 491
PACZ | kNN_10 | 29 | 10 | 113803791579 | 0.0306765 | 66.2733 | 0 | 310
PACZ | kNN_10 | 30 | 10 | 107801379399 | 0.039657 | 66.2733 | 0 | 347
PACZ | kNN_10 | 31 | 10 | 136446617001 | 0.0249545 | 66.2733 | 0 | 212
PACZ | kNN_10 | 32 | 10 | 126317266059 | 0.0543594 | 66.2733 | 0 | 484
PACZ | kNN_10 | 33 | 10 | 118562868009 | 0.0373522 | 66.2733 | 0 | 309
PACZ | kNN_10 | 34 | 10 | 130164892725 | 0.039657 | 66.2733 | 0 | 336
PACZ | kNN_10 | 35 | 10 | 90165308292 | 0.0463327 | 66.2733 | 0 | 406
PACZ | kNN_10 | 36 | 10 | 102454720848 | 0.0340144 | 66.2733 | 0 | 283
PACZ | kNN_10 | 37 | 10 | 137321275623 | 0.0210603 | 66.2733 | 0 | 155
PACZ | kNN_10 | 38 | 10 | 137276279241 | 0.0286897 | 66.2733 | 0 | 177
PACZ | kNN_10 | 39 | 10 | 119302225905 | 0.0519753 | 66.2733 | 0 | 415
PACZ | kNN_10 | 40 | 10 | 121767493587 | 0.033617 | 66.2733 | 0 | 270
PACZ | kNN_10 | 41 | 10 | 125377099713 | 0.0346502 | 66.2733 | 0 | 323
PACZ | kNN_10 | 42 | 10 | 90151494540 | 0.0414054 | 66.2733 | 0 | 313
PACZ | kNN_10 | 43 | 10 | 130163114187 | 0.0516574 | 66.2733 | 0 | 445
PACZ | kNN_10 | 44 | 10 | 59659410084 | 0.018994 | 66.2733 | 0 | 145
PACZ | kNN_10 | 45 | 10 | 137551571385 | 0.0267029 | 66.2733 | 0 | 285
PACZ | kNN_10 | 46 | 10 | 84322869624 | 0.018994 | 66.2733 | 0 | 199
PACZ | kNN_10 | 47 | 10 | 128976179151 | 0.0473658 | 66.2733 | 0 | 409
PACZ | kNN_10 | 48 | 10 | 123091887555 | 0.0402927 | 66.2733 | 0 | 338
PACZ | kNN_10 | 49 | 10 | 123243280926 | 0.0329812 | 66.2733 | 0 | 311
PACZ | kNN_10 | 50 | 10 | 44012884173 | 0.0540415 | 66.2733 | 0 | 457
PACZ | kNN_10 | 51 | 10 | 123283939548 | 0.0449816 | 66.2733 | 0 | 302
PACZ | kNN_10 | 52 | 10 | 110436911430 | 0.0583331 | 66.2733 | 0 | 543
PACZ | kNN_10 | 53 | 10 | 102674028741 | 0.0496705 | 66.2733 | 0 | 406
PACZ | kNN_10 | 54 | 10 | 112387251525 | 0.0406901 | 66.2733 | 0 | 384
PACZ | kNN_10 | 55 | 10 | 108848146053 | 0.0323455 | 66.2733 | 0 | 304
PACZ | kNN_10 | 56 | 10 | 130667649252 | 0.023365 | 66.2733 | 0 | 216
PACZ | kNN_10 | 57 | 10 | 126161442573 | 0.0503858 | 66.2733 | 0 | 434
PACZ | kNN_10 | 58 | 10 | 123039967059 | 0.0403722 | 66.2733 | 0 | 400
PACZ | kNN_10 | 59 | 10 | 107801376732 | 0.0353654 | 66.2733 | 0 | 352
PACZ | kNN_10 | 60 | 10 | 122903142381 | 0.0523726 | 66.2733 | 0 | 484
PACZ | kNN_10 | 61 | 10 | 103810748337 | 0.0323455 | 66.2733 | 0 | 283
PACZ | kNN_10 | 62 | 10 | 130164828918 | 0.0402927 | 66.2733 | 0 | 345
PACZ | kNN_10 | 63 | 10 | 91021917687 | 0.0349681 | 66.2733 | 0 | 327
PACZ | kNN_10 | 64 | 10 | 102195913953 | 0.0417233 | 66.2733 | 0 | 420
PACZ | kNN_10 | 65 | 10 | 102608712837 | 0.0443459 | 66.2733 | 0 | 389
PACZ | kNN_10 | 66 | 10 | 126362592300 | 0.0533263 | 66.2733 | 0 | 491
PACZ | kNN_10 | 67 | 10 | 123294428247 | 0.0349681 | 66.2733 | 0 | 296
PACZ | kNN_10 | 68 | 10 | 126317351502 | 0.0646114 | 66.2733 | 0 | 590
PACZ | kNN_10 | 69 | 10 | 81872280525 | 0.0463327 | 66.2733 | 0 | 394
PACZ | kNN_10 | 70 | 10 | 90099311463 | 0.0493526 | 66.2733 | 0 | 410
PACZ | kNN_10 | 71 | 10 | 90151501176 | 0.0470479 | 66.2733 | 0 | 362
PACZ | kNN_10 | 72 | 10 | 130079840190 | 0.0473658 | 66.2733 | 0 | 446
PACZ | kNN_10 | 73 | 10 | 141069186885 | 0.0646909 | 66.2733 | 0 | 526
PACZ | kNN_10 | 74 | 10 | 147517607757 | 0.045379 | 66.2733 | 0 | 450
PACZ | kNN_10 | 75 | 10 | 140417120064 | 0.0557105 | 66.2733 | 0 | 444
PACZ | kNN_10 | 76 | 10 | 123182323428 | 0.0246366 | 66.2733 | 0 | 252
PACZ | kNN_10 | 77 | 10 | 107803319277 | 0.0316302 | 66.2733 | 0 | 329
PACZ | kNN_10 | 78 | 10 | 102709364922 | 0.0369549 | 66.2733 | 0 | 357
PACZ | kNN_10 | 79 | 10 | 120451169619 | 0.017643 | 66.2733 | 0 | 190
PACZ | kNN_10 | 80 | 10 | 128228890896 | 0.0443459 | 66.2733 | 0 | 426
PACZ | kNN_10 | 81 | 10 | 109539369567 | 0.05428 | 66.2733 | 0 | 508
PACZ | kNN_10 | 82 | 10 | 123241865856 | 0.0463327 | 66.2733 | 0 | 362
PACZ | kNN_10 | 83 | 10 | 135074270475 | 0.0317097 | 66.2733 | 0 | 266
PACZ | kNN_10 | 84 | 10 | 119311336971 | 0.0290076 | 66.2733 | 0 | 255
PACZ | kNN_10 | 85 | 10 | 152479823241 | 0.0227292 | 66.2733 | 0 | 191
PACZ | kNN_10 | 86 | 10 | 119249436537 | 0.041008 | 66.2733 | 0 | 346
PACZ | kNN_10 | 87 | 10 | 67525609371 | 0.0163714 | 66.2733 | 0 | 139
PACZ | kNN_10 | 88 | 10 | 103811489010 | 0.0487169 | 66.2733 | 0 | 424
PACZ | kNN_10 | 89 | 10 | 41656327116 | 0.018994 | 66.2733 | 0 | 186
PACZ | kNN_10 | 90 | 10 | 111953718045 | 0.0352859 | 66.2733 | 0 | 305
PACZ | kNN_10 | 91 | 10 | 138179331321 | 0.0286897 | 66.2733 | 0 | 239
PACZ | kNN_10 | 92 | 10 | 145293150345 | 0.0426769 | 66.2733 | 0 | 336
PACZ | kNN_10 | 93 | 10 | 100446510987 | 0.0370344 | 66.2733 | 0 | 389
PACZ | kNN_10 | 94 | 10 | 92348334426 | 0.0270208 | 66.2733 | 0 | 242
PACZ | kNN_10 | 95 | 10 | 68996518470 | 0.0317097 | 66.2733 | 0 | 273
PACZ | kNN_10 | 96 | 10 | 129669174081 | 0.0370344 | 66.2733 | 0 | 387
PACZ | kNN_10 | 97 | 10 | 101472895509 | 0.0317097 | 66.2733 | 0 | 308
PACZ | kNN_10 | 98 | 10 | 125382149157 | 0.0270208 | 66.2733 | 0 | 255
PACZ | kNN_10 | 99 | 10 | 103312306665 | 0.036637 | 66.2733 | 0 | 399
PACZ | kNN_100 | 0 | 100 | 1193050461537 | 0.231028 | 66.2733 | 0 | 583
PACZ | kNN_100 | 1 | 100 | 497340254328 | 0.0890096 | 66.2733 | 0 | 232
PACZ | kNN_100 | 2 | 100 | 1451855932269 | 0.378688 | 66.2733 | 0 | 1024
PACZ | kNN_100 | 3 | 100 | 1025548358004 | 0.254711 | 66.2733 | 0 | 690
PACZ | kNN_100 | 4 | 100 | 901630598391 | 0.289599 | 66.2733 | 0 | 801
PACZ | kNN_100 | 5 | 100 | 1165131720819 | 0.166972 | 66.2733 | 0 | 418
PACZ | kNN_100 | 6 | 100 | 1401518698002 | 0.294288 | 66.2733 | 0 | 699
PACZ | kNN_100 | 7 | 100 | 1027097150661 | 0.259638 | 66.2733 | 0 | 798
PACZ | kNN_100 | 8 | 100 | 659430283785 | 0.0352859 | 66.2733 | 0 | 91
PACZ | kNN_100 | 9 | 100 | 1377065932353 | 0.213703 | 66.2733 | 0 | 589
PACZ | kNN_100 | 10 | 100 | 982575654531 | 0.113328 | 66.2733 | 0 | 296
PACZ | kNN_100 | 11 | 100 | 868061217036 | 0.261625 | 66.2733 | 0 | 739
PACZ | kNN_100 | 12 | 100 | 1252891766628 | 0.22165 | 66.2733 | 0 | 595
PACZ | kNN_100 | 13 | 100 | 719608044381 | 0.209729 | 66.2733 | 0 | 604
PACZ | kNN_100 | 14 | 100 | 1059879264741 | 0.330051 | 66.2733 | 0 | 925
PACZ | kNN_100 | 15 | 100 | 1248708527010 | 0.251691 | 66.2733 | 0 | 745
PACZ | kNN_100 | 16 | 100 | 1278736734249 | 0.25034 | 66.2733 | 0 | 768
PACZ | kNN_100 | 17 | 100 | 1206124951485 | 0.315984 | 66.2733 | 0 | 871
PACZ | kNN_100 | 18 | 100 | 1078820546958 | 0.351032 | 66.2733 | 0 | 947
PACZ | kNN_100 | 19 | 100 | 1220729093583 | 0.164032 | 66.2733 | 0 | 395
PACZ | kNN_100 | 20 | 100 | 1200405850092 | 0.285069 | 66.2733 | 0 | 627
PACZ | kNN_100 | 21 | 100 | 901724592846 | 0.355005 | 66.2733 | 0 | 942
PACZ | kNN_100 | 22 | 100 | 1238710501707 | 0.311295 | 66.2733 | 0 | 817
PACZ | kNN_100 | 23 | 100 | 1061360322762 | 0.285943 | 66.2733 | 0 | 831
PACZ | kNN_100 | 24 | 100 | 1058648961021 | 0.197013 | 66.2733 | 0 | 470
PACZ | kNN_100 | 25 | 100 | 1044713226750 | 0.242949 | 66.2733 | 0 | 655
PACZ | kNN_100 | 26 | 100 | 1162726372602 | 0.347296 | 66.2733 | 0 | 966
PACZ | kNN_100 | 27 | 100 | 1040967817812 | 0.255028 | 66.2733 | 0 | 781
PACZ | kNN_100 | 28 | 100 | 1264889603541 | 0.326713 | 66.2733 | 0 | 994
PACZ | kNN_100 | 29 | 100 | 1051448798535 | 0.209649 | 66.2733 | 0 | 687
PACZ | kNN_100 | 30 | 100 | 1082863033179 | 0.224988 | 66.2733 | 0 | 657
PACZ | kNN_100 | 31 | 100 | 1366588444689 | 0.125329 | 66.2733 | 0 | 372
PACZ | kNN_100 | 32 | 100 | 1263437121351 | 0.304699 | 66.2733 | 0 | 976
PACZ | kNN_100 | 33 | 100 | 1186524891966 | 0.21704 | 66.2733 | 0 | 631
PACZ | kNN_100 | 34 | 100 | 1301648621463 | 0.210047 | 66.2733 | 0 | 530
PACZ | kNN_100 | 35 | 100 | 901653106242 | 0.246684 | 66.2733 | 0 | 795
PACZ | kNN_100 | 36 | 100 | 1024547142657 | 0.178655 | 66.2733 | 0 | 514
PACZ | kNN_100 | 37 | 100 | 1373212759767 | 0.0963211 | 66.2733 | 0 | 229
PACZ | kNN_100 | 38 | 100 | 1372763000985 | 0.12366 | 66.2733 | 0 | 264
PACZ | kNN_100 | 39 | 100 | 1192997600940 | 0.28197 | 66.2733 | 0 | 770
PACZ | kNN_100 | 40 | 100 | 1217674934622 | 0.217994 | 66.2733 | 0 | 542
PACZ | kNN_100 | 41 | 100 | 1253770574727 | 0.178655 | 66.2733 | 0 | 580
PACZ | kNN_100 | 42 | 100 | 901516456830 | 0.228326 | 66.2733 | 0 | 632
PACZ | kNN_100 | 43 | 100 | 1301131541415 | 0.254393 | 66.2733 | 0 | 755
PACZ | kNN_100 | 44 | 100 | 796009082229 | 0.0723203 | 66.2733 | 0 | 198
PACZ | kNN_100 | 45 | 100 | 1364475201243 | 0.144641 | 66.2733 | 0 | 510
PACZ | kNN_100 | 46 | 100 | 815250187716 | 0.124375 | 66.2733 | 0 | 364
PACZ | kNN_100 | 47 | 100 | 1290171234609 | 0.251691 | 66.2733 | 0 | 754
PACZ | kNN_100 | 48 | 100 | 1230919534425 | 0.188033 | 66.2733 | 0 | 576
PACZ | kNN_100 | 49 | 100 | 1275039545790 | 0.198682 | 66.2733 | 0 | 577
PACZ | kNN_100 | 50 | 100 | 715400600955 | 0.252644 | 66.2733 | 0 | 833
PACZ | kNN_100 | 51 | 100 | 1232764858434 | 0.223716 | 66.2733 | 0 | 591
PACZ | kNN_100 | 52 | 100 | 1242787147365 | 0.307004 | 66.2733 | 0 | 1053
PACZ | kNN_100 | 53 | 100 | 1026635917944 | 0.232299 | 66.2733 | 0 | 771
PACZ | kNN_100 | 54 | 100 | 1137160477131 | 0.199397 | 66.2733 | 0 | 650
PACZ | kNN_100 | 55 | 100 | 1059800100087 | 0.195344 | 66.2733 | 0 | 638
PACZ | kNN_100 | 56 | 100 | 1310726133063 | 0.149012 | 66.2733 | 0 | 438
PACZ | kNN_100 | 57 | 100 | 1261614520908 | 0.241041 | 66.2733 | 0 | 866
PACZ | kNN_100 | 58 | 100 | 1267134174978 | 0.23667 | 66.2733 | 0 | 815
PACZ | kNN_100 | 59 | 100 | 1078013854092 | 0.199 | 66.2733 | 0 | 653
PACZ | kNN_100 | 60 | 100 | 1175475646338 | 0.257333 | 66.2733 | 0 | 862
PACZ | kNN_100 | 61 | 100 | 1035169059987 | 0.206391 | 66.2733 | 0 | 529
PACZ | kNN_100 | 62 | 100 | 1301648238582 | 0.204325 | 66.2733 | 0 | 593
PACZ | kNN_100 | 63 | 100 | 1317816600366 | 0.193675 | 66.2733 | 0 | 740
PACZ | kNN_100 | 64 | 100 | 1147185046851 | 0.215371 | 66.2733 | 0 | 724
PACZ | kNN_100 | 65 | 100 | 1026087160413 | 0.231663 | 66.2733 | 0 | 780
PACZ | kNN_100 | 66 | 100 | 1263598598235 | 0.280698 | 66.2733 | 0 | 917
PACZ | kNN_100 | 67 | 100 | 1232944086888 | 0.193675 | 66.2733 | 0 | 537
PACZ | kNN_100 | 68 | 100 | 1217946095295 | 0.353654 | 66.2733 | 0 | 1183
PACZ | kNN_100 | 69 | 100 | 1018960605120 | 0.326713 | 66.2733 | 0 | 736
PACZ | kNN_100 | 70 | 100 | 900996610281 | 0.251373 | 66.2733 | 0 | 718
PACZ | kNN_100 | 71 | 100 | 901514920464 | 0.268936 | 66.2733 | 0 | 611
PACZ | kNN_100 | 72 | 100 | 1300880237847 | 0.251691 | 66.2733 | 0 | 764
PACZ | kNN_100 | 73 | 100 | 1041877882836 | 0.282049 | 66.2733 | 0 | 987
PACZ | kNN_100 | 74 | 100 | 1475182198857 | 0.271718 | 66.2733 | 0 | 917
PACZ | kNN_100 | 75 | 100 | 1420217865504 | 0.300328 | 66.2733 | 0 | 794
PACZ | kNN_100 | 76 | 100 | 1227301477680 | 0.128667 | 66.2733 | 0 | 392
PACZ | kNN_100 | 77 | 100 | 1078033055532 | 0.173012 | 66.2733 | 0 | 574
PACZ | kNN_100 | 78 | 100 | 1027093690599 | 0.334024 | 66.2733 | 0 | 785
PACZ | kNN_100 | 79 | 100 | 1204511694951 | 0.104666 | 66.2733 | 0 | 268
PACZ | kNN_100 | 80 | 100 | 1262552910282 | 0.298023 | 66.2733 | 0 | 845
PACZ | kNN_100 | 81 | 100 | 1158393863169 | 0.286023 | 66.2733 | 0 | 941
PACZ | kNN_100 | 82 | 100 | 1232374672356 | 0.219981 | 66.2733 | 0 | 628
PACZ | kNN_100 | 83 | 100 | 1261851954216 | 0.213305 | 66.2733 | 0 | 526
PACZ | kNN_100 | 84 | 100 | 1192975431057 | 0.142654 | 66.2733 | 0 | 429
PACZ | kNN_100 | 85 | 100 | 1514214583245 | 0.0990232 | 66.2733 | 0 | 275
PACZ | kNN_100 | 86 | 100 | 1199648676390 | 0.183662 | 66.2733 | 0 | 506
PACZ | kNN_100 | 87 | 100 | 687776426937 | 0.0723203 | 66.2733 | 0 | 197
PACZ | kNN_100 | 88 | 100 | 1030611145026 | 0.248671 | 66.2733 | 0 | 788
PACZ | kNN_100 | 89 | 100 | 501151821627 | 0.104984 | 66.2733 | 0 | 340
PACZ | kNN_100 | 90 | 100 | 954466455459 | 0.199 | 66.2733 | 0 | 480
PACZ | kNN_100 | 91 | 100 | 1381793323386 | 0.163317 | 66.2733 | 0 | 374
PACZ | kNN_100 | 92 | 100 | 1320237567717 | 0.229359 | 66.2733 | 0 | 616
PACZ | kNN_100 | 93 | 100 | 1015836740277 | 0.245015 | 66.2733 | 0 | 725
PACZ | kNN_100 | 94 | 100 | 733846716810 | 0.141621 | 66.2733 | 0 | 427
PACZ | kNN_100 | 95 | 100 | 974163950502 | 0.229597 | 66.2733 | 0 | 515
PACZ | kNN_100 | 96 | 100 | 1117858592136 | 0.23063 | 66.2733 | 0 | 763
PACZ | kNN_100 | 97 | 100 | 1267313938194 | 0.162601 | 66.2733 | 0 | 497
PACZ | kNN_100 | 98 | 100 | 1277701733832 | 0.182629 | 66.2733 | 0 | 485
PACZ | kNN_100 | 99 | 100 | 1117112564496 | 0.232697 | 66.2733 | 0 | 774
