Algo | QType | QID | Count | Hash | Time_ms | Mem_Tree_MB | Mem_Delta_MB | Nodes
PACZ | Range_Small | 0 | 1478 | 14925736618281 | 0.0267029 | 132.787 | 0 | 321
PACZ | Range_Small | 1 | 4252 | 52318151140896 | 0.0573794 | 132.787 | 0 | 701
PACZ | Range_Small | 2 | 4135 | 56494439081877 | 0.0507037 | 132.787 | 0 | 607
PACZ | Range_Small | 3 | 1229 | 13062975192969 | 0.0186761 | 132.787 | 0 | 353
PACZ | Range_Small | 4 | 536 | 6313586778807 | 0.0112851 | 132.787 | 0 | 231
PACZ | Range_Small | 5 | 14339 | 175370768093019 | 0.174602 | 132.787 | 0 | 1763
PACZ | Range_Small | 6 | 12354 | 151408879012635 | 0.11905 | 132.787 | 0 | 1555
PACZ | Range_Small | 7 | 130 | 1915467647550 | 0.0110467 | 132.787 | 0 | 165
PACZ | Range_Small | 8 | 257 | 3786734791818 | 0.00635783 | 132.787 | 0 | 177
PACZ | Range_Small | 9 | 388 | 4343805567132 | 0.00898043 | 132.787 | 0 | 219
PACZ | Range_Small | 10 | 1073 | 14586973971726 | 0.0203451 | 132.787 | 0 | 271
PACZ | Range_Small | 11 | 62 | 919954828140 | 0.00532468 | 132.787 | 0 | 155
PACZ | Range_Small | 12 | 864 | 9608408536878 | 0.0163714 | 132.787 | 0 | 307
PACZ | Range_Small | 13 | 1170 | 14220416920701 | 0.0227292 | 132.787 | 0 | 327
PACZ | Range_Small | 14 | 743 | 6312807336150 | 0.0196298 | 132.787 | 0 | 231
PACZ | Range_Small | 15 | 13076 | 160402290983916 | 0.133276 | 132.787 | 0 | 1621
PACZ | Range_Small | 16 | 298 | 3050286137751 | 0.0143051 | 132.787 | 0 | 233
PACZ | Range_Small | 17 | 1818 | 19930419637845 | 0.0330607 | 132.787 | 0 | 399
PACZ | Range_Small | 18 | 20 | 271271475957 | 0.00365575 | 132.787 | 0 | 121
PACZ | Range_Small | 19 | 15460 | 189327511900152 | 0.168641 | 132.787 | 0 | 1899
PACZ | Range_Small | 20 | 12727 | 147666305015604 | 0.165701 | 132.787 | 0 | 1665
PACZ | Range_Small | 21 | 1019 | 12155501081790 | 0.0197093 | 132.787 | 0 | 307
PACZ | Range_Small | 22 | 467 | 6527660214867 | 0.0162919 | 132.787 | 0 | 255
PACZ | Range_Small | 23 | 658 | 6220425240498 | 0.015974 | 132.787 | 0 | 239
PACZ | Range_Small | 24 | 636 | 4512096843309 | 0.0210603 | 132.787 | 0 | 275
PACZ | Range_Small | 25 | 3099 | 40339384068597 | 0.0333786 | 132.787 | 0 | 415
PACZ | Range_Small | 26 | 1165 | 13812591293913 | 0.0243187 | 132.787 | 0 | 331
PACZ | Range_Small | 27 | 427 | 6151804943244 | 0.0123183 | 132.787 | 0 | 303
PACZ | Range_Small | 28 | 191 | 2790313161417 | 0.00564257 | 132.787 | 0 | 155
PACZ | Range_Small | 29 | 2016 | 17406792397743 | 0.0286102 | 132.787 | 0 | 391
PACZ | Range_Small | 30 | 772 | 10882205163243 | 0.0243187 | 132.787 | 0 | 369
PACZ | Range_Small | 31 | 73 | 890811541128 | 0.00532468 | 132.787 | 0 | 173
PACZ | Range_Small | 32 | 108 | 853073075112 | 0.00596046 | 132.787 | 0 | 187
PACZ | Range_Small | 33 | 3652 | 44844474479502 | 0.0469685 | 132.787 | 0 | 597
PACZ | Range_Small | 34 | 1364 | 16810503882570 | 0.0197093 | 132.787 | 0 | 337
PACZ | Range_Small | 35 | 78 | 1140642128289 | 0.0046889 | 132.787 | 0 | 155
PACZ | Range_Small | 36 | 5695 | 75889708360980 | 0.0693798 | 132.787 | 0 | 779
PACZ | Range_Small | 37 | 17328 | 204491060865726 | 0.163317 | 132.787 | 0 | 2053
PACZ | Range_Small | 38 | 137 | 1523612363928 | 0.0123183 | 132.787 | 0 | 197
PACZ | Range_Small | 39 | 896 | 12626551354848 | 0.0203451 | 132.787 | 0 | 269
PACZ | Range_Small | 40 | 16827 | 199107771107334 | 0.161012 | 132.787 | 0 | 2061
PACZ | Range_Small | 41 | 282 | 3433845651027 | 0.00596046 | 132.787 | 0 | 163
PACZ | Range_Small | 42 | 136 | 1977718985745 | 0.0103315 | 132.787 | 0 | 183
PACZ | Range_Small | 43 | 17112 | 206880016998522 | 0.19598 | 132.787 | 0 | 2023
PACZ | Range_Small | 44 | 2371 | 22063366619700 | 0.0439485 | 132.787 | 0 | 459
PACZ | Range_Small | 45 | 3560 | 43747334114652 | 0.0623067 | 132.787 | 0 | 631
PACZ | Range_Small | 46 | 974 | 9143612882139 | 0.0223319 | 132.787 | 0 | 331
PACZ | Range_Small | 47 | 217 | 2588835693882 | 0.00898043 | 132.787 | 0 | 201
PACZ | Range_Small | 48 | 3703 | 45893962236303 | 0.0633399 | 132.787 | 0 | 651
PACZ | Range_Small | 49 | 1027 | 12160902861438 | 0.0282923 | 132.787 | 0 | 297
PACZ | Range_Small | 50 | 528 | 4556642892321 | 0.0106494 | 132.787 | 0 | 243
PACZ | Range_Small | 51 | 782 | 9783579176286 | 0.0209808 | 132.787 | 0 | 251
PACZ | Range_Small | 52 | 724 | 7341568178031 | 0.0173251 | 132.787 | 0 | 255
PACZ | Range_Small | 53 | 1023 | 11279980480929 | 0.0272592 | 132.787 | 0 | 335
PACZ | Range_Small | 54 | 596 | 6970331162637 | 0.0162919 | 132.787 | 0 | 253
PACZ | Range_Small | 55 | 112 | 1162660773180 | 0.00762939 | 132.787 | 0 | 211
PACZ | Range_Small | 56 | 110 | 1165934702856 | 0.00762939 | 132.787 | 0 | 195
PACZ | Range_Small | 57 | 5041 | 61838886105156 | 0.0710487 | 132.787 | 0 | 755
PACZ | Range_Small | 58 | 5099 | 63671684613594 | 0.0716845 | 132.787 | 0 | 761
PACZ | Range_Small | 59 | 195 | 2138192550195 | 0.00627836 | 132.787 | 0 | 187
PACZ | Range_Small | 60 | 59 | 608818686798 | 0.00564257 | 132.787 | 0 | 163
PACZ | Range_Small | 61 | 3621 | 46763458508733 | 0.0480016 | 132.787 | 0 | 523
PACZ | Range_Small | 62 | 49 | 535229495025 | 0.00492732 | 132.787 | 0 | 151
PACZ | Range_Small | 63 | 1638 | 23157881425362 | 0.0306765 | 132.787 | 0 | 405
PACZ | Range_Small | 64 | 1167 | 13949514944244 | 0.0206629 | 132.787 | 0 | 321
PACZ | Range_Small | 65 | 169 | 1172506574334 | 0.0110467 | 132.787 | 0 | 185
PACZ | Range_Small | 66 | 120 | 528146739936 | 0.00532468 | 132.787 | 0 | 145
PACZ | Range_Small | 67 | 644 | 8866940769603 | 0.0210603 | 132.787 | 0 | 255
PACZ | Range_Small | 68 | 3458 | 43155303700605 | 0.0546773 | 132.787 | 0 | 615
PACZ | Range_Small | 69 | 4769 | 61417251134745 | 0.0510216 | 132.787 | 0 | 719
PACZ | Range_Small | 70 | 983 | 11636194887030 | 0.0177224 | 132.787 | 0 | 291
PACZ | Range_Small | 71 | 14212 | 165989982305244 | 0.197013 | 132.787 | 0 | 1789
PACZ | Range_Small | 72 | 464 | 5129886049302 | 0.0113646 | 132.787 | 0 | 253
PACZ | Range_Small | 73 | 601 | 7576228773432 | 0.0216961 | 132.787 | 0 | 249
PACZ | Range_Small | 74 | 286 | 4300531975686 | 0.00898043 | 132.787 | 0 | 199
PACZ | Range_Small | 75 | 948 | 11203518284058 | 0.0197093 | 132.787 | 0 | 301
PACZ | Range_Small | 76 | 345 | 3551473246404 | 0.00866254 | 132.787 | 0 | 221
PACZ | Range_Small | 77 | 17367 | 207116605177512 | 0.167608 | 132.787 | 0 | 2057
PACZ | Range_Small | 78 | 350 | 4287676306065 | 0.0112851 | 132.787 | 0 | 247
PACZ | Range_Small | 79 | 17701 | 212125838421771 | 0.147978 | 132.787 | 0 | 2129
PACZ | Range_Small | 80 | 1330 | 13904500765116 | 0.0243982 | 132.787 | 0 | 425
PACZ | Range_Small | 81 | 147 | 1813475558097 | 0.00834465 | 132.787 | 0 | 213
PACZ | Range_Small | 82 | 1953 | 24100811789661 | 0.0259876 | 132.787 | 0 | 425
PACZ | Range_Small | 83 | 495 | 5892805748706 | 0.0100136 | 132.787 | 0 | 225
PACZ | Range_Small | 84 | 1111 | 13331882238195 | 0.0153383 | 132.787 | 0 | 275
PACZ | Range_Small | 85 | 305 | 4013698407825 | 0.0100136 | 132.787 | 0 | 227
PACZ | Range_Small | 86 | 560 | 7142884801917 | 0.0110467 | 132.787 | 0 | 241
PACZ | Range_Small | 87 | 662 | 10449831787983 | 0.0123183 | 132.787 | 0 | 269
PACZ | Range_Small | 88 | 198 | 2681064059682 | 0.00667572 | 132.787 | 0 | 187
PACZ | Range_Small | 89 | 68 | 705798399690 | 0.0046889 | 132.787 | 0 | 149
PACZ | Range_Small | 90 | 381 | 4162638212697 | 0.00929832 | 132.787 | 0 | 241
PACZ | Range_Small | 91 | 1925 | 27656827151808 | 0.0229677 | 132.787 | 0 | 407
PACZ | Range_Small | 92 | 737 | 10110007637172 | 0.0123183 | 132.787 | 0 | 237
PACZ | Range_Small | 93 | 301 | 3698364075381 | 0.0113646 | 132.787 | 0 | 243
PACZ | Range_Small | 94 | 16385 | 198233887309080 | 0.149012 | 132.787 | 0 | 1985
PACZ | Range_Small | 95 | 1039 | 12326513867187 | 0.0173251 | 132.787 | 0 | 301
PACZ | Range_Small | 96 | 410 | 4344755240346 | 0.0116825 | 132.787 | 0 | 265
PACZ | Range_Small | 97 | 720 | 4290035346597 | 0.0133514 | 132.787 | 0 | 255
PACZ | Range_Small | 98 | 3923 | 48260572348155 | 0.0446637 | 132.787 | 0 | 631
PACZ | Range_Small | 99 | 207 | 2376483468858 | 0.00699361 | 132.787 | 0 | 191
PACZ | Range_Medium | 0 | 11694 | 154331335799808 | 0.108322 | 132.787 | 0 | 1253
PACZ | Range_Medium | 1 | 46218 | 550361907166671 | 0.491619 | 132.787 | 0 | 4267
PACZ | Range_Medium | 2 | 50435 | 529331933942223 | 0.487645 | 132.787 | 0 | 4817
PACZ | Range_Medium | 3 | 3684 | 23226465458901 | 0.039657 | 132.787 | 0 | 549
PACZ | Range_Medium | 4 | 17707 | 201822384439953 | 0.202338 | 132.787 | 0 | 1889
PACZ | Range_Medium | 5 | 9830 | 110643364029357 | 0.0896454 | 132.787 | 0 | 1115
PACZ | Range_Medium | 6 | 5715 | 45097638702993 | 0.0549952 | 132.787 | 0 | 761
PACZ | Range_Medium | 7 | 26582 | 314502186818781 | 0.256697 | 132.787 | 0 | 2899
PACZ | Range_Medium | 8 | 50303 | 589478270291160 | 0.472307 | 132.787 | 0 | 4737
PACZ | Range_Medium | 9 | 87756 | 1037015544581694 | 0.963688 | 132.787 | 0 | 8361
PACZ | Range_Medium | 10 | 47736 | 564080430680508 | 0.435352 | 132.787 | 0 | 4543
PACZ | Range_Medium | 11 | 95327 | 1120470223739874 | 1.05 | 132.787 | 0 | 9009
PACZ | Range_Medium | 12 | 37454 | 517763132378244 | 0.356356 | 132.787 | 0 | 3805
PACZ | Range_Medium | 13 | 9757 | 108494861338428 | 0.10999 | 132.787 | 0 | 1231
PACZ | Range_Medium | 14 | 88512 | 1046939209998978 | 0.990311 | 132.787 | 0 | 8275
PACZ | Range_Medium | 15 | 18832 | 250044577288002 | 0.191609 | 132.787 | 0 | 2143
PACZ | Range_Medium | 16 | 32534 | 427219919302533 | 0.335614 | 132.787 | 0 | 3291
PACZ | Range_Medium | 17 | 44683 | 473077825422159 | 0.487725 | 132.787 | 0 | 4335
PACZ | Range_Medium | 18 | 35811 | 425110542464454 | 0.404278 | 132.787 | 0 | 3549
PACZ | Range_Medium | 19 | 16063 | 180274495363959 | 0.185649 | 132.787 | 0 | 1835
PACZ | Range_Medium | 20 | 87770 | 1038491774002803 | 1.03935 | 132.787 | 0 | 8357
PACZ | Range_Medium | 21 | 42982 | 512582790209484 | 0.470002 | 132.787 | 0 | 4019
PACZ | Range_Medium | 22 | 59630 | 683298659077437 | 0.711679 | 132.787 | 0 | 5651
PACZ | Range_Medium | 23 | 40313 | 432668417330421 | 0.436385 | 132.787 | 0 | 4025
PACZ | Range_Medium | 24 | 51541 | 541628743107609 | 0.56839 | 132.787 | 0 | 4995
PACZ | Range_Medium | 25 | 9826 | 110467330498269 | 0.099659 | 132.787 | 0 | 1039
PACZ | Range_Medium | 26 | 64644 | 721971360255774 | 0.734329 | 132.787 | 0 | 6083
PACZ | Range_Medium | 27 | 53817 | 570831941370534 | 0.603994 | 132.787 | 0 | 5261
PACZ | Range_Medium | 28 | 17066 | 198389414300946 | 0.21402 | 132.787 | 0 | 1931
PACZ | Range_Medium | 29 | 25176 | 335174058100908 | 0.310977 | 132.787 | 0 | 2705
PACZ | Range_Medium | 30 | 20605 | 227491947636519 | 0.248035 | 132.787 | 0 | 2191
PACZ | Range_Medium | 31 | 30907 | 331272421226259 | 0.369628 | 132.787 | 0 | 3111
PACZ | Range_Medium | 32 | 43764 | 465665015444598 | 0.555674 | 132.787 | 0 | 4307
PACZ | Range_Medium | 33 | 10963 | 128720367052443 | 0.121991 | 132.787 | 0 | 1255
PACZ | Range_Medium | 34 | 86618 | 1030187922113949 | 1.11429 | 132.787 | 0 | 8147
PACZ | Range_Medium | 35 | 15193 | 181713249801414 | 0.171979 | 132.787 | 0 | 1843
PACZ | Range_Medium | 36 | 51449 | 540832828009671 | 0.612656 | 132.787 | 0 | 5065
PACZ | Range_Medium | 37 | 8080 | 92172825946452 | 0.0876586 | 132.787 | 0 | 933
PACZ | Range_Medium | 38 | 88292 | 1046305438094232 | 1.12995 | 132.787 | 0 | 8307
PACZ | Range_Medium | 39 | 4903 | 60446454730044 | 0.0583331 | 132.787 | 0 | 647
PACZ | Range_Medium | 40 | 28600 | 347224333971147 | 0.330369 | 132.787 | 0 | 3007
PACZ | Range_Medium | 41 | 14284 | 172717918068651 | 0.169675 | 132.787 | 0 | 1711
PACZ | Range_Medium | 42 | 8488 | 98600405108691 | 0.112295 | 132.787 | 0 | 1045
PACZ | Range_Medium | 43 | 13899 | 166010681028513 | 0.177304 | 132.787 | 0 | 1809
PACZ | Range_Medium | 44 | 3108 | 40921748782875 | 0.0483195 | 132.787 | 0 | 563
PACZ | Range_Medium | 45 | 87440 | 1038194582701812 | 1.17135 | 132.787 | 0 | 8253
PACZ | Range_Medium | 46 | 31341 | 356313772486200 | 0.377019 | 132.787 | 0 | 3333
PACZ | Range_Medium | 47 | 3016 | 38319552372483 | 0.039657 | 132.787 | 0 | 465
PACZ | Range_Medium | 48 | 96581 | 1135437201889896 | 1.27228 | 132.787 | 0 | 9009
PACZ | Range_Medium | 49 | 27607 | 287174068499676 | 0.297308 | 132.787 | 0 | 2773
PACZ | Range_Medium | 50 | 16023 | 174256428928197 | 0.185649 | 132.787 | 0 | 1775
PACZ | Range_Medium | 51 | 4490 | 60419131920840 | 0.0590483 | 132.787 | 0 | 659
PACZ | Range_Medium | 52 | 17234 | 204244766186514 | 0.198046 | 132.787 | 0 | 2013
PACZ | Range_Medium | 53 | 9724 | 107688531884082 | 0.127713 | 132.787 | 0 | 1351
PACZ | Range_Medium | 54 | 20700 | 248212001928579 | 0.24271 | 132.787 | 0 | 2275
PACZ | Range_Medium | 55 | 29765 | 355057600662135 | 0.344674 | 132.787 | 0 | 3045
PACZ | Range_Medium | 56 | 16936 | 185232300859965 | 0.197728 | 132.787 | 0 | 1889
PACZ | Range_Medium | 57 | 6033 | 79851797672967 | 0.0706514 | 132.787 | 0 | 723
PACZ | Range_Medium | 58 | 27629 | 334158789877047 | 0.334978 | 132.787 | 0 | 2913
PACZ | Range_Medium | 59 | 56169 | 649437751985970 | 0.669638 | 132.787 | 0 | 5291
PACZ | Range_Medium | 60 | 30381 | 374935687409556 | 0.349363 | 132.787 | 0 | 3175
PACZ | Range_Medium | 61 | 20592 | 246244126548945 | 0.238975 | 132.787 | 0 | 2267
PACZ | Range_Medium | 62 | 44240 | 528458372064903 | 0.484705 | 132.787 | 0 | 4115
PACZ | Range_Medium | 63 | 49239 | 505717080047787 | 0.582616 | 132.787 | 0 | 4911
PACZ | Range_Medium | 64 | 16587 | 195151243726437 | 0.195344 | 132.787 | 0 | 1915
PACZ | Range_Medium | 65 | 32060 | 339957923571636 | 0.359694 | 132.787 | 0 | 3253
PACZ | Range_Medium | 66 | 86729 | 1023609488471838 | 1.09204 | 132.787 | 0 | 8193
PACZ | Range_Medium | 67 | 50159 | 588489564291852 | 0.579993 | 132.787 | 0 | 4721
PACZ | Range_Medium | 68 | 18599 | 250774979822301 | 0.212669 | 132.787 | 0 | 2057
PACZ | Range_Medium | 69 | 30899 | 331181602886928 | 0.362317 | 132.787 | 0 | 3117
PACZ | Range_Medium | 70 | 3195 | 42101429774454 | 0.0476837 | 132.787 | 0 | 583
PACZ | Range_Medium | 71 | 11393 | 136826323933539 | 0.127316 | 132.787 | 0 | 1235
PACZ | Range_Medium | 72 | 4973 | 58865466246996 | 0.0686646 | 132.787 | 0 | 779
PACZ | Range_Medium | 73 | 21180 | 255531258457101 | 0.246048 | 132.787 | 0 | 2365
PACZ | Range_Medium | 74 | 21821 | 262786968426288 | 0.211 | 132.787 | 0 | 2387
PACZ | Range_Medium | 75 | 19205 | 235180364320740 | 0.243346 | 132.787 | 0 | 2083
PACZ | Range_Medium | 76 | 15983 | 209640531669819 | 0.210365 | 132.787 | 0 | 1753
PACZ | Range_Medium | 77 | 15544 | 187810978887153 | 0.187397 | 132.787 | 0 | 1815
PACZ | Range_Medium | 78 | 6105 | 68270827181808 | 0.0686646 | 132.787 | 0 | 677
PACZ | Range_Medium | 79 | 87555 | 1035108525869211 | 1.16865 | 132.787 | 0 | 8333
PACZ | Range_Medium | 80 | 6483 | 70831027164717 | 0.0730356 | 132.787 | 0 | 799
PACZ | Range_Medium | 81 | 67410 | 795308397184035 | 0.871023 | 132.787 | 0 | 6609
PACZ | Range_Medium | 82 | 10910 | 139367423455068 | 0.121037 | 132.787 | 0 | 1297
PACZ | Range_Medium | 83 | 16893 | 185040758089743 | 0.208696 | 132.787 | 0 | 1961
PACZ | Range_Medium | 84 | 35885 | 397228028689419 | 0.441631 | 132.787 | 0 | 3589
PACZ | Range_Medium | 85 | 42055 | 444349774943436 | 0.51864 | 132.787 | 0 | 4205
PACZ | Range_Medium | 86 | 52310 | 536221392609372 | 0.614007 | 132.787 | 0 | 5065
PACZ | Range_Medium | 87 | 19824 | 232319290488636 | 0.253995 | 132.787 | 0 | 2179
PACZ | Range_Medium | 88 | 5617 | 44381889011427 | 0.0756582 | 132.787 | 0 | 747
PACZ | Range_Medium | 89 | 46415 | 492401938319958 | 0.618617 | 132.787 | 0 | 4671
PACZ | Range_Medium | 90 | 6542 | 74107741767315 | 0.0710487 | 132.787 | 0 | 739
PACZ | Range_Medium | 91 | 88623 | 1049050243721178 | 1.12438 | 132.787 | 0 | 8329
PACZ | Range_Medium | 92 | 2129 | 13510883104449 | 0.0363191 | 132.787 | 0 | 441
PACZ | Range_Medium | 93 | 33980 | 376348368123642 | 0.37233 | 132.787 | 0 | 3341
PACZ | Range_Medium | 94 | 87760 | 1039605943635933 | 1.11699 | 132.787 | 0 | 8379
PACZ | Range_Medium | 95 | 1793 | 15892399895952 | 0.032266 | 132.787 | 0 | 419
PACZ | Range_Medium | 96 | 38202 | 416802146214525 | 0.432014 | 132.787 | 0 | 3751
PACZ | Range_Medium | 97 | 35228 | 423363895073676 | 0.409285 | 132.787 | 0 | 3791
PACZ | Range_Medium | 98 | 5496 | 67186908486075 | 0.0730356 | 132.787 | 0 | 785
PACZ | Range_Medium | 99 | 8707 | 104423446576209 | 0.102282 | 132.787 | 0 | 1093
PACZ | Range_Large | 0 | 543321 | 6415176542203191 | 7.02898 | 132.787 | 0 | 48235
PACZ | Range_Large | 1 | 463870 | 5511694865839755 | 6.03533 | 132.787 | 0 | 41235
PACZ | Range_Large | 2 | 274339 | 3197211079665294 | 3.56634 | 132.787 | 0 | 25065
PACZ | Range_Large | 3 | 631776 | 7397851745934429 | 8.1346 | 132.787 | 0 | 55661
PACZ | Range_Large | 4 | 331651 | 3864872698002750 | 4.31466 | 132.787 | 0 | 29335
PACZ | Range_Large | 5 | 289531 | 3316883987948277 | 3.71901 | 132.787 | 0 | 25981
PACZ | Range_Large | 6 | 279076 | 3176036441903796 | 3.54735 | 132.787 | 0 | 24131
PACZ | Range_Large | 7 | 517472 | 6074153482173753 | 6.85128 | 132.787 | 0 | 45697
PACZ | Range_Large | 8 | 580632 | 6786935098472457 | 7.64267 | 132.787 | 0 | 51221
PACZ | Range_Large | 9 | 375072 | 4371699128775249 | 4.85333 | 132.787 | 0 | 32891
PACZ | Range_Large | 10 | 430077 | 5128289739782019 | 5.66665 | 132.787 | 0 | 38431
PACZ | Range_Large | 11 | 522318 | 6127111660204722 | 6.73763 | 132.787 | 0 | 46063
PACZ | Range_Large | 12 | 420100 | 5007529111185699 | 5.54498 | 132.787 | 0 | 37437
PACZ | Range_Large | 13 | 369883 | 4414081339396593 | 4.67507 | 132.787 | 0 | 33027
PACZ | Range_Large | 14 | 466361 | 5463648920491077 | 5.97731 | 132.787 | 0 | 41187
PACZ | Range_Large | 15 | 391831 | 4679664464371533 | 4.98271 | 132.787 | 0 | 34997
PACZ | Range_Large | 16 | 387188 | 4506299228200077 | 4.99336 | 132.787 | 0 | 33827
PACZ | Range_Large | 17 | 376170 | 4382735678618952 | 4.75963 | 132.787 | 0 | 33019
PACZ | Range_Large | 18 | 383980 | 4582007803082379 | 5.06997 | 132.787 | 0 | 34279
PACZ | Range_Large | 19 | 379130 | 4414761925517889 | 4.91071 | 132.787 | 0 | 33235
PACZ | Range_Large | 20 | 415198 | 4952994554239881 | 5.42569 | 132.787 | 0 | 37087
PACZ | Range_Large | 21 | 389149 | 4534659845186952 | 5.00433 | 132.787 | 0 | 34067
PACZ | Range_Large | 22 | 375118 | 4468995881187150 | 4.87963 | 132.787 | 0 | 33465
PACZ | Range_Large | 23 | 362329 | 4208086432736595 | 4.68334 | 132.787 | 0 | 31803
PACZ | Range_Large | 24 | 468546 | 5577919824598518 | 6.12529 | 132.787 | 0 | 41685
PACZ | Range_Large | 25 | 400148 | 4678092799803837 | 5.22129 | 132.787 | 0 | 35257
PACZ | Range_Large | 26 | 544941 | 6443823191358789 | 7.26541 | 132.787 | 0 | 48535
PACZ | Range_Large | 27 | 362087 | 4324484702184480 | 4.71568 | 132.787 | 0 | 32351
PACZ | Range_Large | 28 | 460975 | 5399867886989262 | 6.04065 | 132.787 | 0 | 40653
PACZ | Range_Large | 29 | 472995 | 5623912163820228 | 6.16431 | 132.787 | 0 | 42019
PACZ | Range_Large | 30 | 288905 | 3310656108674682 | 3.79268 | 132.787 | 0 | 25109
PACZ | Range_Large | 31 | 347064 | 4052176763510616 | 4.61666 | 132.787 | 0 | 30517
PACZ | Range_Large | 32 | 397205 | 4726538065112079 | 5.36029 | 132.787 | 0 | 35437
PACZ | Range_Large | 33 | 275779 | 3138266116345407 | 3.57397 | 132.787 | 0 | 23891
PACZ | Range_Large | 34 | 580027 | 6781312190583846 | 7.74272 | 132.787 | 0 | 51177
PACZ | Range_Large | 35 | 323653 | 3760156313616786 | 4.342 | 132.787 | 0 | 28461
PACZ | Range_Large | 36 | 471294 | 5606734736610177 | 6.19872 | 132.787 | 0 | 41891
PACZ | Range_Large | 37 | 415403 | 4950059249446872 | 5.45168 | 132.787 | 0 | 36879
PACZ | Range_Large | 38 | 513593 | 6025892448199158 | 6.80598 | 132.787 | 0 | 45383
PACZ | Range_Large | 39 | 564297 | 6625750921092660 | 7.56796 | 132.787 | 0 | 49733
PACZ | Range_Large | 40 | 473952 | 5558886256506357 | 6.67032 | 132.787 | 0 | 41883
PACZ | Range_Large | 41 | 468652 | 5574440506957503 | 6.30403 | 132.787 | 0 | 41679
PACZ | Range_Large | 42 | 494477 | 5802559165822422 | 6.86868 | 132.787 | 0 | 43611
PACZ | Range_Large | 43 | 380145 | 4526497945534740 | 5.27962 | 132.787 | 0 | 33915
PACZ | Range_Large | 44 | 376750 | 4499568610375410 | 5.08833 | 132.787 | 0 | 33697
PACZ | Range_Large | 45 | 385023 | 4481789682499737 | 5.15866 | 132.787 | 0 | 33679
PACZ | Range_Large | 46 | 361114 | 4224720088206585 | 4.85969 | 132.787 | 0 | 31619
PACZ | Range_Large | 47 | 367650 | 4377635810324391 | 4.95466 | 132.787 | 0 | 32837
PACZ | Range_Large | 48 | 369470 | 4295598234710796 | 4.94305 | 132.787 | 0 | 32403
PACZ | Range_Large | 49 | 598321 | 7037688536797605 | 8.06467 | 132.787 | 0 | 52671
PACZ | Range_Large | 50 | 607972 | 7119747257569158 | 8.29935 | 132.787 | 0 | 53451
PACZ | Range_Large | 51 | 365158 | 4360015220974749 | 4.95132 | 132.787 | 0 | 32587
PACZ | Range_Large | 52 | 463414 | 5521896684246366 | 6.30569 | 132.787 | 0 | 41241
PACZ | Range_Large | 53 | 402732 | 4805326180126002 | 5.53139 | 132.787 | 0 | 35929
PACZ | Range_Large | 54 | 390577 | 4642846912773057 | 5.3587 | 132.787 | 0 | 34841
PACZ | Range_Large | 55 | 377883 | 4404414798086982 | 5.0447 | 132.787 | 0 | 33107
PACZ | Range_Large | 56 | 511448 | 6062061918344970 | 6.80335 | 132.787 | 0 | 45581
PACZ | Range_Large | 57 | 510016 | 5983463556521694 | 6.67938 | 132.787 | 0 | 44969
PACZ | Range_Large | 58 | 316258 | 3667446335187144 | 4.07028 | 132.787 | 0 | 27629
PACZ | Range_Large | 59 | 597406 | 7022955232798245 | 7.83396 | 132.787 | 0 | 52541
PACZ | Range_Large | 60 | 585793 | 6883102531976634 | 7.63567 | 132.787 | 0 | 51649
PACZ | Range_Large | 61 | 578698 | 6803414816353095 | 7.66428 | 132.787 | 0 | 51073
PACZ | Range_Large | 62 | 390991 | 4551397243510107 | 5.04533 | 132.787 | 0 | 34145
PACZ | Range_Large | 63 | 352476 | 4113313498214265 | 4.43673 | 132.787 | 0 | 30839
PACZ | Range_Large | 64 | 527642 | 6231797973284910 | 6.7633 | 132.787 | 0 | 46757
PACZ | Range_Large | 65 | 367027 | 4288468755390180 | 4.77362 | 132.787 | 0 | 32211
PACZ | Range_Large | 66 | 436481 | 5203510472165187 | 5.71267 | 132.787 | 0 | 38911
PACZ | Range_Large | 67 | 364974 | 4356899111563842 | 4.78395 | 132.787 | 0 | 32623
PACZ | Range_Large | 68 | 534833 | 6269815351316820 | 7.02993 | 132.787 | 0 | 47675
PACZ | Range_Large | 69 | 406450 | 4846391193921705 | 5.28598 | 132.787 | 0 | 36183
PACZ | Range_Large | 70 | 381420 | 4552792613042016 | 4.94838 | 132.787 | 0 | 34093
PACZ | Range_Large | 71 | 545199 | 6386310242700396 | 7.12331 | 132.787 | 0 | 48259
PACZ | Range_Large | 72 | 176874 | 2097925697762907 | 2.31767 | 132.787 | 0 | 16457
PACZ | Range_Large | 73 | 381170 | 4437051049150803 | 4.97468 | 132.787 | 0 | 33381
PACZ | Range_Large | 74 | 366889 | 4377889622919477 | 4.7787 | 132.787 | 0 | 32761
PACZ | Range_Large | 75 | 17 | 236816708799 | 0.0026226 | 132.787 | 0 | 53
PACZ | Range_Large | 76 | 470938 | 5605489831425018 | 6.17297 | 132.787 | 0 | 41885
PACZ | Range_Large | 77 | 522635 | 6128372235846369 | 6.64266 | 132.787 | 0 | 46217
PACZ | Range_Large | 78 | 471355 | 5607086368172484 | 6.06171 | 132.787 | 0 | 41883
PACZ | Range_Large | 79 | 429218 | 5120436322649598 | 5.46098 | 132.787 | 0 | 38249
PACZ | Range_Large | 80 | 275120 | 3167935516600284 | 3.62698 | 132.787 | 0 | 24905
PACZ | Range_Large | 81 | 378987 | 4520624996306244 | 4.93232 | 132.787 | 0 | 33811
PACZ | Range_Large | 82 | 230636 | 2626258990153983 | 2.96434 | 132.787 | 0 | 20509
PACZ | Range_Large | 83 | 380399 | 4425354004657170 | 4.88726 | 132.787 | 0 | 33181
PACZ | Range_Large | 84 | 472997 | 5628285893695290 | 6.17297 | 132.787 | 0 | 41999
PACZ | Range_Large | 85 | 584733 | 6869774010905649 | 7.61199 | 132.787 | 0 | 51545
PACZ | Range_Large | 86 | 472729 | 5621878212383637 | 6.17329 | 132.787 | 0 | 42001
PACZ | Range_Large | 87 | 433306 | 5155109520748926 | 5.63606 | 132.787 | 0 | 38621
PACZ | Range_Large | 88 | 365850 | 4273176975115728 | 4.70233 | 132.787 | 0 | 32147
PACZ | Range_Large | 89 | 612576 | 7147729056158028 | 8.05966 | 132.787 | 0 | 54009
PACZ | Range_Large | 90 | 451246 | 5283918340020330 | 6.00465 | 132.787 | 0 | 39771
PACZ | Range_Large | 91 | 633784 | 7406602686059535 | 8.23331 | 132.787 | 0 | 55605
PACZ | Range_Large | 92 | 416852 | 4969515022334229 | 5.46964 | 132.787 | 0 | 37151
PACZ | Range_Large | 93 | 382239 | 4552839495256533 | 4.98939 | 132.787 | 0 | 34095
PACZ | Range_Large | 94 | 470978 | 5605012648166985 | 6.15168 | 132.787 | 0 | 41899
PACZ | Range_Large | 95 | 468047 | 5569215416995806 | 6.16296 | 132.787 | 0 | 41659
PACZ | Range_Large | 96 | 597615 | 7022152237324281 | 7.82673 | 132.787 | 0 | 52633
PACZ | Range_Large | 97 | 518255 | 6081618678264708 | 6.74963 | 132.787 | 0 | 45811
PACZ | Range_Large | 98 | 376632 | 4388971461133014 | 4.74962 | 132.787 | 0 | 33043
PACZ | Range_Large | 99 | 465102 | 5533370893988223 | 6.10741 | 132.787 | 0 | 41339
PACZ | kNN_10 | 0 | 10 | 126315092208 | 0.0689824 | 132.787 | 0 | 466
PACZ | kNN_10 | 1 | 10 | 102243676641 | 0.0560284 | 132.787 | 0 | 417
PACZ | kNN_10 | 2 | 10 | 118802097435 | 0.039657 | 132.787 | 0 | 315
PACZ | kNN_10 | 3 | 10 | 94155259854 | 0.0487169 | 132.787 | 0 | 415
PACZ | kNN_10 | 4 | 10 | 90166920654 | 0.0543594 | 132.787 | 0 | 466
PACZ | kNN_10 | 5 | 10 | 135071519214 | 0.0400543 | 132.787 | 0 | 370
PACZ | kNN_10 | 6 | 10 | 123192206889 | 0.0633399 | 132.787 | 0 | 477
PACZ | kNN_10 | 7 | 10 | 137528057265 | 0.0329812 | 132.787 | 0 | 331
PACZ | kNN_10 | 8 | 10 | 129707773443 | 0.0540415 | 132.787 | 0 | 444
PACZ | kNN_10 | 9 | 10 | 127700283936 | 0.0443459 | 132.787 | 0 | 416
PACZ | kNN_10 | 10 | 10 | 122875747497 | 0.0422796 | 132.787 | 0 | 326
PACZ | kNN_10 | 11 | 10 | 141002670015 | 0.0376701 | 132.787 | 0 | 270
PACZ | kNN_10 | 12 | 10 | 90137968092 | 0.0303586 | 132.787 | 0 | 223
PACZ | kNN_10 | 13 | 10 | 123244743228 | 0.042359 | 132.787 | 0 | 333
PACZ | kNN_10 | 14 | 10 | 120468282144 | 0.0267029 | 132.787 | 0 | 251
PACZ | kNN_10 | 15 | 10 | 131415610038 | 0.0332991 | 132.787 | 0 | 245
PACZ | kNN_10 | 16 | 10 | 112548949965 | 0.0627041 | 132.787 | 0 | 527
PACZ | kNN_10 | 17 | 10 | 126317281320 | 0.0646909 | 132.787 | 0 | 534
PACZ | kNN_10 | 18 | 10 | 59605463091 | 0.0273387 | 132.787 | 0 | 233
PACZ | kNN_10 | 19 | 10 | 125375856834 | 0.0279744 | 132.787 | 0 | 236
PACZ | kNN_10 | 20 | 10 | 139883995005 | 0.00532468 | 132.787 | 0 | 55
PACZ | kNN_10 | 21 | 10 | 59906020038 | 0.0197093 | 132.787 | 0 | 150
PACZ | kNN_10 | 22 | 10 | 117935752116 | 0.0566641 | 132.787 | 0 | 493
PACZ | kNN_10 | 23 | 10 | 123093710325 | 0.032266 | 132.787 | 0 | 289
PACZ | kNN_10 | 24 | 10 | 149580638325 | 0.0276566 | 132.787 | 0 | 173
PACZ | kNN_10 | 25 | 10 | 104730488757 | 0.0356833 | 132.787 | 0 | 259
PACZ | kNN_10 | 26 | 10 | 131596863669 | 0.0343323 | 132.787 | 0 | 270
PACZ | kNN_10 | 27 | 10 | 127690219779 | 0.0449816 | 132.787 | 0 | 361
PACZ | kNN_10 | 28 | 10 | 126294168288 | 0.063022 | 132.787 | 0 | 501
PACZ | kNN_10 | 29 | 10 | 127040070381 | 0.0669956 | 132.787 | 0 | 451
PACZ | kNN_10 | 30 | 10 | 113734791744 | 0.0413259 | 132.787 | 0 | 427
PACZ | kNN_10 | 31 | 10 | 126372578244 | 0.0339349 | 132.787 | 0 | 266
PACZ | kNN_10 | 32 | 10 | 102608699289 | 0.0480016 | 132.787 | 0 | 367
PACZ | kNN_10 | 33 | 10 | 126362670615 | 0.0443459 | 132.787 | 0 | 451
PACZ | kNN_10 | 34 | 10 | 119297175996 | 0.048399 | 132.787 | 0 | 355
PACZ | kNN_10 | 35 | 10 | 126002758437 | 0.0270208 | 132.787 | 0 | 213
PACZ | kNN_10 | 36 | 10 | 76052103828 | 0.023365 | 132.787 | 0 | 224
PACZ | kNN_10 | 37 | 10 | 102554834010 | 0.0317097 | 132.787 | 0 | 308
PACZ | kNN_10 | 38 | 10 | 139840992633 | 0.0663598 | 132.787 | 0 | 499
PACZ | kNN_10 | 39 | 10 | 129937549371 | 0.0639757 | 132.787 | 0 | 508
PACZ | kNN_10 | 40 | 10 | 139841615763 | 0.0583331 | 132.787 | 0 | 459
PACZ | kNN_10 | 41 | 10 | 130170315534 | 0.0426769 | 132.787 | 0 | 318
PACZ | kNN_10 | 42 | 10 | 103614632007 | 0.0206629 | 132.787 | 0 | 178
PACZ | kNN_10 | 43 | 10 | 130010228214 | 0.0646909 | 132.787 | 0 | 519
PACZ | kNN_10 | 44 | 10 | 120469457781 | 0.0306765 | 132.787 | 0 | 281
PACZ | kNN_10 | 45 | 10 | 120222977631 | 0.0476042 | 132.787 | 0 | 416
PACZ | kNN_10 | 46 | 10 | 137162541963 | 0.0320276 | 132.787 | 0 | 294
PACZ | kNN_10 | 47 | 10 | 69480437082 | 0.0216961 | 132.787 | 0 | 169
PACZ | kNN_10 | 48 | 10 | 126435062580 | 0.0720024 | 132.787 | 0 | 591
PACZ | kNN_10 | 49 | 10 | 138688777968 | 0.0226498 | 132.787 | 0 | 168
PACZ | kNN_10 | 50 | 10 | 139084098675 | 0.0270208 | 132.787 | 0 | 220
PACZ | kNN_10 | 51 | 10 | 97100683995 | 0.0499884 | 132.787 | 0 | 432
PACZ | kNN_10 | 52 | 10 | 119309819136 | 0.0343323 | 132.787 | 0 | 268
PACZ | kNN_10 | 53 | 10 | 126339673113 | 0.0686646 | 132.787 | 0 | 621
PACZ | kNN_10 | 54 | 10 | 130082478795 | 0.044028 | 132.787 | 0 | 428
PACZ | kNN_10 | 55 | 10 | 134204346177 | 0.044028 | 132.787 | 0 | 472
PACZ | kNN_10 | 56 | 10 | 130269172317 | 0.0463327 | 132.787 | 0 | 457
PACZ | kNN_10 | 57 | 10 | 90028957830 | 0.0376701 | 132.787 | 0 | 326
PACZ | kNN_10 | 58 | 10 | 102358392582 | 0.0363986 | 132.787 | 0 | 307
PACZ | kNN_10 | 59 | 10 | 120453391554 | 0.0309944 | 132.787 | 0 | 240
PACZ | kNN_10 | 60 | 10 | 72204813651 | 0.0259876 | 132.787 | 0 | 199
PACZ | kNN_10 | 61 | 10 | 119457486330 | 0.0589689 | 132.787 | 0 | 475
PACZ | kNN_10 | 62 | 10 | 127120481826 | 0.0466506 | 132.787 | 0 | 415
PACZ | kNN_10 | 63 | 10 | 130402351953 | 0.0452995 | 132.787 | 0 | 436
PACZ | kNN_10 | 64 | 10 | 108108330009 | 0.0383059 | 132.787 | 0 | 337
PACZ | kNN_10 | 65 | 10 | 115664146743 | 0.0267029 | 132.787 | 0 | 216
PACZ | kNN_10 | 66 | 10 | 137860186248 | 0.0317097 | 132.787 | 0 | 303
PACZ | kNN_10 | 67 | 10 | 119248171260 | 0.0330607 | 132.787 | 0 | 288
PACZ | kNN_10 | 68 | 10 | 122757689556 | 0.0627041 | 132.787 | 0 | 545
PACZ | kNN_10 | 69 | 10 | 90128302140 | 0.0296434 | 132.787 | 0 | 254
PACZ | kNN_10 | 70 | 10 | 119780739741 | 0.0516574 | 132.787 | 0 | 417
PACZ | kNN_10 | 71 | 10 | 46629772776 | 0.0333786 | 132.787 | 0 | 325
PACZ | kNN_10 | 72 | 10 | 151085823630 | 0.0323455 | 132.787 | 0 | 215
PACZ | kNN_10 | 73 | 10 | 140788261203 | 0.0476837 | 132.787 | 0 | 384
PACZ | kNN_10 | 74 | 10 | 66457397751 | 0.0653267 | 132.787 | 0 | 585
PACZ | kNN_10 | 75 | 10 | 81375774357 | 0.0340144 | 132.787 | 0 | 290
PACZ | kNN_10 | 76 | 10 | 126178444677 | 0.0537237 | 132.787 | 0 | 487
PACZ | kNN_10 | 77 | 10 | 147326437956 | 0.0186761 | 132.787 | 0 | 171
PACZ | kNN_10 | 78 | 10 | 103811484504 | 0.0286897 | 132.787 | 0 | 288
PACZ | kNN_10 | 79 | 10 | 89483925330 | 0.0300407 | 132.787 | 0 | 290
PACZ | kNN_10 | 80 | 10 | 129710535579 | 0.0633399 | 132.787 | 0 | 517
PACZ | kNN_10 | 81 | 10 | 131619204093 | 0.0360012 | 132.787 | 0 | 324
PACZ | kNN_10 | 82 | 10 | 126701294082 | 0.0452995 | 132.787 | 0 | 413
PACZ | kNN_10 | 83 | 10 | 130081305738 | 0.0476837 | 132.787 | 0 | 455
PACZ | kNN_10 | 84 | 10 | 110541951054 | 0.0247161 | 132.787 | 0 | 190
PACZ | kNN_10 | 85 | 10 | 137334868218 | 0.0236829 | 132.787 | 0 | 159
PACZ | kNN_10 | 86 | 10 | 145346415135 | 0.060002 | 132.787 | 0 | 483
PACZ | kNN_10 | 87 | 10 | 118856478534 | 0.0340144 | 132.787 | 0 | 268
PACZ | kNN_10 | 88 | 10 | 122029011486 | 0.0199477 | 132.787 | 0 | 188
PACZ | kNN_10 | 89 | 10 | 129333019398 | 0.0539621 | 132.787 | 0 | 472
PACZ | kNN_10 | 90 | 10 | 93210354975 | 0.0306765 | 132.787 | 0 | 309
PACZ | kNN_10 | 91 | 10 | 147511271040 | 0.044028 | 132.787 | 0 | 433
PACZ | kNN_10 | 92 | 10 | 134778520014 | 0.0247161 | 132.787 | 0 | 222
PACZ | kNN_10 | 93 | 10 | 102405997686 | 0.036637 | 132.787 | 0 | 290
PACZ | kNN_10 | 94 | 10 | 129829067529 | 0.0536442 | 132.787 | 0 | 460
PACZ | kNN_10 | 95 | 10 | 138517524342 | 0.0249545 | 132.787 | 0 | 185
PACZ | kNN_10 | 96 | 10 | 137706579477 | 0.0389417 | 132.787 | 0 | 332
PACZ | kNN_10 | 97 | 10 | 103811484873 | 0.0309944 | 132.787 | 0 | 297
PACZ | kNN_10 | 98 | 10 | 137334879543 | 0.0193914 | 132.787 | 0 | 140
PACZ | kNN_10 | 99 | 10 | 118806004827 | 0.039657 | 132.787 | 0 | 326
PACZ | kNN_100 | 0 | 100 | 1263169747203 | 0.336329 | 132.787 | 0 | 910
PACZ | kNN_100 | 1 | 100 | 1073959794711 | 0.309388 | 132.787 | 0 | 789
PACZ | kNN_100 | 2 | 100 | 1187709666489 | 0.283718 | 132.787 | 0 | 697
PACZ | kNN_100 | 3 | 100 | 578698802931 | 0.317335 | 132.787 | 0 | 730
PACZ | kNN_100 | 4 | 100 | 1016369771349 | 0.319719 | 132.787 | 0 | 889
PACZ | kNN_100 | 5 | 100 | 1357817842818 | 0.254393 | 132.787 | 0 | 672
PACZ | kNN_100 | 6 | 100 | 1327358376021 | 0.390371 | 132.787 | 0 | 973
PACZ | kNN_100 | 7 | 100 | 1067145891441 | 0.202656 | 132.787 | 0 | 611
PACZ | kNN_100 | 8 | 100 | 1297607303322 | 0.355641 | 132.787 | 0 | 845
PACZ | kNN_100 | 9 | 100 | 1308713471202 | 0.296672 | 132.787 | 0 | 772
PACZ | kNN_100 | 10 | 100 | 1235953206033 | 0.228723 | 132.787 | 0 | 603
PACZ | kNN_100 | 11 | 100 | 1012346707932 | 0.23071 | 132.787 | 0 | 517
PACZ | kNN_100 | 12 | 100 | 901375876725 | 0.197013 | 132.787 | 0 | 503
PACZ | kNN_100 | 13 | 100 | 1232270979204 | 0.265678 | 132.787 | 0 | 620
PACZ | kNN_100 | 14 | 100 | 1221250945374 | 0.153701 | 132.787 | 0 | 369
PACZ | kNN_100 | 15 | 100 | 1314158728062 | 0.184377 | 132.787 | 0 | 421
PACZ | kNN_100 | 16 | 100 | 1125489520299 | 0.360648 | 132.787 | 0 | 928
PACZ | kNN_100 | 17 | 100 | 1263263352864 | 0.357072 | 132.787 | 0 | 1029
PACZ | kNN_100 | 18 | 100 | 596054706351 | 0.19002 | 132.787 | 0 | 472
PACZ | kNN_100 | 19 | 100 | 1253755803324 | 0.18994 | 132.787 | 0 | 478
PACZ | kNN_100 | 20 | 100 | 548675434167 | 0.0443459 | 132.787 | 0 | 106
PACZ | kNN_100 | 21 | 100 | 649466844303 | 0.0970364 | 132.787 | 0 | 237
PACZ | kNN_100 | 22 | 100 | 1202472771141 | 0.301361 | 132.787 | 0 | 909
PACZ | kNN_100 | 23 | 100 | 1230935312943 | 0.195026 | 132.787 | 0 | 552
PACZ | kNN_100 | 24 | 100 | 1485304044411 | 0.142336 | 132.787 | 0 | 288
PACZ | kNN_100 | 25 | 100 | 1047728959281 | 0.173648 | 132.787 | 0 | 433
PACZ | kNN_100 | 26 | 100 | 1315968588789 | 0.198682 | 132.787 | 0 | 511
PACZ | kNN_100 | 27 | 100 | 1289119082541 | 0.251293 | 132.787 | 0 | 681
PACZ | kNN_100 | 28 | 100 | 1183459145982 | 0.317335 | 132.787 | 0 | 957
PACZ | kNN_100 | 29 | 100 | 1165887709722 | 0.265996 | 132.787 | 0 | 809
PACZ | kNN_100 | 30 | 100 | 1131681980814 | 0.232697 | 132.787 | 0 | 817
PACZ | kNN_100 | 31 | 100 | 1263725763633 | 0.225703 | 132.787 | 0 | 555
PACZ | kNN_100 | 32 | 100 | 1026100269513 | 0.228723 | 132.787 | 0 | 687
PACZ | kNN_100 | 33 | 100 | 1229985237057 | 0.245333 | 132.787 | 0 | 865
PACZ | kNN_100 | 34 | 100 | 1192972292568 | 0.223955 | 132.787 | 0 | 588
PACZ | kNN_100 | 35 | 100 | 1260027778305 | 0.13264 | 132.787 | 0 | 359
PACZ | kNN_100 | 36 | 100 | 976442348244 | 0.148296 | 132.787 | 0 | 429
PACZ | kNN_100 | 37 | 100 | 1025548319601 | 0.198603 | 132.787 | 0 | 659
PACZ | kNN_100 | 38 | 100 | 1398409924590 | 0.318368 | 132.787 | 0 | 896
PACZ | kNN_100 | 39 | 100 | 1210347856797 | 0.377019 | 132.787 | 0 | 993
PACZ | kNN_100 | 40 | 100 | 1398415727943 | 0.353972 | 132.787 | 0 | 888
PACZ | kNN_100 | 41 | 100 | 1303340750565 | 0.238339 | 132.787 | 0 | 606
PACZ | kNN_100 | 42 | 100 | 1036146305583 | 0.126998 | 132.787 | 0 | 325
PACZ | kNN_100 | 43 | 100 | 1300209027789 | 0.324647 | 132.787 | 0 | 897
PACZ | kNN_100 | 44 | 100 | 1210375697439 | 0.139713 | 132.787 | 0 | 404
PACZ | kNN_100 | 45 | 100 | 1243109252151 | 0.23071 | 132.787 | 0 | 799
PACZ | kNN_100 | 46 | 100 | 1371625402434 | 0.190973 | 132.787 | 0 | 526
PACZ | kNN_100 | 47 | 100 | 743865043398 | 0.120004 | 132.787 | 0 | 346
PACZ | kNN_100 | 48 | 100 | 1264350630141 | 0.38298 | 132.787 | 0 | 1091
PACZ | kNN_100 | 49 | 100 | 1389171386649 | 0.140031 | 132.787 | 0 | 305
PACZ | kNN_100 | 50 | 100 | 1387971477747 | 0.157038 | 132.787 | 0 | 423
PACZ | kNN_100 | 51 | 100 | 1207673398779 | 0.3287 | 132.787 | 0 | 842
PACZ | kNN_100 | 52 | 100 | 1193051905182 | 0.171979 | 132.787 | 0 | 484
PACZ | kNN_100 | 53 | 100 | 1205671368399 | 0.365337 | 132.787 | 0 | 1190
PACZ | kNN_100 | 54 | 100 | 1235390536710 | 0.28801 | 132.787 | 0 | 797
PACZ | kNN_100 | 55 | 100 | 1442614222422 | 0.259956 | 132.787 | 0 | 849
PACZ | kNN_100 | 56 | 100 | 1288812092184 | 0.278632 | 132.787 | 0 | 862
PACZ | kNN_100 | 57 | 100 | 900289394106 | 0.212034 | 132.787 | 0 | 649
PACZ | kNN_100 | 58 | 100 | 1023580765119 | 0.199 | 132.787 | 0 | 566
PACZ | kNN_100 | 59 | 100 | 1204533907149 | 0.15672 | 132.787 | 0 | 354
PACZ | kNN_100 | 60 | 100 | 853955120070 | 0.166019 | 132.787 | 0 | 353
PACZ | kNN_100 | 61 | 100 | 1227807194136 | 0.336011 | 132.787 | 0 | 881
PACZ | kNN_100 | 62 | 100 | 1270911729429 | 0.258048 | 132.787 | 0 | 824
PACZ | kNN_100 | 63 | 100 | 1363688824671 | 0.247717 | 132.787 | 0 | 817
PACZ | kNN_100 | 64 | 100 | 1058211566634 | 0.228008 | 132.787 | 0 | 763
PACZ | kNN_100 | 65 | 100 | 1279389805923 | 0.169992 | 132.787 | 0 | 423
PACZ | kNN_100 | 66 | 100 | 1256598968229 | 0.15831 | 132.787 | 0 | 526
PACZ | kNN_100 | 67 | 100 | 1482599078595 | 0.146627 | 132.787 | 0 | 471
PACZ | kNN_100 | 68 | 100 | 1245134263884 | 0.329653 | 132.787 | 0 | 978
PACZ | kNN_100 | 69 | 100 | 901287172869 | 0.189702 | 132.787 | 0 | 480
PACZ | kNN_100 | 70 | 100 | 1197807416832 | 0.28499 | 132.787 | 0 | 728
PACZ | kNN_100 | 71 | 100 | 566868293496 | 0.183344 | 132.787 | 0 | 567
PACZ | kNN_100 | 72 | 100 | 1481682208920 | 0.13868 | 132.787 | 0 | 335
PACZ | kNN_100 | 73 | 100 | 1407880670553 | 0.235001 | 132.787 | 0 | 650
PACZ | kNN_100 | 74 | 100 | 664573990650 | 0.361284 | 132.787 | 0 | 1160
PACZ | kNN_100 | 75 | 100 | 849787109610 | 0.164668 | 132.787 | 0 | 498
PACZ | kNN_100 | 76 | 100 | 1250552691750 | 0.299374 | 132.787 | 0 | 988
PACZ | kNN_100 | 77 | 100 | 1473264372549 | 0.12668 | 132.787 | 0 | 337
PACZ | kNN_100 | 78 | 100 | 1043784344727 | 0.174681 | 132.787 | 0 | 583
PACZ | kNN_100 | 79 | 100 | 950798993322 | 0.165304 | 132.787 | 0 | 535
PACZ | kNN_100 | 80 | 100 | 1295083571295 | 0.312964 | 132.787 | 0 | 933
PACZ | kNN_100 | 81 | 100 | 1303655152395 | 0.183662 | 132.787 | 0 | 601
PACZ | kNN_100 | 82 | 100 | 1225668745545 | 0.281334 | 132.787 | 0 | 989
PACZ | kNN_100 | 83 | 100 | 1276159327482 | 0.293016 | 132.787 | 0 | 848
PACZ | kNN_100 | 84 | 100 | 1105419491262 | 0.0896454 | 132.787 | 0 | 253
PACZ | kNN_100 | 85 | 100 | 1373348610699 | 0.101964 | 132.787 | 0 | 269
PACZ | kNN_100 | 86 | 100 | 1415975877036 | 0.320673 | 132.787 | 0 | 995
PACZ | kNN_100 | 87 | 100 | 1253382849453 | 0.168324 | 132.787 | 0 | 481
PACZ | kNN_100 | 88 | 100 | 1207773797730 | 0.12668 | 132.787 | 0 | 385
PACZ | kNN_100 | 89 | 100 | 1236680002329 | 0.304937 | 132.787 | 0 | 858
PACZ | kNN_100 | 90 | 100 | 1131519348582 | 0.190337 | 132.787 | 0 | 559
PACZ | kNN_100 | 91 | 100 | 1475195156580 | 0.330687 | 132.787 | 0 | 878
PACZ | kNN_100 | 92 | 100 | 1348559740833 | 0.153939 | 132.787 | 0 | 429
PACZ | kNN_100 | 93 | 100 | 1019508963489 | 0.168324 | 132.787 | 0 | 547
PACZ | kNN_100 | 94 | 100 | 1281105384369 | 0.332991 | 132.787 | 0 | 948
PACZ | kNN_100 | 95 | 100 | 1385175217752 | 0.100692 | 132.787 | 0 | 276
PACZ | kNN_100 | 96 | 100 | 1353568003455 | 0.219663 | 132.787 | 0 | 574
PACZ | kNN_100 | 97 | 100 | 1042101500673 | 0.166019 | 132.787 | 0 | 589
PACZ | kNN_100 | 98 | 100 | 1373348621814 | 0.111024 | 132.787 | 0 | 319
PACZ | kNN_100 | 99 | 100 | 1188060065943 | 0.255346 | 132.787 | 0 | 732
