Algo | QType | QID | Count | Hash | Time_ms | Mem_Tree_MB | Mem_Delta_MB | Nodes
PACZ | Range_Small | 0 | 624 | 8768695958073 | 0.0183582 | 75.9729 | 0 | 219
PACZ | Range_Small | 1 | 91 | 1157030991582 | 0.00500679 | 75.9729 | 0 | 135
PACZ | Range_Small | 2 | 3948 | 48921610117647 | 0.0533263 | 75.9729 | 0 | 681
PACZ | Range_Small | 3 | 129 | 1769983216038 | 0.00802676 | 75.9729 | 0 | 213
PACZ | Range_Small | 4 | 391 | 2622430576905 | 0.0143846 | 75.9729 | 0 | 301
PACZ | Range_Small | 5 | 240 | 2040415695030 | 0.00762939 | 75.9729 | 0 | 203
PACZ | Range_Small | 6 | 137 | 1857243235143 | 0.00564257 | 75.9729 | 0 | 149
PACZ | Range_Small | 7 | 1579 | 19516866406392 | 0.0247161 | 75.9729 | 0 | 427
PACZ | Range_Small | 8 | 60 | 777488824833 | 0.00500679 | 75.9729 | 0 | 161
PACZ | Range_Small | 9 | 724 | 4313877426123 | 0.0129541 | 75.9729 | 0 | 279
PACZ | Range_Small | 10 | 472 | 5799787556412 | 0.0109673 | 75.9729 | 0 | 271
PACZ | Range_Small | 11 | 15803 | 192877488569823 | 0.193993 | 75.9729 | 0 | 1903
PACZ | Range_Small | 12 | 14262 | 175518856089069 | 0.141303 | 75.9729 | 0 | 1763
PACZ | Range_Small | 13 | 1388 | 17140827691770 | 0.0256697 | 75.9729 | 0 | 379
PACZ | Range_Small | 14 | 2542 | 32947959738333 | 0.0299613 | 75.9729 | 0 | 443
PACZ | Range_Small | 15 | 218 | 3270594716535 | 0.0112851 | 75.9729 | 0 | 199
PACZ | Range_Small | 16 | 2358 | 23415800215497 | 0.0389417 | 75.9729 | 0 | 535
PACZ | Range_Small | 17 | 4253 | 51572039745288 | 0.0583331 | 75.9729 | 0 | 659
PACZ | Range_Small | 18 | 487 | 5167110415176 | 0.0156562 | 75.9729 | 0 | 253
PACZ | Range_Small | 19 | 17069 | 202078159639038 | 0.204007 | 75.9729 | 0 | 1899
PACZ | Range_Small | 20 | 589 | 4381163613915 | 0.0120004 | 75.9729 | 0 | 229
PACZ | Range_Small | 21 | 516 | 3927383691414 | 0.0169277 | 75.9729 | 0 | 255
PACZ | Range_Small | 22 | 650 | 6954665866005 | 0.0209808 | 75.9729 | 0 | 259
PACZ | Range_Small | 23 | 1234 | 13576449523749 | 0.0206629 | 75.9729 | 0 | 379
PACZ | Range_Small | 24 | 1 | 11096790096 | 0.00166893 | 75.9729 | 0 | 65
PACZ | Range_Small | 25 | 222 | 3182030664537 | 0.00834465 | 75.9729 | 0 | 223
PACZ | Range_Small | 26 | 221 | 2781174004386 | 0.0162919 | 75.9729 | 0 | 207
PACZ | Range_Small | 27 | 1616 | 19946190693414 | 0.0272592 | 75.9729 | 0 | 425
PACZ | Range_Small | 28 | 857 | 9741101972106 | 0.0196298 | 75.9729 | 0 | 281
PACZ | Range_Small | 29 | 4026 | 49752552248385 | 0.0533263 | 75.9729 | 0 | 693
PACZ | Range_Small | 30 | 851 | 7025761732542 | 0.0160535 | 75.9729 | 0 | 259
PACZ | Range_Small | 31 | 2738 | 24300406392270 | 0.0443459 | 75.9729 | 0 | 503
PACZ | Range_Small | 32 | 1 | 6190494876 | 0.00166893 | 75.9729 | 0 | 51
PACZ | Range_Small | 33 | 210 | 2763539396583 | 0.00627836 | 75.9729 | 0 | 191
PACZ | Range_Small | 34 | 1768 | 25130528259717 | 0.0299613 | 75.9729 | 0 | 425
PACZ | Range_Small | 35 | 199 | 2741338515846 | 0.00929832 | 75.9729 | 0 | 223
PACZ | Range_Small | 36 | 123 | 1731251595987 | 0.0120004 | 75.9729 | 0 | 191
PACZ | Range_Small | 37 | 1683 | 17353622732793 | 0.0360012 | 75.9729 | 0 | 429
PACZ | Range_Small | 38 | 1078 | 13258114221354 | 0.0326633 | 75.9729 | 0 | 353
PACZ | Range_Small | 39 | 1033 | 11508027380610 | 0.0193119 | 75.9729 | 0 | 301
PACZ | Range_Small | 40 | 665 | 8194823628621 | 0.0123183 | 75.9729 | 0 | 253
PACZ | Range_Small | 41 | 1133 | 11691143910255 | 0.0346502 | 75.9729 | 0 | 367
PACZ | Range_Small | 42 | 1255 | 13439774836050 | 0.0226498 | 75.9729 | 0 | 349
PACZ | Range_Small | 43 | 492 | 5725762313055 | 0.0127157 | 75.9729 | 0 | 295
PACZ | Range_Small | 44 | 541 | 6549063353508 | 0.0163714 | 75.9729 | 0 | 307
PACZ | Range_Small | 45 | 3667 | 45013055923929 | 0.0560284 | 75.9729 | 0 | 697
PACZ | Range_Small | 46 | 1269 | 13137698373159 | 0.0246366 | 75.9729 | 0 | 383
PACZ | Range_Small | 47 | 1475 | 17699646501483 | 0.0272592 | 75.9729 | 0 | 405
PACZ | Range_Small | 48 | 130 | 1419022439583 | 0.0153383 | 75.9729 | 0 | 203
PACZ | Range_Small | 49 | 3 | 26737764267 | 0.00929832 | 75.9729 | 0 | 161
PACZ | Range_Small | 50 | 5579 | 71961295053954 | 0.0606378 | 75.9729 | 0 | 761
PACZ | Range_Small | 51 | 787 | 6314250092034 | 0.017643 | 75.9729 | 0 | 293
PACZ | Range_Small | 52 | 4649 | 58225323570171 | 0.0540415 | 75.9729 | 0 | 729
PACZ | Range_Small | 53 | 475 | 5792360223135 | 0.0153383 | 75.9729 | 0 | 235
PACZ | Range_Small | 54 | 19139 | 229656117266739 | 0.228008 | 75.9729 | 0 | 2191
PACZ | Range_Small | 55 | 1838 | 21860932052286 | 0.0270208 | 75.9729 | 0 | 355
PACZ | Range_Small | 56 | 1888 | 22870785921684 | 0.0332991 | 75.9729 | 0 | 373
PACZ | Range_Small | 57 | 793 | 9454069737123 | 0.0112851 | 75.9729 | 0 | 223
PACZ | Range_Small | 58 | 71 | 488620256790 | 0.00564257 | 75.9729 | 0 | 161
PACZ | Range_Small | 59 | 56 | 599140266627 | 0.00572205 | 75.9729 | 0 | 169
PACZ | Range_Small | 60 | 347 | 4196504982948 | 0.0173251 | 75.9729 | 0 | 297
PACZ | Range_Small | 61 | 412 | 5480963324127 | 0.0133514 | 75.9729 | 0 | 223
PACZ | Range_Small | 62 | 789 | 12523720371363 | 0.0135899 | 75.9729 | 0 | 301
PACZ | Range_Small | 63 | 232 | 2492905416660 | 0.0126362 | 75.9729 | 0 | 213
PACZ | Range_Small | 64 | 9352 | 116311120117035 | 0.127316 | 75.9729 | 0 | 1253
PACZ | Range_Small | 65 | 460 | 5651807931423 | 0.0156562 | 75.9729 | 0 | 251
PACZ | Range_Small | 66 | 3892 | 51969804011343 | 0.0580152 | 75.9729 | 0 | 659
PACZ | Range_Small | 67 | 344 | 2033410162491 | 0.0186761 | 75.9729 | 0 | 279
PACZ | Range_Small | 68 | 1340 | 15892205569857 | 0.0232855 | 75.9729 | 0 | 329
PACZ | Range_Small | 69 | 4794 | 59761482709443 | 0.0646114 | 75.9729 | 0 | 757
PACZ | Range_Small | 70 | 1124 | 13858506357594 | 0.0279744 | 75.9729 | 0 | 307
PACZ | Range_Small | 71 | 715 | 8549161058985 | 0.0249545 | 75.9729 | 0 | 247
PACZ | Range_Small | 72 | 423 | 4315481620515 | 0.014623 | 75.9729 | 0 | 229
PACZ | Range_Small | 73 | 3445 | 44575256671425 | 0.0526905 | 75.9729 | 0 | 529
PACZ | Range_Small | 74 | 14 | 113854903182 | 0.00460943 | 75.9729 | 0 | 133
PACZ | Range_Small | 75 | 1641 | 16976929548783 | 0.0286897 | 75.9729 | 0 | 421
PACZ | Range_Small | 76 | 28 | 247412973834 | 0.0029405 | 75.9729 | 0 | 103
PACZ | Range_Small | 77 | 4877 | 59913017662698 | 0.0633399 | 75.9729 | 0 | 793
PACZ | Range_Small | 78 | 1514 | 20848688121729 | 0.0267029 | 75.9729 | 0 | 395
PACZ | Range_Small | 79 | 2279 | 29278267225200 | 0.0332991 | 75.9729 | 0 | 465
PACZ | Range_Small | 80 | 1683 | 20744987458974 | 0.0232855 | 75.9729 | 0 | 393
PACZ | Range_Small | 81 | 679 | 7399651330851 | 0.0162919 | 75.9729 | 0 | 273
PACZ | Range_Small | 82 | 786 | 10985890191804 | 0.0150204 | 75.9729 | 0 | 319
PACZ | Range_Small | 83 | 3622 | 40423030446486 | 0.0496705 | 75.9729 | 0 | 515
PACZ | Range_Small | 84 | 64 | 872257760631 | 0.00969569 | 75.9729 | 0 | 161
PACZ | Range_Small | 85 | 1480 | 16592305092192 | 0.0209808 | 75.9729 | 0 | 371
PACZ | Range_Small | 86 | 3760 | 46695921343560 | 0.0507037 | 75.9729 | 0 | 623
PACZ | Range_Small | 87 | 5891 | 69064569924390 | 0.0987053 | 75.9729 | 0 | 947
PACZ | Range_Small | 88 | 5780 | 67932797266674 | 0.0793139 | 75.9729 | 0 | 929
PACZ | Range_Small | 89 | 880 | 10569060808398 | 0.0179609 | 75.9729 | 0 | 401
PACZ | Range_Small | 90 | 304 | 3297373035312 | 0.0103315 | 75.9729 | 0 | 261
PACZ | Range_Small | 91 | 513 | 7682139786471 | 0.0143051 | 75.9729 | 0 | 227
PACZ | Range_Small | 92 | 667 | 8777533362948 | 0.0212987 | 75.9729 | 0 | 263
PACZ | Range_Small | 93 | 87 | 396899900979 | 0.0106494 | 75.9729 | 0 | 189
PACZ | Range_Small | 94 | 741 | 9856085509542 | 0.0133514 | 75.9729 | 0 | 251
PACZ | Range_Small | 95 | 2008 | 24943350888081 | 0.0306765 | 75.9729 | 0 | 441
PACZ | Range_Small | 96 | 208 | 2904856581510 | 0.00794729 | 75.9729 | 0 | 201
PACZ | Range_Small | 97 | 1176 | 14347190337615 | 0.015974 | 75.9729 | 0 | 309
PACZ | Range_Small | 98 | 14574 | 169816632688221 | 0.160376 | 75.9729 | 0 | 1765
PACZ | Range_Small | 99 | 1138 | 14077293929325 | 0.015974 | 75.9729 | 0 | 329
PACZ | Range_Medium | 0 | 24911 | 274386012117399 | 0.231981 | 75.9729 | 0 | 2415
PACZ | Range_Medium | 1 | 20814 | 263133757880412 | 0.209014 | 75.9729 | 0 | 2091
PACZ | Range_Medium | 2 | 26873 | 304056137822577 | 0.246286 | 75.9729 | 0 | 2733
PACZ | Range_Medium | 3 | 42719 | 599062347064980 | 0.383615 | 75.9729 | 0 | 3819
PACZ | Range_Medium | 4 | 39529 | 535331181504555 | 0.34833 | 75.9729 | 0 | 3619
PACZ | Range_Medium | 5 | 102890 | 1198315029167328 | 1.1913 | 75.9729 | 0 | 9467
PACZ | Range_Medium | 6 | 640 | 4538761503969 | 0.0100136 | 75.9729 | 0 | 199
PACZ | Range_Medium | 7 | 99213 | 1166651138968332 | 1.00032 | 75.9729 | 0 | 9055
PACZ | Range_Medium | 8 | 38678 | 465350003509869 | 0.355959 | 75.9729 | 0 | 3563
PACZ | Range_Medium | 9 | 52199 | 624062398467963 | 0.495354 | 75.9729 | 0 | 4571
PACZ | Range_Medium | 10 | 14788 | 192975047503512 | 0.140667 | 75.9729 | 0 | 1505
PACZ | Range_Medium | 11 | 24806 | 273026135402160 | 0.231028 | 75.9729 | 0 | 2405
PACZ | Range_Medium | 12 | 93098 | 1087870151915751 | 1.0407 | 75.9729 | 0 | 8671
PACZ | Range_Medium | 13 | 98536 | 1159365877229085 | 1.03402 | 75.9729 | 0 | 9091
PACZ | Range_Medium | 14 | 6139 | 80712967983813 | 0.0616709 | 75.9729 | 0 | 735
PACZ | Range_Medium | 15 | 58809 | 689517076721193 | 0.66932 | 75.9729 | 0 | 5197
PACZ | Range_Medium | 16 | 77068 | 898907746650936 | 0.965039 | 75.9729 | 0 | 7241
PACZ | Range_Medium | 17 | 52715 | 544729813936113 | 0.571012 | 75.9729 | 0 | 4861
PACZ | Range_Medium | 18 | 57939 | 597666980501568 | 0.613292 | 75.9729 | 0 | 5211
PACZ | Range_Medium | 19 | 38734 | 443680870597245 | 0.421286 | 75.9729 | 0 | 3777
PACZ | Range_Medium | 20 | 24746 | 289770089504232 | 0.254313 | 75.9729 | 0 | 2371
PACZ | Range_Medium | 21 | 42133 | 505359831012654 | 0.418027 | 75.9729 | 0 | 3713
PACZ | Range_Medium | 22 | 5743 | 76267338827097 | 0.0683467 | 75.9729 | 0 | 743
PACZ | Range_Medium | 23 | 67400 | 710270623010019 | 0.72368 | 75.9729 | 0 | 5837
PACZ | Range_Medium | 24 | 17926 | 202497896080461 | 0.181675 | 75.9729 | 0 | 1825
PACZ | Range_Medium | 25 | 34709 | 352900745204724 | 0.360012 | 75.9729 | 0 | 3205
PACZ | Range_Medium | 26 | 15415 | 194058984847716 | 0.166019 | 75.9729 | 0 | 1559
PACZ | Range_Medium | 27 | 41858 | 566167688709579 | 0.413974 | 75.9729 | 0 | 3701
PACZ | Range_Medium | 28 | 98634 | 1161509843056674 | 1.16928 | 75.9729 | 0 | 8973
PACZ | Range_Medium | 29 | 15400 | 188124931124223 | 0.163953 | 75.9729 | 0 | 1655
PACZ | Range_Medium | 30 | 31003 | 313688155831875 | 0.307957 | 75.9729 | 0 | 2847
PACZ | Range_Medium | 31 | 27438 | 328604163714909 | 0.289361 | 75.9729 | 0 | 2773
PACZ | Range_Medium | 32 | 53041 | 632828936676798 | 0.572284 | 75.9729 | 0 | 4635
PACZ | Range_Medium | 33 | 62619 | 649408328265258 | 0.67536 | 75.9729 | 0 | 5613
PACZ | Range_Medium | 34 | 11217 | 106384117713588 | 0.127316 | 75.9729 | 0 | 1227
PACZ | Range_Medium | 35 | 60191 | 640896490882989 | 0.629028 | 75.9729 | 0 | 5323
PACZ | Range_Medium | 36 | 40208 | 481649333782194 | 0.412623 | 75.9729 | 0 | 3651
PACZ | Range_Medium | 37 | 5558 | 55207473188676 | 0.0743866 | 75.9729 | 0 | 817
PACZ | Range_Medium | 38 | 97108 | 1134929086020099 | 1.27538 | 75.9729 | 0 | 8937
PACZ | Range_Medium | 39 | 29612 | 351510635101023 | 0.319958 | 75.9729 | 0 | 2945
PACZ | Range_Medium | 40 | 23005 | 259851935784432 | 0.27434 | 75.9729 | 0 | 2491
PACZ | Range_Medium | 41 | 22471 | 274059720794481 | 0.253995 | 75.9729 | 0 | 2461
PACZ | Range_Medium | 42 | 76287 | 864519962976522 | 0.949383 | 75.9729 | 0 | 6671
PACZ | Range_Medium | 43 | 24346 | 276827551364466 | 0.2563 | 75.9729 | 0 | 2371
PACZ | Range_Medium | 44 | 6977 | 88930711720977 | 0.077645 | 75.9729 | 0 | 801
PACZ | Range_Medium | 45 | 29629 | 351353626947207 | 0.331958 | 75.9729 | 0 | 2957
PACZ | Range_Medium | 46 | 77879 | 875171686726476 | 0.910044 | 75.9729 | 0 | 6911
PACZ | Range_Medium | 47 | 17468 | 196766642108763 | 0.179688 | 75.9729 | 0 | 1731
PACZ | Range_Medium | 48 | 4000 | 53339752934754 | 0.0516574 | 75.9729 | 0 | 647
PACZ | Range_Medium | 49 | 25839 | 309258527973324 | 0.286659 | 75.9729 | 0 | 2591
PACZ | Range_Medium | 50 | 38861 | 465482258646594 | 0.44934 | 75.9729 | 0 | 3569
PACZ | Range_Medium | 51 | 17205 | 198062212058082 | 0.187953 | 75.9729 | 0 | 1697
PACZ | Range_Medium | 52 | 24559 | 291078684603048 | 0.260353 | 75.9729 | 0 | 2405
PACZ | Range_Medium | 53 | 96748 | 1130565866511957 | 1.20099 | 75.9729 | 0 | 8903
PACZ | Range_Medium | 54 | 64739 | 680953038228723 | 0.738621 | 75.9729 | 0 | 5721
PACZ | Range_Medium | 55 | 4243 | 32978744621748 | 0.0499884 | 75.9729 | 0 | 565
PACZ | Range_Medium | 56 | 46558 | 497526914202345 | 0.499328 | 75.9729 | 0 | 4245
PACZ | Range_Medium | 57 | 51258 | 709153890494499 | 0.543038 | 75.9729 | 0 | 4513
PACZ | Range_Medium | 58 | 34301 | 424301784177435 | 0.391006 | 75.9729 | 0 | 3273
PACZ | Range_Medium | 59 | 7019 | 65564832446592 | 0.0886917 | 75.9729 | 0 | 871
PACZ | Range_Medium | 60 | 50826 | 607959275825718 | 0.564019 | 75.9729 | 0 | 4469
PACZ | Range_Medium | 61 | 19185 | 210225805956411 | 0.212669 | 75.9729 | 0 | 2017
PACZ | Range_Medium | 62 | 12728 | 147683759030334 | 0.142972 | 75.9729 | 0 | 1465
PACZ | Range_Medium | 63 | 35556 | 360442861556178 | 0.374317 | 75.9729 | 0 | 3197
PACZ | Range_Medium | 64 | 47480 | 650823061126134 | 0.501315 | 75.9729 | 0 | 4089
PACZ | Range_Medium | 65 | 48276 | 577458925941051 | 0.542005 | 75.9729 | 0 | 4293
PACZ | Range_Medium | 66 | 21880 | 259230127652778 | 0.268698 | 75.9729 | 0 | 2429
PACZ | Range_Medium | 67 | 42586 | 567627223641813 | 0.468334 | 75.9729 | 0 | 3767
PACZ | Range_Medium | 68 | 836 | 8349737472864 | 0.0259876 | 75.9729 | 0 | 387
PACZ | Range_Medium | 69 | 37215 | 457909679581041 | 0.410398 | 75.9729 | 0 | 3521
PACZ | Range_Medium | 70 | 90435 | 1032631097284689 | 1.12899 | 75.9729 | 0 | 8333
PACZ | Range_Medium | 71 | 25486 | 307846951668441 | 0.267267 | 75.9729 | 0 | 2431
PACZ | Range_Medium | 72 | 4226 | 32795505532143 | 0.0507037 | 75.9729 | 0 | 565
PACZ | Range_Medium | 73 | 40373 | 479022871268505 | 0.437657 | 75.9729 | 0 | 3679
PACZ | Range_Medium | 74 | 1 | 8037219123 | 0.00230471 | 75.9729 | 0 | 57
PACZ | Range_Medium | 75 | 12822 | 158011124398323 | 0.142336 | 75.9729 | 0 | 1345
PACZ | Range_Medium | 76 | 48139 | 585600595071783 | 0.50203 | 75.9729 | 0 | 4313
PACZ | Range_Medium | 77 | 45025 | 537980543850726 | 0.533263 | 75.9729 | 0 | 3989
PACZ | Range_Medium | 78 | 13637 | 179962557274992 | 0.152667 | 75.9729 | 0 | 1339
PACZ | Range_Medium | 79 | 43542 | 601940487975573 | 0.486374 | 75.9729 | 0 | 3793
PACZ | Range_Medium | 80 | 41608 | 499980804499899 | 0.438293 | 75.9729 | 0 | 3695
PACZ | Range_Medium | 81 | 4253 | 50809002414573 | 0.0493526 | 75.9729 | 0 | 559
PACZ | Range_Medium | 82 | 41296 | 449738319152580 | 0.44934 | 75.9729 | 0 | 3783
PACZ | Range_Medium | 83 | 22397 | 271689669575799 | 0.23365 | 75.9729 | 0 | 2263
PACZ | Range_Medium | 84 | 39447 | 482299742155920 | 0.409683 | 75.9729 | 0 | 3581
PACZ | Range_Medium | 85 | 54029 | 643022781357570 | 0.619014 | 75.9729 | 0 | 4735
PACZ | Range_Medium | 86 | 51421 | 558905358045618 | 0.566641 | 75.9729 | 0 | 4625
PACZ | Range_Medium | 87 | 30376 | 378455040990954 | 0.321945 | 75.9729 | 0 | 2837
PACZ | Range_Medium | 88 | 34569 | 384600249870942 | 0.353654 | 75.9729 | 0 | 3259
PACZ | Range_Medium | 89 | 53401 | 638059419744600 | 0.645955 | 75.9729 | 0 | 5223
PACZ | Range_Medium | 90 | 39391 | 485579801749689 | 0.435352 | 75.9729 | 0 | 3767
PACZ | Range_Medium | 91 | 85358 | 969774994622019 | 1.00803 | 75.9729 | 0 | 7849
PACZ | Range_Medium | 92 | 22145 | 266365962895800 | 0.225623 | 75.9729 | 0 | 2197
PACZ | Range_Medium | 93 | 31397 | 393584203100886 | 0.375668 | 75.9729 | 0 | 2969
PACZ | Range_Medium | 94 | 103313 | 1190256603571167 | 1.28134 | 75.9729 | 0 | 9471
PACZ | Range_Medium | 95 | 12236 | 143418276267387 | 0.149965 | 75.9729 | 0 | 1543
PACZ | Range_Medium | 96 | 24406 | 268081320716091 | 0.245333 | 75.9729 | 0 | 2367
PACZ | Range_Medium | 97 | 63016 | 654916628252241 | 0.742674 | 75.9729 | 0 | 5553
PACZ | Range_Medium | 98 | 97982 | 1157866327348488 | 1.22666 | 75.9729 | 0 | 9037
PACZ | Range_Medium | 99 | 37430 | 413264930349618 | 0.392993 | 75.9729 | 0 | 3527
PACZ | Range_Large | 0 | 394340 | 4509209331174867 | 4.82472 | 75.9729 | 0 | 33243
PACZ | Range_Large | 1 | 459352 | 5350977345749148 | 5.47568 | 75.9729 | 0 | 37281
PACZ | Range_Large | 2 | 451635 | 5404377694313238 | 5.40034 | 75.9729 | 0 | 37043
PACZ | Range_Large | 3 | 702355 | 8283390463351548 | 8.35665 | 75.9729 | 0 | 56967
PACZ | Range_Large | 4 | 343619 | 3932962142795994 | 3.97801 | 75.9729 | 0 | 27853
PACZ | Range_Large | 5 | 425377 | 4989411353373816 | 5.08467 | 75.9729 | 0 | 34525
PACZ | Range_Large | 6 | 237678 | 2677706320352334 | 2.94662 | 75.9729 | 0 | 20385
PACZ | Range_Large | 7 | 688525 | 8133413085324276 | 8.22703 | 75.9729 | 0 | 56099
PACZ | Range_Large | 8 | 441228 | 5283726561844329 | 5.3153 | 75.9729 | 0 | 36283
PACZ | Range_Large | 9 | 567206 | 6749453304426873 | 6.90667 | 75.9729 | 0 | 46293
PACZ | Range_Large | 10 | 356543 | 4112769308359692 | 4.20101 | 75.9729 | 0 | 28839
PACZ | Range_Large | 11 | 468568 | 5449322825058627 | 5.57001 | 75.9729 | 0 | 37771
PACZ | Range_Large | 12 | 324852 | 3689363394498597 | 3.8383 | 75.9729 | 0 | 26283
PACZ | Range_Large | 13 | 568076 | 6668179237272963 | 6.80836 | 75.9729 | 0 | 46591
PACZ | Range_Large | 14 | 434746 | 5096102394949272 | 5.07998 | 75.9729 | 0 | 35147
PACZ | Range_Large | 15 | 721450 | 8480600774380335 | 8.73431 | 75.9729 | 0 | 58785
PACZ | Range_Large | 16 | 467105 | 5430847062337965 | 5.45939 | 75.9729 | 0 | 37675
PACZ | Range_Large | 17 | 564739 | 6721037074972620 | 6.72595 | 75.9729 | 0 | 46139
PACZ | Range_Large | 18 | 432448 | 5071539755242554 | 5.1163 | 75.9729 | 0 | 35015
PACZ | Range_Large | 19 | 586966 | 6976671561541908 | 7.06371 | 75.9729 | 0 | 48043
PACZ | Range_Large | 20 | 468233 | 5451560037029643 | 5.64861 | 75.9729 | 0 | 37785
PACZ | Range_Large | 21 | 341361 | 3889705073967945 | 4.31331 | 75.9729 | 0 | 28715
PACZ | Range_Large | 22 | 572920 | 6812336726489673 | 6.92304 | 75.9729 | 0 | 46637
PACZ | Range_Large | 23 | 574454 | 6831458427079428 | 6.83633 | 75.9729 | 0 | 46687
PACZ | Range_Large | 24 | 719204 | 8469850701237966 | 8.62233 | 75.9729 | 0 | 58415
PACZ | Range_Large | 25 | 517470 | 6124260323877117 | 6.18402 | 75.9729 | 0 | 42331
PACZ | Range_Large | 26 | 468655 | 5598086488574193 | 5.54999 | 75.9729 | 0 | 38329
PACZ | Range_Large | 27 | 666398 | 7881810839704635 | 7.98901 | 75.9729 | 0 | 54465
PACZ | Range_Large | 28 | 338867 | 3879495837134580 | 4.02633 | 75.9729 | 0 | 27565
PACZ | Range_Large | 29 | 567593 | 6755452476526797 | 6.79127 | 75.9729 | 0 | 46311
PACZ | Range_Large | 30 | 723283 | 8505451533950883 | 8.605 | 75.9729 | 0 | 58665
PACZ | Range_Large | 31 | 733616 | 8620924909532850 | 8.87132 | 75.9729 | 0 | 59637
PACZ | Range_Large | 32 | 675131 | 7977867176130312 | 8.09002 | 75.9729 | 0 | 54935
PACZ | Range_Large | 33 | 564802 | 6721454444022102 | 6.81369 | 75.9729 | 0 | 46139
PACZ | Range_Large | 34 | 618006 | 7250221933499658 | 7.40465 | 75.9729 | 0 | 50475
PACZ | Range_Large | 35 | 571921 | 6807572229878454 | 7.00537 | 75.9729 | 0 | 46575
PACZ | Range_Large | 36 | 638250 | 7474448971946724 | 7.773 | 75.9729 | 0 | 52167
PACZ | Range_Large | 37 | 634845 | 7443275982937677 | 7.58696 | 75.9729 | 0 | 51863
PACZ | Range_Large | 38 | 689621 | 8125856760162717 | 8.36595 | 75.9729 | 0 | 56257
PACZ | Range_Large | 39 | 392939 | 4576621250510544 | 4.66736 | 75.9729 | 0 | 32033
PACZ | Range_Large | 40 | 480407 | 5752594683822024 | 5.73635 | 75.9729 | 0 | 39489
PACZ | Range_Large | 41 | 710850 | 8362187279491413 | 8.418 | 75.9729 | 0 | 57747
PACZ | Range_Large | 42 | 439890 | 5140680027446472 | 5.12298 | 75.9729 | 0 | 35653
PACZ | Range_Large | 43 | 759901 | 8924098607694795 | 9.05935 | 75.9729 | 0 | 61587
PACZ | Range_Large | 44 | 509135 | 6073249954691499 | 6.11138 | 75.9729 | 0 | 41687
PACZ | Range_Large | 45 | 739257 | 8663116576453905 | 8.80265 | 75.9729 | 0 | 59891
PACZ | Range_Large | 46 | 681988 | 8044342849080723 | 8.28735 | 75.9729 | 0 | 55587
PACZ | Range_Large | 47 | 433257 | 5079976403639502 | 5.11829 | 75.9729 | 0 | 35061
PACZ | Range_Large | 48 | 694062 | 8175028831078062 | 8.25 | 75.9729 | 0 | 56363
PACZ | Range_Large | 49 | 492766 | 5761241052137775 | 6.00433 | 75.9729 | 0 | 41127
PACZ | Range_Large | 50 | 455749 | 5447416373759106 | 5.52464 | 75.9729 | 0 | 37277
PACZ | Range_Large | 51 | 732275 | 8568885265859268 | 8.67971 | 75.9729 | 0 | 59529
PACZ | Range_Large | 52 | 625453 | 7400469090158079 | 7.62097 | 75.9729 | 0 | 51153
PACZ | Range_Large | 53 | 584266 | 6943663326230100 | 7.04972 | 75.9729 | 0 | 47957
PACZ | Range_Large | 54 | 473003 | 5505914354753931 | 5.57733 | 75.9729 | 0 | 38047
PACZ | Range_Large | 55 | 314780 | 3574150242925668 | 3.90673 | 75.9729 | 0 | 26855
PACZ | Range_Large | 56 | 730579 | 8588067874420377 | 8.68162 | 75.9729 | 0 | 59321
PACZ | Range_Large | 57 | 490220 | 5862148272458751 | 5.94664 | 75.9729 | 0 | 40161
PACZ | Range_Large | 58 | 403367 | 4714331235992418 | 4.71131 | 75.9729 | 0 | 32551
PACZ | Range_Large | 59 | 522109 | 6238975698418239 | 6.30864 | 75.9729 | 0 | 42823
PACZ | Range_Large | 60 | 329055 | 3741854370396069 | 3.84037 | 75.9729 | 0 | 26557
PACZ | Range_Large | 61 | 452223 | 5268920590269270 | 5.33334 | 75.9729 | 0 | 36441
PACZ | Range_Large | 62 | 542216 | 6361177618121667 | 6.43436 | 75.9729 | 0 | 44557
PACZ | Range_Large | 63 | 456853 | 5320027461221034 | 5.44763 | 75.9729 | 0 | 37121
PACZ | Range_Large | 64 | 545215 | 6400027183594503 | 6.46766 | 75.9729 | 0 | 44885
PACZ | Range_Large | 65 | 463327 | 5391604740814959 | 5.46098 | 75.9729 | 0 | 37411
PACZ | Range_Large | 66 | 679899 | 7973644212573993 | 8.10035 | 75.9729 | 0 | 55461
PACZ | Range_Large | 67 | 466254 | 5570322652158111 | 5.55873 | 75.9729 | 0 | 38171
PACZ | Range_Large | 68 | 692030 | 8153346696315591 | 8.29927 | 75.9729 | 0 | 56257
PACZ | Range_Large | 69 | 568424 | 6763306417651305 | 6.79032 | 75.9729 | 0 | 46403
PACZ | Range_Large | 70 | 338195 | 3860645617993692 | 3.98199 | 75.9729 | 0 | 27443
PACZ | Range_Large | 71 | 449180 | 5374571144575848 | 5.38437 | 75.9729 | 0 | 36871
PACZ | Range_Large | 72 | 440236 | 5147922590921052 | 5.18632 | 75.9729 | 0 | 35491
PACZ | Range_Large | 73 | 518212 | 6174001549478043 | 6.16495 | 75.9729 | 0 | 42349
PACZ | Range_Large | 74 | 446300 | 5343871894560909 | 5.51867 | 75.9729 | 0 | 36535
PACZ | Range_Large | 75 | 591805 | 6937901208742545 | 7.21439 | 75.9729 | 0 | 48549
PACZ | Range_Large | 76 | 567757 | 6759306278179341 | 6.82799 | 75.9729 | 0 | 46385
PACZ | Range_Large | 77 | 672986 | 7884124808486625 | 8.05434 | 75.9729 | 0 | 54931
PACZ | Range_Large | 78 | 488194 | 5840213829501471 | 5.86804 | 75.9729 | 0 | 40039
PACZ | Range_Large | 79 | 323421 | 3688308628147899 | 3.932 | 75.9729 | 0 | 27111
PACZ | Range_Large | 80 | 567183 | 6749132961208860 | 6.80669 | 75.9729 | 0 | 46293
PACZ | Range_Large | 81 | 602071 | 7063453888546323 | 7.21701 | 75.9729 | 0 | 49287
PACZ | Range_Large | 82 | 573494 | 6729616761593070 | 6.88132 | 75.9729 | 0 | 47057
PACZ | Range_Large | 83 | 738353 | 8654021889580725 | 8.74694 | 75.9729 | 0 | 59849
PACZ | Range_Large | 84 | 691486 | 8166023620146747 | 8.37032 | 75.9729 | 0 | 56309
PACZ | Range_Large | 85 | 448714 | 5370086537897229 | 5.43602 | 75.9729 | 0 | 36831
PACZ | Range_Large | 86 | 472244 | 5500211038476831 | 5.6173 | 75.9729 | 0 | 38019
PACZ | Range_Large | 87 | 736717 | 8636467504325262 | 8.80162 | 75.9729 | 0 | 59761
PACZ | Range_Large | 88 | 496456 | 5922694110571167 | 5.9824 | 75.9729 | 0 | 40617
PACZ | Range_Large | 89 | 736369 | 8633012887286166 | 8.71197 | 75.9729 | 0 | 59717
PACZ | Range_Large | 90 | 382665 | 4444151811049377 | 4.50365 | 75.9729 | 0 | 30937
PACZ | Range_Large | 91 | 575973 | 6843653720811228 | 6.94362 | 75.9729 | 0 | 47111
PACZ | Range_Large | 92 | 723011 | 8510077134306207 | 8.60333 | 75.9729 | 0 | 58725
PACZ | Range_Large | 93 | 472944 | 5505231578563038 | 5.57105 | 75.9729 | 0 | 38041
PACZ | Range_Large | 94 | 683262 | 8061384217461660 | 8.15097 | 75.9729 | 0 | 55885
PACZ | Range_Large | 95 | 704601 | 8305712823351642 | 8.59372 | 75.9729 | 0 | 57355
PACZ | Range_Large | 96 | 717417 | 8434963224941181 | 8.66667 | 75.9729 | 0 | 58317
PACZ | Range_Large | 97 | 522586 | 6246028013877093 | 6.35568 | 75.9729 | 0 | 42985
PACZ | Range_Large | 98 | 460768 | 5372514158300316 | 5.452 | 75.9729 | 0 | 37279
PACZ | Range_Large | 99 | 672576 | 7875302463677628 | 8.04297 | 75.9729 | 0 | 54869
PACZ | kNN_10 | 0 | 10 | 118806773580 | 0.0466506 | 75.9729 | 0 | 312
PACZ | kNN_10 | 1 | 10 | 130170111519 | 0.0463327 | 75.9729 | 0 | 334
PACZ | kNN_10 | 2 | 10 | 106451976786 | 0.0306765 | 75.9729 | 0 | 281
PACZ | kNN_10 | 3 | 10 | 59648095524 | 0.0476837 | 75.9729 | 0 | 380
PACZ | kNN_10 | 4 | 10 | 120452714808 | 0.0226498 | 75.9729 | 0 | 186
PACZ | kNN_10 | 5 | 10 | 103186498236 | 0.0360012 | 75.9729 | 0 | 317
PACZ | kNN_10 | 6 | 10 | 102711308274 | 0.0422796 | 75.9729 | 0 | 396
PACZ | kNN_10 | 7 | 10 | 139840992189 | 0.0633399 | 75.9729 | 0 | 480
PACZ | kNN_10 | 8 | 10 | 44012794488 | 0.0493526 | 75.9729 | 0 | 385
PACZ | kNN_10 | 9 | 10 | 129783295998 | 0.0520547 | 75.9729 | 0 | 427
PACZ | kNN_10 | 10 | 10 | 127036271253 | 0.0480016 | 75.9729 | 0 | 411
PACZ | kNN_10 | 11 | 10 | 123185271903 | 0.0416438 | 75.9729 | 0 | 311
PACZ | kNN_10 | 12 | 10 | 140532069171 | 0.0456174 | 75.9729 | 0 | 375
PACZ | kNN_10 | 13 | 10 | 47174685084 | 0.0596841 | 75.9729 | 0 | 504
PACZ | kNN_10 | 14 | 10 | 59618709981 | 0.0349681 | 75.9729 | 0 | 337
PACZ | kNN_10 | 15 | 10 | 118561705980 | 0.0340144 | 75.9729 | 0 | 286
PACZ | kNN_10 | 16 | 10 | 83746137846 | 0.0273387 | 75.9729 | 0 | 288
PACZ | kNN_10 | 17 | 10 | 126294300615 | 0.0516574 | 75.9729 | 0 | 482
PACZ | kNN_10 | 18 | 10 | 90108047325 | 0.044028 | 75.9729 | 0 | 370
PACZ | kNN_10 | 19 | 10 | 102705447792 | 0.0290076 | 75.9729 | 0 | 292
PACZ | kNN_10 | 20 | 10 | 123288585792 | 0.0369549 | 75.9729 | 0 | 306
PACZ | kNN_10 | 21 | 10 | 73136645601 | 0.0177224 | 75.9729 | 0 | 150
PACZ | kNN_10 | 22 | 10 | 115177732287 | 0.0546773 | 75.9729 | 0 | 437
PACZ | kNN_10 | 23 | 10 | 7423345890 | 0.0336965 | 75.9729 | 0 | 337
PACZ | kNN_10 | 24 | 10 | 101822490945 | 0.042359 | 75.9729 | 0 | 363
PACZ | kNN_10 | 25 | 10 | 62421803487 | 0.0506242 | 75.9729 | 0 | 459
PACZ | kNN_10 | 26 | 10 | 102709721055 | 0.0393391 | 75.9729 | 0 | 358
PACZ | kNN_10 | 27 | 10 | 123092249406 | 0.0373522 | 75.9729 | 0 | 328
PACZ | kNN_10 | 28 | 10 | 126178379628 | 0.058651 | 75.9729 | 0 | 524
PACZ | kNN_10 | 29 | 10 | 44037629028 | 0.0229677 | 75.9729 | 0 | 178
PACZ | kNN_10 | 30 | 10 | 103811487840 | 0.0430743 | 75.9729 | 0 | 368
PACZ | kNN_10 | 31 | 10 | 127120438209 | 0.044028 | 75.9729 | 0 | 425
PACZ | kNN_10 | 32 | 10 | 115691209518 | 0.0773271 | 75.9729 | 0 | 620
PACZ | kNN_10 | 33 | 10 | 130081313781 | 0.0463327 | 75.9729 | 0 | 429
PACZ | kNN_10 | 34 | 10 | 149989641027 | 0.0367165 | 75.9729 | 0 | 341
PACZ | kNN_10 | 35 | 10 | 123241275576 | 0.0340144 | 75.9729 | 0 | 270
PACZ | kNN_10 | 36 | 10 | 102699236310 | 0.0326633 | 75.9729 | 0 | 327
PACZ | kNN_10 | 37 | 10 | 137275222593 | 0.0299613 | 75.9729 | 0 | 188
PACZ | kNN_10 | 38 | 10 | 111418253553 | 0.0376701 | 75.9729 | 0 | 363
PACZ | kNN_10 | 39 | 10 | 55429770927 | 0.0460148 | 75.9729 | 0 | 453
PACZ | kNN_10 | 40 | 10 | 143087743791 | 0.036637 | 75.9729 | 0 | 256
PACZ | kNN_10 | 41 | 10 | 120101859735 | 0.0533263 | 75.9729 | 0 | 438
PACZ | kNN_10 | 42 | 10 | 130078397922 | 0.0530084 | 75.9729 | 0 | 460
PACZ | kNN_10 | 43 | 10 | 95996189181 | 0.0340144 | 75.9729 | 0 | 278
PACZ | kNN_10 | 44 | 10 | 119454005994 | 0.0676314 | 75.9729 | 0 | 542
PACZ | kNN_10 | 45 | 10 | 137163455655 | 0.0243187 | 75.9729 | 0 | 228
PACZ | kNN_10 | 46 | 10 | 129465870945 | 0.0507037 | 75.9729 | 0 | 440
PACZ | kNN_10 | 47 | 10 | 104325423189 | 0.0447432 | 75.9729 | 0 | 418
PACZ | kNN_10 | 48 | 10 | 67525609371 | 0.0180403 | 75.9729 | 0 | 138
PACZ | kNN_10 | 49 | 10 | 127873257651 | 0.0533263 | 75.9729 | 0 | 443
PACZ | kNN_10 | 50 | 10 | 103810732656 | 0.0406901 | 75.9729 | 0 | 320
PACZ | kNN_10 | 51 | 10 | 102358868175 | 0.0433127 | 75.9729 | 0 | 317
PACZ | kNN_10 | 52 | 10 | 110973594675 | 0.0640551 | 75.9729 | 0 | 573
PACZ | kNN_10 | 53 | 10 | 90098666847 | 0.0416438 | 75.9729 | 0 | 358
PACZ | kNN_10 | 54 | 10 | 111910840977 | 0.0466506 | 75.9729 | 0 | 393
PACZ | kNN_10 | 55 | 10 | 95995976328 | 0.0305971 | 75.9729 | 0 | 266
PACZ | kNN_10 | 56 | 10 | 119993592153 | 0.0496705 | 75.9729 | 0 | 353
PACZ | kNN_10 | 57 | 10 | 104342600163 | 0.0383854 | 75.9729 | 0 | 317
PACZ | kNN_10 | 58 | 10 | 123240172266 | 0.0336965 | 75.9729 | 0 | 279
PACZ | kNN_10 | 59 | 10 | 139276760805 | 0.0346502 | 75.9729 | 0 | 252
PACZ | kNN_10 | 60 | 10 | 102358387392 | 0.0406106 | 75.9729 | 0 | 321
PACZ | kNN_10 | 61 | 10 | 147343701045 | 0.0203451 | 75.9729 | 0 | 192
PACZ | kNN_10 | 62 | 10 | 105972502254 | 0.0666777 | 75.9729 | 0 | 607
PACZ | kNN_10 | 63 | 10 | 140757786276 | 0.0456969 | 75.9729 | 0 | 401
PACZ | kNN_10 | 64 | 10 | 140787826680 | 0.0563463 | 75.9729 | 0 | 424
PACZ | kNN_10 | 65 | 10 | 149750091255 | 0.0476837 | 75.9729 | 0 | 443
PACZ | kNN_10 | 66 | 10 | 128164303341 | 0.0709693 | 75.9729 | 0 | 620
PACZ | kNN_10 | 67 | 10 | 109140048924 | 0.0276566 | 75.9729 | 0 | 293
PACZ | kNN_10 | 68 | 10 | 98128897119 | 0.0320276 | 75.9729 | 0 | 357
PACZ | kNN_10 | 69 | 10 | 102006516318 | 0.0123183 | 75.9729 | 0 | 98
PACZ | kNN_10 | 70 | 10 | 106451990373 | 0.039657 | 75.9729 | 0 | 340
PACZ | kNN_10 | 71 | 10 | 112010935605 | 0.0360012 | 75.9729 | 0 | 332
PACZ | kNN_10 | 72 | 10 | 118803609261 | 0.0370344 | 75.9729 | 0 | 390
PACZ | kNN_10 | 73 | 10 | 146236169523 | 0.0333786 | 75.9729 | 0 | 288
PACZ | kNN_10 | 74 | 10 | 43103729259 | 0.0283718 | 75.9729 | 0 | 205
PACZ | kNN_10 | 75 | 10 | 107798276982 | 0.0346502 | 75.9729 | 0 | 297
PACZ | kNN_10 | 76 | 10 | 114699446055 | 0.0399748 | 75.9729 | 0 | 353
PACZ | kNN_10 | 77 | 10 | 59685842310 | 0.0213782 | 75.9729 | 0 | 168
PACZ | kNN_10 | 78 | 10 | 120452707596 | 0.0193119 | 75.9729 | 0 | 183
PACZ | kNN_10 | 79 | 10 | 131205099792 | 0.0460148 | 75.9729 | 0 | 390
PACZ | kNN_10 | 80 | 10 | 119270734053 | 0.0383059 | 75.9729 | 0 | 301
PACZ | kNN_10 | 81 | 10 | 147233903667 | 0.0339349 | 75.9729 | 0 | 332
PACZ | kNN_10 | 82 | 10 | 141807209412 | 0.0383059 | 75.9729 | 0 | 335
PACZ | kNN_10 | 83 | 10 | 131626908510 | 0.0329812 | 75.9729 | 0 | 328
PACZ | kNN_10 | 84 | 10 | 90137980653 | 0.0317097 | 75.9729 | 0 | 262
PACZ | kNN_10 | 85 | 10 | 103810744854 | 0.0276566 | 75.9729 | 0 | 253
PACZ | kNN_10 | 86 | 10 | 131618493963 | 0.0332991 | 75.9729 | 0 | 314
PACZ | kNN_10 | 87 | 10 | 132050944035 | 0.0336965 | 75.9729 | 0 | 331
PACZ | kNN_10 | 88 | 10 | 123288161514 | 0.0370344 | 75.9729 | 0 | 304
PACZ | kNN_10 | 89 | 10 | 125521777650 | 0.0347296 | 75.9729 | 0 | 298
PACZ | kNN_10 | 90 | 10 | 142309192647 | 0.0306765 | 75.9729 | 0 | 260
PACZ | kNN_10 | 91 | 10 | 119288279637 | 0.0300407 | 75.9729 | 0 | 225
PACZ | kNN_10 | 92 | 10 | 120441027489 | 0.0470479 | 75.9729 | 0 | 347
PACZ | kNN_10 | 93 | 10 | 139786685880 | 0.0400543 | 75.9729 | 0 | 369
PACZ | kNN_10 | 94 | 10 | 139174245876 | 0.0387033 | 75.9729 | 0 | 385
PACZ | kNN_10 | 95 | 10 | 72951052920 | 0.0543594 | 75.9729 | 0 | 450
PACZ | kNN_10 | 96 | 10 | 119251904898 | 0.0353654 | 75.9729 | 0 | 289
PACZ | kNN_10 | 97 | 10 | 123241257459 | 0.0353654 | 75.9729 | 0 | 282
PACZ | kNN_10 | 98 | 10 | 37843797183 | 0.0452995 | 75.9729 | 0 | 377
PACZ | kNN_10 | 99 | 10 | 113992829928 | 0.0733534 | 75.9729 | 0 | 625
PACZ | kNN_100 | 0 | 100 | 1190695895130 | 0.269016 | 75.9729 | 0 | 638
PACZ | kNN_100 | 1 | 100 | 1301694423246 | 0.319719 | 75.9729 | 0 | 667
PACZ | kNN_100 | 2 | 100 | 1064519775537 | 0.208696 | 75.9729 | 0 | 499
PACZ | kNN_100 | 3 | 100 | 596496035421 | 0.283957 | 75.9729 | 0 | 738
PACZ | kNN_100 | 4 | 100 | 1204527108402 | 0.130018 | 75.9729 | 0 | 278
PACZ | kNN_100 | 5 | 100 | 1039478194533 | 0.241995 | 75.9729 | 0 | 672
PACZ | kNN_100 | 6 | 100 | 1027113077436 | 0.31964 | 75.9729 | 0 | 813
PACZ | kNN_100 | 7 | 100 | 1398408984291 | 0.381947 | 75.9729 | 0 | 841
PACZ | kNN_100 | 8 | 100 | 440128011144 | 0.272353 | 75.9729 | 0 | 709
PACZ | kNN_100 | 9 | 100 | 1304570917437 | 0.310024 | 75.9729 | 0 | 787
PACZ | kNN_100 | 10 | 100 | 1220548382283 | 0.344674 | 75.9729 | 0 | 899
PACZ | kNN_100 | 11 | 100 | 1231852679514 | 0.262976 | 75.9729 | 0 | 590
PACZ | kNN_100 | 12 | 100 | 1405318008204 | 0.31964 | 75.9729 | 0 | 653
PACZ | kNN_100 | 13 | 100 | 1053945549453 | 0.41604 | 75.9729 | 0 | 1063
PACZ | kNN_100 | 14 | 100 | 596186263875 | 0.21561 | 75.9729 | 0 | 580
PACZ | kNN_100 | 15 | 100 | 1155658605075 | 0.278632 | 75.9729 | 0 | 706
PACZ | kNN_100 | 16 | 100 | 894061099533 | 0.193357 | 75.9729 | 0 | 541
PACZ | kNN_100 | 17 | 100 | 1262997669738 | 0.344992 | 75.9729 | 0 | 916
PACZ | kNN_100 | 18 | 100 | 1120781529453 | 0.273705 | 75.9729 | 0 | 663
PACZ | kNN_100 | 19 | 100 | 1030536725220 | 0.197331 | 75.9729 | 0 | 594
PACZ | kNN_100 | 20 | 100 | 1232885224245 | 0.262976 | 75.9729 | 0 | 601
PACZ | kNN_100 | 21 | 100 | 916808535933 | 0.143687 | 75.9729 | 0 | 309
PACZ | kNN_100 | 22 | 100 | 1250149118118 | 0.330687 | 75.9729 | 0 | 875
PACZ | kNN_100 | 23 | 100 | 97505786358 | 0.185331 | 75.9729 | 0 | 629
PACZ | kNN_100 | 24 | 100 | 990174555912 | 0.252008 | 75.9729 | 0 | 689
PACZ | kNN_100 | 25 | 100 | 684069438930 | 0.300725 | 75.9729 | 0 | 872
PACZ | kNN_100 | 26 | 100 | 1027097163483 | 0.262022 | 75.9729 | 0 | 771
PACZ | kNN_100 | 27 | 100 | 1230919948779 | 0.22467 | 75.9729 | 0 | 591
PACZ | kNN_100 | 28 | 100 | 1208559781566 | 0.32568 | 75.9729 | 0 | 1012
PACZ | kNN_100 | 29 | 100 | 440376294081 | 0.09799 | 75.9729 | 0 | 266
PACZ | kNN_100 | 30 | 100 | 1038114876087 | 0.247002 | 75.9729 | 0 | 709
PACZ | kNN_100 | 31 | 100 | 1271204409795 | 0.301997 | 75.9729 | 0 | 914
PACZ | kNN_100 | 32 | 100 | 1123362552402 | 0.391642 | 75.9729 | 0 | 1100
PACZ | kNN_100 | 33 | 100 | 1292112823296 | 0.242392 | 75.9729 | 0 | 745
PACZ | kNN_100 | 34 | 100 | 1512224835339 | 0.209332 | 75.9729 | 0 | 697
PACZ | kNN_100 | 35 | 100 | 1232412689103 | 0.203292 | 75.9729 | 0 | 513
PACZ | kNN_100 | 36 | 100 | 1034935689381 | 0.185966 | 75.9729 | 0 | 632
PACZ | kNN_100 | 37 | 100 | 1357827404415 | 0.116666 | 75.9729 | 0 | 262
PACZ | kNN_100 | 38 | 100 | 1291027591167 | 0.241677 | 75.9729 | 0 | 751
PACZ | kNN_100 | 39 | 100 | 533002003374 | 0.30899 | 75.9729 | 0 | 1020
PACZ | kNN_100 | 40 | 100 | 1373541272994 | 0.141303 | 75.9729 | 0 | 396
PACZ | kNN_100 | 41 | 100 | 1201018614549 | 0.327984 | 75.9729 | 0 | 810
PACZ | kNN_100 | 42 | 100 | 1300783970430 | 0.253995 | 75.9729 | 0 | 796
PACZ | kNN_100 | 43 | 100 | 1114873890747 | 0.160694 | 75.9729 | 0 | 502
PACZ | kNN_100 | 44 | 100 | 1214475286503 | 0.346661 | 75.9729 | 0 | 1085
PACZ | kNN_100 | 45 | 100 | 1371634536564 | 0.150283 | 75.9729 | 0 | 424
PACZ | kNN_100 | 46 | 100 | 1294082546919 | 0.235319 | 75.9729 | 0 | 787
PACZ | kNN_100 | 47 | 100 | 1043254296552 | 0.278632 | 75.9729 | 0 | 800
PACZ | kNN_100 | 48 | 100 | 692881510671 | 0.0720024 | 75.9729 | 0 | 196
PACZ | kNN_100 | 49 | 100 | 1207142514177 | 0.254631 | 75.9729 | 0 | 871
PACZ | kNN_100 | 50 | 100 | 1158933598998 | 0.208298 | 75.9729 | 0 | 598
PACZ | kNN_100 | 51 | 100 | 1049573053245 | 0.2443 | 75.9729 | 0 | 586
PACZ | kNN_100 | 52 | 100 | 1099733250399 | 0.395298 | 75.9729 | 0 | 1075
PACZ | kNN_100 | 53 | 100 | 900993781890 | 0.228326 | 75.9729 | 0 | 674
PACZ | kNN_100 | 54 | 100 | 1119108419778 | 0.225623 | 75.9729 | 0 | 697
PACZ | kNN_100 | 55 | 100 | 959959965150 | 0.134309 | 75.9729 | 0 | 436
PACZ | kNN_100 | 56 | 100 | 1199935899393 | 0.216007 | 75.9729 | 0 | 552
PACZ | kNN_100 | 57 | 100 | 981467515896 | 0.168959 | 75.9729 | 0 | 517
PACZ | kNN_100 | 58 | 100 | 1232403679092 | 0.206947 | 75.9729 | 0 | 546
PACZ | kNN_100 | 59 | 100 | 1392087654054 | 0.126362 | 75.9729 | 0 | 399
PACZ | kNN_100 | 60 | 100 | 1045142049957 | 0.207345 | 75.9729 | 0 | 590
PACZ | kNN_100 | 61 | 100 | 1473436951110 | 0.199 | 75.9729 | 0 | 451
PACZ | kNN_100 | 62 | 100 | 1049432663481 | 0.497659 | 75.9729 | 0 | 1163
PACZ | kNN_100 | 63 | 100 | 1358855227131 | 0.23365 | 75.9729 | 0 | 693
PACZ | kNN_100 | 64 | 100 | 1407878267919 | 0.29699 | 75.9729 | 0 | 718
PACZ | kNN_100 | 65 | 100 | 1427665901862 | 0.233014 | 75.9729 | 0 | 791
PACZ | kNN_100 | 66 | 100 | 1192391384016 | 0.384331 | 75.9729 | 0 | 1075
PACZ | kNN_100 | 67 | 100 | 1091400446220 | 0.16133 | 75.9729 | 0 | 565
PACZ | kNN_100 | 68 | 100 | 1184212009308 | 0.182311 | 75.9729 | 0 | 659
PACZ | kNN_100 | 69 | 100 | 1153643514684 | 0.05428 | 75.9729 | 0 | 180
PACZ | kNN_100 | 70 | 100 | 1142234655132 | 0.252008 | 75.9729 | 0 | 648
PACZ | kNN_100 | 71 | 100 | 1168024765242 | 0.220696 | 75.9729 | 0 | 555
PACZ | kNN_100 | 72 | 100 | 1188036080118 | 0.221014 | 75.9729 | 0 | 798
PACZ | kNN_100 | 73 | 100 | 1462361697843 | 0.167608 | 75.9729 | 0 | 505
PACZ | kNN_100 | 74 | 100 | 526817119275 | 0.106017 | 75.9729 | 0 | 335
PACZ | kNN_100 | 75 | 100 | 1011064784397 | 0.144005 | 75.9729 | 0 | 497
PACZ | kNN_100 | 76 | 100 | 1096213968825 | 0.234604 | 75.9729 | 0 | 707
PACZ | kNN_100 | 77 | 100 | 1186810176369 | 0.0943343 | 75.9729 | 0 | 263
PACZ | kNN_100 | 78 | 100 | 1117731419715 | 0.0949701 | 75.9729 | 0 | 280
PACZ | kNN_100 | 79 | 100 | 1156645456929 | 0.291983 | 75.9729 | 0 | 747
PACZ | kNN_100 | 80 | 100 | 1192658212833 | 0.176986 | 75.9729 | 0 | 519
PACZ | kNN_100 | 81 | 100 | 1307921923119 | 0.190655 | 75.9729 | 0 | 620
PACZ | kNN_100 | 82 | 100 | 1418072099910 | 0.236352 | 75.9729 | 0 | 637
PACZ | kNN_100 | 83 | 100 | 1314625865970 | 0.155687 | 75.9729 | 0 | 512
PACZ | kNN_100 | 84 | 100 | 901380209910 | 0.179688 | 75.9729 | 0 | 540
PACZ | kNN_100 | 85 | 100 | 1030290475035 | 0.149727 | 75.9729 | 0 | 470
PACZ | kNN_100 | 86 | 100 | 1299064171155 | 0.187318 | 75.9729 | 0 | 607
PACZ | kNN_100 | 87 | 100 | 1319432436615 | 0.182311 | 75.9729 | 0 | 636
PACZ | kNN_100 | 88 | 100 | 1232881648377 | 0.245015 | 75.9729 | 0 | 583
PACZ | kNN_100 | 89 | 100 | 1255217713536 | 0.175714 | 75.9729 | 0 | 515
PACZ | kNN_100 | 90 | 100 | 1423091933610 | 0.225306 | 75.9729 | 0 | 466
PACZ | kNN_100 | 91 | 100 | 1192881540489 | 0.133991 | 75.9729 | 0 | 361
PACZ | kNN_100 | 92 | 100 | 1204410413130 | 0.22467 | 75.9729 | 0 | 521
PACZ | kNN_100 | 93 | 100 | 1397861945073 | 0.201623 | 75.9729 | 0 | 634
PACZ | kNN_100 | 94 | 100 | 1391742481575 | 0.214974 | 75.9729 | 0 | 736
PACZ | kNN_100 | 95 | 100 | 1022168537715 | 0.264327 | 75.9729 | 0 | 928
PACZ | kNN_100 | 96 | 100 | 1192519048815 | 0.167688 | 75.9729 | 0 | 463
PACZ | kNN_100 | 97 | 100 | 1232604510828 | 0.188351 | 75.9729 | 0 | 535
PACZ | kNN_100 | 98 | 100 | 829857532272 | 0.226974 | 75.9729 | 0 | 671
PACZ | kNN_100 | 99 | 100 | 1054210591092 | 0.374635 | 75.9729 | 0 | 1120
