Algo | QType | QID | Count | Hash | Time_ms | Mem_Tree_MB | Mem_Delta_MB | Nodes
PACZ | Range_Small | 0 | 395 | 4940873268768 | 0.0179609 | 122.952 | 0 | 231
PACZ | Range_Small | 1 | 597 | 3967506660360 | 0.0153383 | 122.952 | 0 | 239
PACZ | Range_Small | 2 | 1279 | 15629395557423 | 0.0243187 | 122.952 | 0 | 375
PACZ | Range_Small | 3 | 717 | 11333835763782 | 0.0150204 | 122.952 | 0 | 289
PACZ | Range_Small | 4 | 12922 | 149862159782286 | 0.189702 | 122.952 | 0 | 1699
PACZ | Range_Small | 5 | 861 | 10316815372542 | 0.0193914 | 122.952 | 0 | 287
PACZ | Range_Small | 6 | 374 | 5057276057823 | 0.0109673 | 122.952 | 0 | 217
PACZ | Range_Small | 7 | 640 | 7388751926139 | 0.0106494 | 122.952 | 0 | 245
PACZ | Range_Small | 8 | 1361 | 14947583199174 | 0.0290076 | 122.952 | 0 | 431
PACZ | Range_Small | 9 | 1631 | 20621381738271 | 0.0236829 | 122.952 | 0 | 345
PACZ | Range_Small | 10 | 398 | 4293605685786 | 0.0116825 | 122.952 | 0 | 253
PACZ | Range_Small | 11 | 233 | 2551551712812 | 0.00905991 | 122.952 | 0 | 201
PACZ | Range_Small | 12 | 409 | 3152183442063 | 0.0223319 | 122.952 | 0 | 279
PACZ | Range_Small | 13 | 405 | 4761399532239 | 0.0163714 | 122.952 | 0 | 283
PACZ | Range_Small | 14 | 737 | 8761588624920 | 0.0197093 | 122.952 | 0 | 309
PACZ | Range_Small | 15 | 202 | 2725624365723 | 0.00667572 | 122.952 | 0 | 193
PACZ | Range_Small | 16 | 1428 | 20336394300612 | 0.0200272 | 122.952 | 0 | 353
PACZ | Range_Small | 17 | 16 | 160477511184 | 0.00532468 | 122.952 | 0 | 183
PACZ | Range_Small | 18 | 1067 | 13028595328323 | 0.0162919 | 122.952 | 0 | 307
PACZ | Range_Small | 19 | 121 | 1706888814951 | 0.00635783 | 122.952 | 0 | 155
PACZ | Range_Small | 20 | 1887 | 23592786312756 | 0.027736 | 122.952 | 0 | 447
PACZ | Range_Small | 21 | 539 | 6421793320908 | 0.0106494 | 122.952 | 0 | 209
PACZ | Range_Small | 22 | 4740 | 58116032154834 | 0.0610352 | 122.952 | 0 | 717
PACZ | Range_Small | 23 | 1 | 2564032053 | 0.00198682 | 122.952 | 0 | 91
PACZ | Range_Small | 24 | 2046 | 25229094395097 | 0.0316302 | 122.952 | 0 | 431
PACZ | Range_Small | 25 | 1119 | 15214545742497 | 0.0216961 | 122.952 | 0 | 285
PACZ | Range_Small | 26 | 1940 | 21290319674079 | 0.0243982 | 122.952 | 0 | 415
PACZ | Range_Small | 27 | 302 | 4163377425048 | 0.0166893 | 122.952 | 0 | 223
PACZ | Range_Small | 28 | 494 | 5403197068923 | 0.0143051 | 122.952 | 0 | 245
PACZ | Range_Small | 29 | 464 | 7265067032880 | 0.0100136 | 122.952 | 0 | 241
PACZ | Range_Small | 30 | 677 | 7042665489678 | 0.0133514 | 122.952 | 0 | 279
PACZ | Range_Small | 31 | 481 | 5958844888098 | 0.0107288 | 122.952 | 0 | 253
PACZ | Range_Small | 32 | 371 | 5551752250521 | 0.00866254 | 122.952 | 0 | 225
PACZ | Range_Small | 33 | 1148 | 16623747590178 | 0.0207424 | 122.952 | 0 | 319
PACZ | Range_Small | 34 | 438 | 5159669838288 | 0.0106494 | 122.952 | 0 | 259
PACZ | Range_Small | 35 | 581 | 6928129942476 | 0.0163714 | 122.952 | 0 | 255
PACZ | Range_Small | 36 | 159 | 2210249070990 | 0.00834465 | 122.952 | 0 | 203
PACZ | Range_Small | 37 | 3312 | 40859518154298 | 0.0500679 | 122.952 | 0 | 653
PACZ | Range_Small | 38 | 89 | 1204534427943 | 0.00762939 | 122.952 | 0 | 215
PACZ | Range_Small | 39 | 326 | 4494241839576 | 0.00635783 | 122.952 | 0 | 207
PACZ | Range_Small | 40 | 49 | 690838480701 | 0.00596046 | 122.952 | 0 | 201
PACZ | Range_Small | 41 | 814 | 12166524976272 | 0.0120004 | 122.952 | 0 | 261
PACZ | Range_Small | 42 | 1 | 1746149925 | 0.00802676 | 122.952 | 0 | 141
PACZ | Range_Small | 43 | 1 | 12813465126 | 0.000953674 | 122.952 | 0 | 37
PACZ | Range_Small | 44 | 10162 | 124099756662960 | 0.144641 | 122.952 | 0 | 1415
PACZ | Range_Small | 45 | 466 | 5394252784725 | 0.00993411 | 122.952 | 0 | 223
PACZ | Range_Small | 46 | 142 | 1765849988700 | 0.00739098 | 122.952 | 0 | 187
PACZ | Range_Small | 47 | 147 | 2165952216078 | 0.00929832 | 122.952 | 0 | 217
PACZ | Range_Small | 48 | 4197 | 57076190964519 | 0.0446637 | 122.952 | 0 | 605
PACZ | Range_Small | 49 | 1 | 14814368946 | 0.00166893 | 122.952 | 0 | 65
PACZ | Range_Small | 50 | 499 | 6784826710551 | 0.0110467 | 122.952 | 0 | 245
PACZ | Range_Small | 51 | 514 | 5723143602318 | 0.0103315 | 122.952 | 0 | 221
PACZ | Range_Small | 52 | 719 | 10289600264988 | 0.0229677 | 122.952 | 0 | 347
PACZ | Range_Small | 53 | 1557 | 18559738496718 | 0.0286102 | 122.952 | 0 | 391
PACZ | Range_Small | 54 | 1855 | 26397356382039 | 0.0273387 | 122.952 | 0 | 469
PACZ | Range_Small | 55 | 120 | 1148350492467 | 0.00532468 | 122.952 | 0 | 181
PACZ | Range_Small | 56 | 21 | 189263128728 | 0.00699361 | 122.952 | 0 | 97
PACZ | Range_Small | 57 | 1088 | 15049655154396 | 0.0226498 | 122.952 | 0 | 355
PACZ | Range_Small | 58 | 707 | 10130112513378 | 0.0130335 | 122.952 | 0 | 313
PACZ | Range_Small | 59 | 453 | 4485759470865 | 0.0147025 | 122.952 | 0 | 215
PACZ | Range_Small | 60 | 195 | 2022812214024 | 0.0163714 | 122.952 | 0 | 221
PACZ | Range_Small | 61 | 306 | 3868740210570 | 0.00770887 | 122.952 | 0 | 203
PACZ | Range_Small | 62 | 4202 | 52875664447521 | 0.0503063 | 122.952 | 0 | 695
PACZ | Range_Small | 63 | 2274 | 22373125849854 | 0.0399748 | 122.952 | 0 | 493
PACZ | Range_Small | 64 | 476 | 5925652157625 | 0.0129541 | 122.952 | 0 | 269
PACZ | Range_Small | 65 | 2045 | 24868309783803 | 0.045379 | 122.952 | 0 | 479
PACZ | Range_Small | 66 | 72 | 858939726060 | 0.00540415 | 122.952 | 0 | 177
PACZ | Range_Small | 67 | 574 | 7356641863815 | 0.0150204 | 122.952 | 0 | 251
PACZ | Range_Small | 68 | 214 | 2577688999815 | 0.00635783 | 122.952 | 0 | 197
PACZ | Range_Small | 69 | 19182 | 229457980513161 | 0.236988 | 122.952 | 0 | 2199
PACZ | Range_Small | 70 | 621 | 7788724388052 | 0.018994 | 122.952 | 0 | 277
PACZ | Range_Small | 71 | 865 | 12609321647610 | 0.0209808 | 122.952 | 0 | 371
PACZ | Range_Small | 72 | 815 | 9802292551692 | 0.0199477 | 122.952 | 0 | 335
PACZ | Range_Small | 73 | 4185 | 51642006316950 | 0.060002 | 122.952 | 0 | 685
PACZ | Range_Small | 74 | 325 | 3898301859786 | 0.015974 | 122.952 | 0 | 293
PACZ | Range_Small | 75 | 717 | 8970790836873 | 0.0166098 | 122.952 | 0 | 267
PACZ | Range_Small | 76 | 725 | 8897684875782 | 0.0153383 | 122.952 | 0 | 319
PACZ | Range_Small | 77 | 257 | 3626411881272 | 0.0183582 | 122.952 | 0 | 251
PACZ | Range_Small | 78 | 1190 | 14256966950247 | 0.0243187 | 122.952 | 0 | 371
PACZ | Range_Small | 79 | 88 | 1241373454146 | 0.00596046 | 122.952 | 0 | 157
PACZ | Range_Small | 80 | 797 | 10053993642582 | 0.014623 | 122.952 | 0 | 303
PACZ | Range_Small | 81 | 5574 | 65746212739053 | 0.0659625 | 122.952 | 0 | 827
PACZ | Range_Small | 82 | 506 | 6037431766962 | 0.0193914 | 122.952 | 0 | 257
PACZ | Range_Small | 83 | 1194 | 14260230940959 | 0.0243187 | 122.952 | 0 | 375
PACZ | Range_Small | 84 | 93 | 1130130900927 | 0.0106494 | 122.952 | 0 | 199
PACZ | Range_Small | 85 | 860 | 11252596640877 | 0.0156562 | 122.952 | 0 | 329
PACZ | Range_Small | 86 | 195 | 2124688036713 | 0.0120004 | 122.952 | 0 | 231
PACZ | Range_Small | 87 | 1921 | 20739100084908 | 0.0329812 | 122.952 | 0 | 475
PACZ | Range_Small | 88 | 212 | 2629803458001 | 0.0196298 | 122.952 | 0 | 279
PACZ | Range_Small | 89 | 1814 | 17676403824171 | 0.0360012 | 122.952 | 0 | 439
PACZ | Range_Small | 90 | 562 | 5891161503231 | 0.0109673 | 122.952 | 0 | 247
PACZ | Range_Small | 91 | 669 | 9173796693660 | 0.0216166 | 122.952 | 0 | 263
PACZ | Range_Small | 92 | 5496 | 64865683724073 | 0.0593662 | 122.952 | 0 | 875
PACZ | Range_Small | 93 | 3754 | 46021966958535 | 0.0523726 | 122.952 | 0 | 623
PACZ | Range_Small | 94 | 477 | 4516346365254 | 0.0103315 | 122.952 | 0 | 245
PACZ | Range_Small | 95 | 170 | 1057747952865 | 0.0156562 | 122.952 | 0 | 183
PACZ | Range_Small | 96 | 801 | 11110161150432 | 0.018994 | 122.952 | 0 | 313
PACZ | Range_Small | 97 | 37 | 287737888935 | 0.00596046 | 122.952 | 0 | 199
PACZ | Range_Small | 98 | 582 | 6970964179590 | 0.0166893 | 122.952 | 0 | 271
PACZ | Range_Small | 99 | 995 | 13570607002170 | 0.014623 | 122.952 | 0 | 307
PACZ | Range_Medium | 0 | 1929 | 23842159348851 | 0.0286897 | 122.952 | 0 | 473
PACZ | Range_Medium | 1 | 34126 | 476034133384758 | 0.421047 | 122.952 | 0 | 3585
PACZ | Range_Medium | 2 | 14708 | 164478474338808 | 0.171979 | 122.952 | 0 | 1741
PACZ | Range_Medium | 3 | 62255 | 675232017439257 | 0.703732 | 122.952 | 0 | 5995
PACZ | Range_Medium | 4 | 90330 | 1068797313155802 | 1.13233 | 122.952 | 0 | 8437
PACZ | Range_Medium | 5 | 21284 | 256932991029684 | 0.214338 | 122.952 | 0 | 2317
PACZ | Range_Medium | 6 | 7822 | 104935651826067 | 0.082016 | 122.952 | 0 | 997
PACZ | Range_Medium | 7 | 15186 | 173984655131796 | 0.14329 | 122.952 | 0 | 1749
PACZ | Range_Medium | 8 | 38360 | 524462953379823 | 0.403961 | 122.952 | 0 | 3993
PACZ | Range_Medium | 9 | 8946 | 105663555894201 | 0.082016 | 122.952 | 0 | 937
PACZ | Range_Medium | 10 | 33567 | 412140406043241 | 0.345627 | 122.952 | 0 | 3439
PACZ | Range_Medium | 11 | 21967 | 248166331778376 | 0.212669 | 122.952 | 0 | 2405
PACZ | Range_Medium | 12 | 46406 | 477696298551963 | 0.456731 | 122.952 | 0 | 4591
PACZ | Range_Medium | 13 | 16413 | 198803971358313 | 0.156005 | 122.952 | 0 | 1889
PACZ | Range_Medium | 14 | 5273 | 57483993162210 | 0.0589689 | 122.952 | 0 | 753
PACZ | Range_Medium | 15 | 9651 | 114785636414253 | 0.100931 | 122.952 | 0 | 1225
PACZ | Range_Medium | 16 | 36856 | 509951367743568 | 0.361681 | 122.952 | 0 | 3775
PACZ | Range_Medium | 17 | 89559 | 1057444115371068 | 1.03466 | 122.952 | 0 | 8385
PACZ | Range_Medium | 18 | 38982 | 526775875857387 | 0.380357 | 122.952 | 0 | 3887
PACZ | Range_Medium | 19 | 77982 | 918356343940824 | 0.896374 | 122.952 | 0 | 7493
PACZ | Range_Medium | 20 | 14439 | 164850111956607 | 0.144958 | 122.952 | 0 | 1577
PACZ | Range_Medium | 21 | 90434 | 1070317834619568 | 0.993649 | 122.952 | 0 | 8443
PACZ | Range_Medium | 22 | 89887 | 1063707596221914 | 0.966708 | 122.952 | 0 | 8411
PACZ | Range_Medium | 23 | 35296 | 428317421504898 | 0.380357 | 122.952 | 0 | 3643
PACZ | Range_Medium | 24 | 27617 | 342625244146923 | 0.262658 | 122.952 | 0 | 2857
PACZ | Range_Medium | 25 | 69363 | 815442951209067 | 0.801007 | 122.952 | 0 | 6745
PACZ | Range_Medium | 26 | 17367 | 201765520090299 | 0.210365 | 122.952 | 0 | 2137
PACZ | Range_Medium | 27 | 61623 | 700639777503693 | 0.721693 | 122.952 | 0 | 5963
PACZ | Range_Medium | 28 | 35287 | 424556843773863 | 0.401974 | 122.952 | 0 | 3825
PACZ | Range_Medium | 29 | 50580 | 531482233523130 | 0.601053 | 122.952 | 0 | 4747
PACZ | Range_Medium | 30 | 27765 | 332519818848708 | 0.308355 | 122.952 | 0 | 2925
PACZ | Range_Medium | 31 | 36200 | 399282581104305 | 0.401735 | 122.952 | 0 | 3627
PACZ | Range_Medium | 32 | 22325 | 244651499399964 | 0.247717 | 122.952 | 0 | 2323
PACZ | Range_Medium | 33 | 8442 | 101262373226031 | 0.0793934 | 122.952 | 0 | 1051
PACZ | Range_Medium | 34 | 18284 | 207468941716155 | 0.211636 | 122.952 | 0 | 2087
PACZ | Range_Medium | 35 | 20451 | 235842954855789 | 0.204325 | 122.952 | 0 | 2297
PACZ | Range_Medium | 36 | 18101 | 195235002601536 | 0.205994 | 122.952 | 0 | 2035
PACZ | Range_Medium | 37 | 14175 | 163313772562725 | 0.167052 | 122.952 | 0 | 1665
PACZ | Range_Medium | 38 | 94955 | 1109078404110468 | 1.20195 | 122.952 | 0 | 8955
PACZ | Range_Medium | 39 | 28085 | 291340226276421 | 0.285705 | 122.952 | 0 | 2799
PACZ | Range_Medium | 40 | 3557 | 47407052647242 | 0.0492732 | 122.952 | 0 | 625
PACZ | Range_Medium | 41 | 93708 | 1101819368266383 | 1.16364 | 122.952 | 0 | 8933
PACZ | Range_Medium | 42 | 22428 | 245632403195799 | 0.236034 | 122.952 | 0 | 2333
PACZ | Range_Medium | 43 | 30732 | 337144842780384 | 0.344674 | 122.952 | 0 | 3163
PACZ | Range_Medium | 44 | 39465 | 534898379793594 | 0.454028 | 122.952 | 0 | 3977
PACZ | Range_Medium | 45 | 32241 | 430068599418885 | 0.326951 | 122.952 | 0 | 3287
PACZ | Range_Medium | 46 | 31875 | 425073083948652 | 0.292381 | 122.952 | 0 | 3231
PACZ | Range_Medium | 47 | 13509 | 160748245466490 | 0.160694 | 122.952 | 0 | 1661
PACZ | Range_Medium | 48 | 22301 | 269343672407304 | 0.2683 | 122.952 | 0 | 2531
PACZ | Range_Medium | 49 | 4963 | 62120820760941 | 0.0572999 | 122.952 | 0 | 629
PACZ | Range_Medium | 50 | 38492 | 420146973839658 | 0.416279 | 122.952 | 0 | 3777
PACZ | Range_Medium | 51 | 48021 | 567657016806087 | 0.508388 | 122.952 | 0 | 4489
PACZ | Range_Medium | 52 | 51325 | 522953292659766 | 0.572999 | 122.952 | 0 | 5017
PACZ | Range_Medium | 53 | 2755 | 35837639722860 | 0.0346502 | 122.952 | 0 | 427
PACZ | Range_Medium | 54 | 86871 | 1024204450614357 | 1.09506 | 122.952 | 0 | 8201
PACZ | Range_Medium | 55 | 23950 | 278695730145618 | 0.264963 | 122.952 | 0 | 2691
PACZ | Range_Medium | 56 | 44409 | 464736724757811 | 0.521024 | 122.952 | 0 | 4357
PACZ | Range_Medium | 57 | 17182 | 192527510999718 | 0.182311 | 122.952 | 0 | 1859
PACZ | Range_Medium | 58 | 13673 | 162909247814550 | 0.159343 | 122.952 | 0 | 1425
PACZ | Range_Medium | 59 | 16007 | 208325500893435 | 0.212034 | 122.952 | 0 | 1971
PACZ | Range_Medium | 60 | 39264 | 475890090772413 | 0.485659 | 122.952 | 0 | 4177
PACZ | Range_Medium | 61 | 31216 | 428157346056069 | 0.334342 | 122.952 | 0 | 3005
PACZ | Range_Medium | 62 | 54018 | 628760289857178 | 0.621319 | 122.952 | 0 | 5111
PACZ | Range_Medium | 63 | 15941 | 193097147135631 | 0.191053 | 122.952 | 0 | 1831
PACZ | Range_Medium | 64 | 7021 | 71453674274586 | 0.0883738 | 122.952 | 0 | 851
PACZ | Range_Medium | 65 | 72711 | 861232162061793 | 0.941594 | 122.952 | 0 | 7099
PACZ | Range_Medium | 66 | 5666 | 70277082291111 | 0.0646114 | 122.952 | 0 | 699
PACZ | Range_Medium | 67 | 85201 | 1003783310164443 | 1.09434 | 122.952 | 0 | 8043
PACZ | Range_Medium | 68 | 12000 | 146667645985596 | 0.152032 | 122.952 | 0 | 1621
PACZ | Range_Medium | 69 | 61098 | 711049121330310 | 0.737667 | 122.952 | 0 | 5923
PACZ | Range_Medium | 70 | 2456 | 18372306580044 | 0.0383059 | 122.952 | 0 | 433
PACZ | Range_Medium | 71 | 73965 | 854682771819879 | 0.871658 | 122.952 | 0 | 7287
PACZ | Range_Medium | 72 | 51183 | 538266534797268 | 0.609636 | 122.952 | 0 | 4933
PACZ | Range_Medium | 73 | 60924 | 709268738948352 | 0.730276 | 122.952 | 0 | 5905
PACZ | Range_Medium | 74 | 37385 | 514378726592217 | 0.421365 | 122.952 | 0 | 3873
PACZ | Range_Medium | 75 | 21456 | 237605584243239 | 0.246366 | 122.952 | 0 | 2309
PACZ | Range_Medium | 76 | 1730 | 14540577043914 | 0.0276566 | 122.952 | 0 | 391
PACZ | Range_Medium | 77 | 5259 | 64906758996060 | 0.0669956 | 122.952 | 0 | 757
PACZ | Range_Medium | 78 | 21045 | 233413978071114 | 0.234048 | 122.952 | 0 | 2219
PACZ | Range_Medium | 79 | 50314 | 590204780283012 | 0.57133 | 122.952 | 0 | 4731
PACZ | Range_Medium | 80 | 13908 | 160964792395311 | 0.151316 | 122.952 | 0 | 1603
PACZ | Range_Medium | 81 | 2512 | 24074287495827 | 0.0390212 | 122.952 | 0 | 433
PACZ | Range_Medium | 82 | 30356 | 398445812251962 | 0.350714 | 122.952 | 0 | 3227
PACZ | Range_Medium | 83 | 31268 | 374685981490467 | 0.323375 | 122.952 | 0 | 3313
PACZ | Range_Medium | 84 | 35356 | 399688386370866 | 0.396729 | 122.952 | 0 | 3599
PACZ | Range_Medium | 85 | 20200 | 225197777659416 | 0.226736 | 122.952 | 0 | 2171
PACZ | Range_Medium | 86 | 44551 | 467850183751758 | 0.507991 | 122.952 | 0 | 4307
PACZ | Range_Medium | 87 | 3720 | 50845824731757 | 0.0472864 | 122.952 | 0 | 575
PACZ | Range_Medium | 88 | 34033 | 355192128010080 | 0.39196 | 122.952 | 0 | 3633
PACZ | Range_Medium | 89 | 28023 | 349713745466691 | 0.313679 | 122.952 | 0 | 2729
PACZ | Range_Medium | 90 | 7621 | 88312302837051 | 0.109355 | 122.952 | 0 | 1057
PACZ | Range_Medium | 91 | 23103 | 263122817140482 | 0.271002 | 122.952 | 0 | 2595
PACZ | Range_Medium | 92 | 20075 | 216070955325480 | 0.240644 | 122.952 | 0 | 2217
PACZ | Range_Medium | 93 | 30434 | 325609292692272 | 0.297308 | 122.952 | 0 | 3063
PACZ | Range_Medium | 94 | 38936 | 409503194607834 | 0.422955 | 122.952 | 0 | 3831
PACZ | Range_Medium | 95 | 14358 | 170316573058797 | 0.161012 | 122.952 | 0 | 1559
PACZ | Range_Medium | 96 | 17085 | 198604044642915 | 0.188669 | 122.952 | 0 | 1911
PACZ | Range_Medium | 97 | 24114 | 307166382170544 | 0.279983 | 122.952 | 0 | 2441
PACZ | Range_Medium | 98 | 3149 | 38794280600661 | 0.0393391 | 122.952 | 0 | 443
PACZ | Range_Medium | 99 | 19821 | 217948093637955 | 0.22761 | 122.952 | 0 | 2165
PACZ | Range_Large | 0 | 593073 | 6988734388967121 | 7.55803 | 122.952 | 0 | 52105
PACZ | Range_Large | 1 | 398418 | 4629734720280168 | 5.04597 | 122.952 | 0 | 34737
PACZ | Range_Large | 2 | 369292 | 4312237938170934 | 4.56262 | 122.952 | 0 | 32219
PACZ | Range_Large | 3 | 361333 | 4123385945358456 | 4.64265 | 122.952 | 0 | 32337
PACZ | Range_Large | 4 | 592776 | 6953131110241875 | 7.59602 | 122.952 | 0 | 52083
PACZ | Range_Large | 5 | 359410 | 4198050133310463 | 4.59901 | 122.952 | 0 | 31367
PACZ | Range_Large | 6 | 487566 | 5789589505658736 | 6.30999 | 122.952 | 0 | 43005
PACZ | Range_Large | 7 | 491372 | 5830535623857042 | 6.41497 | 122.952 | 0 | 43633
PACZ | Range_Large | 8 | 262495 | 2981891679568410 | 3.39135 | 122.952 | 0 | 23737
PACZ | Range_Large | 9 | 327576 | 3800902456864419 | 4.17765 | 122.952 | 0 | 28523
PACZ | Range_Large | 10 | 431445 | 5133588925122429 | 5.59894 | 122.952 | 0 | 38253
PACZ | Range_Large | 11 | 270439 | 3088346321023953 | 3.50229 | 122.952 | 0 | 24351
PACZ | Range_Large | 12 | 574611 | 6722366935768488 | 7.44565 | 122.952 | 0 | 50531
PACZ | Range_Large | 13 | 580826 | 6849032337941733 | 7.49636 | 122.952 | 0 | 51171
PACZ | Range_Large | 14 | 380752 | 4302195146034852 | 4.93995 | 122.952 | 0 | 33917
PACZ | Range_Large | 15 | 466032 | 5545726158333189 | 6.06871 | 122.952 | 0 | 41237
PACZ | Range_Large | 16 | 605890 | 7128229364417823 | 7.85971 | 122.952 | 0 | 53211
PACZ | Range_Large | 17 | 437585 | 5212224247070079 | 5.73071 | 122.952 | 0 | 38921
PACZ | Range_Large | 18 | 378571 | 4517375987492415 | 4.82965 | 122.952 | 0 | 33527
PACZ | Range_Large | 19 | 368984 | 4299335271041793 | 4.74207 | 122.952 | 0 | 32347
PACZ | Range_Large | 20 | 597463 | 7025991280112685 | 7.75401 | 122.952 | 0 | 52831
PACZ | Range_Large | 21 | 293844 | 3356637145110045 | 3.75168 | 122.952 | 0 | 25501
PACZ | Range_Large | 22 | 411616 | 4894564848768579 | 5.27596 | 122.952 | 0 | 36471
PACZ | Range_Large | 23 | 333868 | 3880488283835211 | 4.29463 | 122.952 | 0 | 29367
PACZ | Range_Large | 24 | 395832 | 4616281399068372 | 5.12036 | 122.952 | 0 | 34545
PACZ | Range_Large | 25 | 597686 | 7024368139945917 | 7.81703 | 122.952 | 0 | 52495
PACZ | Range_Large | 26 | 305013 | 3452962281033450 | 4.00066 | 122.952 | 0 | 27303
PACZ | Range_Large | 27 | 649585 | 7606851265097295 | 8.21638 | 122.952 | 0 | 56673
PACZ | Range_Large | 28 | 523254 | 6175722071500689 | 6.70997 | 122.952 | 0 | 46725
PACZ | Range_Large | 29 | 414790 | 4929752100109401 | 5.44302 | 122.952 | 0 | 36793
PACZ | Range_Large | 30 | 575950 | 6742410734783103 | 7.47005 | 122.952 | 0 | 50679
PACZ | Range_Large | 31 | 614806 | 7230848223088653 | 7.9933 | 122.952 | 0 | 54023
PACZ | Range_Large | 32 | 338510 | 3936761792505306 | 4.3447 | 122.952 | 0 | 29759
PACZ | Range_Large | 33 | 582069 | 6801672687828855 | 7.53133 | 122.952 | 0 | 51231
PACZ | Range_Large | 34 | 383531 | 4570789060265646 | 4.95799 | 122.952 | 0 | 33999
PACZ | Range_Large | 35 | 296857 | 3392678571980490 | 3.73228 | 122.952 | 0 | 25725
PACZ | Range_Large | 36 | 616519 | 7239368499568632 | 7.98472 | 122.952 | 0 | 53987
PACZ | Range_Large | 37 | 483393 | 5744678535556383 | 6.265 | 122.952 | 0 | 42761
PACZ | Range_Large | 38 | 374355 | 4368566282226651 | 4.83704 | 122.952 | 0 | 32803
PACZ | Range_Large | 39 | 325556 | 3704402085678732 | 4.21071 | 122.952 | 0 | 29221
PACZ | Range_Large | 40 | 413755 | 4936128486006093 | 5.26031 | 122.952 | 0 | 36771
PACZ | Range_Large | 41 | 426154 | 5080943296933476 | 5.41806 | 122.952 | 0 | 37733
PACZ | Range_Large | 42 | 627443 | 7343699525720961 | 7.93568 | 122.952 | 0 | 54855
PACZ | Range_Large | 43 | 437690 | 5202466140642804 | 5.78332 | 122.952 | 0 | 38745
PACZ | Range_Large | 44 | 398388 | 4739751799002849 | 5.13299 | 122.952 | 0 | 35331
PACZ | Range_Large | 45 | 483505 | 5748338790255906 | 6.23234 | 122.952 | 0 | 42789
PACZ | Range_Large | 46 | 479010 | 5617650642471534 | 6.15994 | 122.952 | 0 | 42293
PACZ | Range_Large | 47 | 436894 | 5193484617088716 | 5.6893 | 122.952 | 0 | 38705
PACZ | Range_Large | 48 | 480668 | 5711823065547777 | 6.18466 | 122.952 | 0 | 42521
PACZ | Range_Large | 49 | 582510 | 6855592561704987 | 7.53967 | 122.952 | 0 | 51253
PACZ | Range_Large | 50 | 372770 | 4350924608721003 | 4.7493 | 122.952 | 0 | 32671
PACZ | Range_Large | 51 | 306940 | 3523328546962323 | 3.96061 | 122.952 | 0 | 26661
PACZ | Range_Large | 52 | 378076 | 4512198309592653 | 4.93304 | 122.952 | 0 | 33551
PACZ | Range_Large | 53 | 482730 | 5740937937209850 | 6.32437 | 122.952 | 0 | 42763
PACZ | Range_Large | 54 | 41 | 281772698505 | 0.00301997 | 122.952 | 0 | 53
PACZ | Range_Large | 55 | 483210 | 5741714462758203 | 6.20437 | 122.952 | 0 | 42673
PACZ | Range_Large | 56 | 382463 | 4450609344537741 | 5.00504 | 122.952 | 0 | 33461
PACZ | Range_Large | 57 | 446262 | 5324581822424274 | 5.78698 | 122.952 | 0 | 39493
PACZ | Range_Large | 58 | 592019 | 6916265693205606 | 7.58934 | 122.952 | 0 | 52093
PACZ | Range_Large | 59 | 380328 | 4536533127020634 | 4.88234 | 122.952 | 0 | 33745
PACZ | Range_Large | 60 | 402410 | 4804449335157768 | 5.22693 | 122.952 | 0 | 35663
PACZ | Range_Large | 61 | 478465 | 5682140298191472 | 6.25467 | 122.952 | 0 | 42685
PACZ | Range_Large | 62 | 558890 | 6598650602802714 | 7.26763 | 122.952 | 0 | 49143
PACZ | Range_Large | 63 | 377713 | 4508137822325472 | 4.90832 | 122.952 | 0 | 33477
PACZ | Range_Large | 64 | 481946 | 5727524517693084 | 6.23266 | 122.952 | 0 | 42627
PACZ | Range_Large | 65 | 366738 | 4284001943369955 | 4.6893 | 122.952 | 0 | 32049
PACZ | Range_Large | 66 | 561795 | 6584581359256242 | 7.30062 | 122.952 | 0 | 49599
PACZ | Range_Large | 67 | 476200 | 5652376197827160 | 6.26667 | 122.952 | 0 | 42101
PACZ | Range_Large | 68 | 393775 | 4699701189836943 | 5.05567 | 122.952 | 0 | 34955
PACZ | Range_Large | 69 | 474947 | 5648093261601465 | 6.22567 | 122.952 | 0 | 42071
PACZ | Range_Large | 70 | 297349 | 3403712779053990 | 3.76534 | 122.952 | 0 | 25877
PACZ | Range_Large | 71 | 270235 | 3080898199683243 | 3.51167 | 122.952 | 0 | 24295
PACZ | Range_Large | 72 | 388516 | 4627536601078011 | 5.0683 | 122.952 | 0 | 34431
PACZ | Range_Large | 73 | 418284 | 4987095113606100 | 5.3707 | 122.952 | 0 | 37015
PACZ | Range_Large | 74 | 389422 | 4527357503384511 | 4.99868 | 122.952 | 0 | 34015
PACZ | Range_Large | 75 | 303418 | 3479912593993404 | 3.78569 | 122.952 | 0 | 26391
PACZ | Range_Large | 76 | 563791 | 6603954655652709 | 7.36936 | 122.952 | 0 | 49541
PACZ | Range_Large | 77 | 483443 | 5697643362471504 | 6.47537 | 122.952 | 0 | 43259
PACZ | Range_Large | 78 | 1 | 3704188899 | 0.00230471 | 122.952 | 0 | 51
PACZ | Range_Large | 79 | 429583 | 5111995009841802 | 5.87932 | 122.952 | 0 | 38077
PACZ | Range_Large | 80 | 481925 | 5728480180710273 | 6.32437 | 122.952 | 0 | 42641
PACZ | Range_Large | 81 | 363594 | 4331943841970808 | 4.74501 | 122.952 | 0 | 32713
PACZ | Range_Large | 82 | 545102 | 6379350086506872 | 7.02969 | 122.952 | 0 | 48079
PACZ | Range_Large | 83 | 305975 | 3512406209846247 | 3.9227 | 122.952 | 0 | 26591
PACZ | Range_Large | 84 | 396280 | 4727034626426022 | 5.14833 | 122.952 | 0 | 35191
PACZ | Range_Large | 85 | 336079 | 3906003906603648 | 4.34534 | 122.952 | 0 | 29573
PACZ | Range_Large | 86 | 603481 | 7101975817691073 | 7.82204 | 122.952 | 0 | 53103
PACZ | Range_Large | 87 | 449165 | 5354161019449659 | 5.81169 | 122.952 | 0 | 39773
PACZ | Range_Large | 88 | 652818 | 7638800258530461 | 8.54834 | 122.952 | 0 | 57053
PACZ | Range_Large | 89 | 396338 | 4613606685765912 | 5.17901 | 122.952 | 0 | 34589
PACZ | Range_Large | 90 | 522009 | 6121669244979156 | 6.80598 | 122.952 | 0 | 45865
PACZ | Range_Large | 91 | 575017 | 6776241554903343 | 7.40639 | 122.952 | 0 | 50531
PACZ | Range_Large | 92 | 606404 | 7121229330515784 | 7.85168 | 122.952 | 0 | 53095
PACZ | Range_Large | 93 | 386514 | 4605016134804714 | 4.999 | 122.952 | 0 | 34277
PACZ | Range_Large | 94 | 475513 | 5652682061902197 | 5.97763 | 122.952 | 0 | 42083
PACZ | Range_Large | 95 | 622162 | 7274936617560765 | 8.051 | 122.952 | 0 | 54633
PACZ | Range_Large | 96 | 365608 | 4273515380593290 | 4.63239 | 122.952 | 0 | 31927
PACZ | Range_Large | 97 | 648102 | 7589070928038807 | 8.28298 | 122.952 | 0 | 56587
PACZ | Range_Large | 98 | 363436 | 4239079005429909 | 4.60537 | 122.952 | 0 | 31759
PACZ | Range_Large | 99 | 483687 | 5747675261357043 | 6.15001 | 122.952 | 0 | 42765
PACZ | kNN_10 | 0 | 10 | 138389172618 | 0.0406901 | 122.952 | 0 | 227
PACZ | kNN_10 | 1 | 10 | 158426248671 | 0.0533263 | 122.952 | 0 | 384
PACZ | kNN_10 | 2 | 10 | 126122471397 | 0.0709693 | 122.952 | 0 | 510
PACZ | kNN_10 | 3 | 10 | 126339942123 | 0.0650088 | 122.952 | 0 | 563
PACZ | kNN_10 | 4 | 10 | 86200682157 | 0.00532468 | 122.952 | 0 | 42
PACZ | kNN_10 | 5 | 10 | 106825101471 | 0.0596841 | 122.952 | 0 | 457
PACZ | kNN_10 | 6 | 10 | 120451161798 | 0.0209808 | 122.952 | 0 | 200
PACZ | kNN_10 | 7 | 10 | 139841550624 | 0.0673135 | 122.952 | 0 | 514
PACZ | kNN_10 | 8 | 10 | 122095217748 | 0.0400543 | 122.952 | 0 | 387
PACZ | kNN_10 | 9 | 10 | 113746076460 | 0.0480016 | 122.952 | 0 | 457
PACZ | kNN_10 | 10 | 10 | 146089691577 | 0.0360012 | 122.952 | 0 | 296
PACZ | kNN_10 | 11 | 10 | 119289459063 | 0.0499884 | 122.952 | 0 | 355
PACZ | kNN_10 | 12 | 10 | 142417815114 | 0.0390212 | 122.952 | 0 | 343
PACZ | kNN_10 | 13 | 10 | 102708480726 | 0.042359 | 122.952 | 0 | 393
PACZ | kNN_10 | 14 | 10 | 84653450082 | 0.041008 | 122.952 | 0 | 316
PACZ | kNN_10 | 15 | 10 | 134897863779 | 0.0442664 | 122.952 | 0 | 403
PACZ | kNN_10 | 16 | 10 | 87873818265 | 0.0523726 | 122.952 | 0 | 487
PACZ | kNN_10 | 17 | 10 | 126294087282 | 0.0553131 | 122.952 | 0 | 467
PACZ | kNN_10 | 18 | 10 | 124504736277 | 0.0469685 | 122.952 | 0 | 405
PACZ | kNN_10 | 19 | 10 | 111855855939 | 0.0456174 | 122.952 | 0 | 411
PACZ | kNN_10 | 20 | 10 | 119305493577 | 0.0389417 | 122.952 | 0 | 293
PACZ | kNN_10 | 21 | 10 | 130164090354 | 0.0320276 | 122.952 | 0 | 307
PACZ | kNN_10 | 22 | 10 | 120503303757 | 0.0373522 | 122.952 | 0 | 303
PACZ | kNN_10 | 23 | 10 | 102554832939 | 0.0437101 | 122.952 | 0 | 369
PACZ | kNN_10 | 24 | 10 | 119297165394 | 0.0336965 | 122.952 | 0 | 263
PACZ | kNN_10 | 25 | 10 | 120453390723 | 0.0279744 | 122.952 | 0 | 251
PACZ | kNN_10 | 26 | 10 | 126944965551 | 0.0436306 | 122.952 | 0 | 387
PACZ | kNN_10 | 27 | 10 | 138320516088 | 0.0300407 | 122.952 | 0 | 201
PACZ | kNN_10 | 28 | 10 | 132336162249 | 0.026385 | 122.952 | 0 | 218
PACZ | kNN_10 | 29 | 10 | 89719880832 | 0.0493526 | 122.952 | 0 | 424
PACZ | kNN_10 | 30 | 10 | 90162719118 | 0.0429948 | 122.952 | 0 | 415
PACZ | kNN_10 | 31 | 10 | 118806010806 | 0.0419617 | 122.952 | 0 | 343
PACZ | kNN_10 | 32 | 10 | 90150460533 | 0.0229677 | 122.952 | 0 | 189
PACZ | kNN_10 | 33 | 10 | 124248970095 | 0.0446637 | 122.952 | 0 | 448
PACZ | kNN_10 | 34 | 10 | 119307539754 | 0.0413259 | 122.952 | 0 | 328
PACZ | kNN_10 | 35 | 10 | 119288273481 | 0.0269413 | 122.952 | 0 | 222
PACZ | kNN_10 | 36 | 10 | 125519975877 | 0.0302792 | 122.952 | 0 | 292
PACZ | kNN_10 | 37 | 10 | 126429753621 | 0.0463327 | 122.952 | 0 | 341
PACZ | kNN_10 | 38 | 10 | 123093708792 | 0.037988 | 122.952 | 0 | 325
PACZ | kNN_10 | 39 | 10 | 126350156505 | 0.0472864 | 122.952 | 0 | 462
PACZ | kNN_10 | 40 | 10 | 125463178380 | 0.0363191 | 122.952 | 0 | 341
PACZ | kNN_10 | 41 | 10 | 90451206885 | 0.0495911 | 122.952 | 0 | 448
PACZ | kNN_10 | 42 | 10 | 129558266547 | 0.0533263 | 122.952 | 0 | 467
PACZ | kNN_10 | 43 | 10 | 156442702956 | 0.0496705 | 122.952 | 0 | 383
PACZ | kNN_10 | 44 | 10 | 123100709301 | 0.0246366 | 122.952 | 0 | 216
PACZ | kNN_10 | 45 | 10 | 123292975725 | 0.0400543 | 122.952 | 0 | 319
PACZ | kNN_10 | 46 | 10 | 133087504176 | 0.0360012 | 122.952 | 0 | 269
PACZ | kNN_10 | 47 | 10 | 138794770128 | 0.0316302 | 122.952 | 0 | 234
PACZ | kNN_10 | 48 | 10 | 111910861365 | 0.0476837 | 122.952 | 0 | 405
PACZ | kNN_10 | 49 | 10 | 124249318176 | 0.0713666 | 122.952 | 0 | 618
PACZ | kNN_10 | 50 | 10 | 121929671616 | 0.0363191 | 122.952 | 0 | 264
PACZ | kNN_10 | 51 | 10 | 137271882159 | 0.0243187 | 122.952 | 0 | 180
PACZ | kNN_10 | 52 | 10 | 103811675574 | 0.0496705 | 122.952 | 0 | 398
PACZ | kNN_10 | 53 | 10 | 126446830494 | 0.0583331 | 122.952 | 0 | 465
PACZ | kNN_10 | 54 | 10 | 134854858866 | 0.0286102 | 122.952 | 0 | 239
PACZ | kNN_10 | 55 | 10 | 113737431945 | 0.0546773 | 122.952 | 0 | 500
PACZ | kNN_10 | 56 | 10 | 75193881087 | 0.0329812 | 122.952 | 0 | 350
PACZ | kNN_10 | 57 | 10 | 78480476730 | 0.0316302 | 122.952 | 0 | 315
PACZ | kNN_10 | 58 | 10 | 127873267170 | 0.0523726 | 122.952 | 0 | 424
PACZ | kNN_10 | 59 | 10 | 120441004953 | 0.0406901 | 122.952 | 0 | 309
PACZ | kNN_10 | 60 | 10 | 123244479786 | 0.0456969 | 122.952 | 0 | 331
PACZ | kNN_10 | 61 | 10 | 60693225156 | 0.0516574 | 122.952 | 0 | 463
PACZ | kNN_10 | 62 | 10 | 141000386565 | 0.0267029 | 122.952 | 0 | 234
PACZ | kNN_10 | 63 | 10 | 127977370242 | 0.0360012 | 122.952 | 0 | 318
PACZ | kNN_10 | 64 | 10 | 90095141844 | 0.0493526 | 122.952 | 0 | 383
PACZ | kNN_10 | 65 | 10 | 113318496804 | 0.0516574 | 122.952 | 0 | 441
PACZ | kNN_10 | 66 | 10 | 124348654089 | 0.039657 | 122.952 | 0 | 367
PACZ | kNN_10 | 67 | 10 | 137448319827 | 0.0332991 | 122.952 | 0 | 307
PACZ | kNN_10 | 68 | 10 | 119288276406 | 0.0273387 | 122.952 | 0 | 213
PACZ | kNN_10 | 69 | 10 | 137264639556 | 0.0230471 | 122.952 | 0 | 166
PACZ | kNN_10 | 70 | 10 | 60971693550 | 0.060002 | 122.952 | 0 | 553
PACZ | kNN_10 | 71 | 10 | 145135698021 | 0.0279744 | 122.952 | 0 | 273
PACZ | kNN_10 | 72 | 10 | 118537450779 | 0.0329812 | 122.952 | 0 | 333
PACZ | kNN_10 | 73 | 10 | 107393704005 | 0.0523726 | 122.952 | 0 | 453
PACZ | kNN_10 | 74 | 10 | 18909167937 | 0.0437101 | 122.952 | 0 | 385
PACZ | kNN_10 | 75 | 10 | 105292130160 | 0.0363191 | 122.952 | 0 | 333
PACZ | kNN_10 | 76 | 10 | 120099606924 | 0.0657241 | 122.952 | 0 | 482
PACZ | kNN_10 | 77 | 10 | 122029383120 | 0.0333786 | 122.952 | 0 | 238
PACZ | kNN_10 | 78 | 10 | 124291279776 | 0.0386238 | 122.952 | 0 | 323
PACZ | kNN_10 | 79 | 10 | 127827183669 | 0.0660419 | 122.952 | 0 | 553
PACZ | kNN_10 | 80 | 10 | 105334020957 | 0.064373 | 122.952 | 0 | 553
PACZ | kNN_10 | 81 | 10 | 138384958971 | 0.026385 | 122.952 | 0 | 197
PACZ | kNN_10 | 82 | 10 | 104321610057 | 0.0376701 | 122.952 | 0 | 366
PACZ | kNN_10 | 83 | 10 | 130082873997 | 0.0516574 | 122.952 | 0 | 475
PACZ | kNN_10 | 84 | 10 | 100905710595 | 0.0273387 | 122.952 | 0 | 217
PACZ | kNN_10 | 85 | 10 | 150940962195 | 0.0263055 | 122.952 | 0 | 192
PACZ | kNN_10 | 86 | 10 | 104297163969 | 0.0539621 | 122.952 | 0 | 480
PACZ | kNN_10 | 87 | 10 | 137333860389 | 0.0236829 | 122.952 | 0 | 187
PACZ | kNN_10 | 88 | 10 | 124896516291 | 0.0636578 | 122.952 | 0 | 550
PACZ | kNN_10 | 89 | 10 | 103349248275 | 0.0640551 | 122.952 | 0 | 593
PACZ | kNN_10 | 90 | 10 | 158272770975 | 0.0290076 | 122.952 | 0 | 250
PACZ | kNN_10 | 91 | 10 | 106160035749 | 0.0507037 | 122.952 | 0 | 440
PACZ | kNN_10 | 92 | 10 | 126335702142 | 0.0560284 | 122.952 | 0 | 488
PACZ | kNN_10 | 93 | 10 | 96068230026 | 0.0406901 | 122.952 | 0 | 390
PACZ | kNN_10 | 94 | 10 | 44012226423 | 0.0383854 | 122.952 | 0 | 313
PACZ | kNN_10 | 95 | 10 | 147343739343 | 0.0373522 | 122.952 | 0 | 261
PACZ | kNN_10 | 96 | 10 | 116468251671 | 0.0483195 | 122.952 | 0 | 398
PACZ | kNN_10 | 97 | 10 | 127036523214 | 0.0519753 | 122.952 | 0 | 488
PACZ | kNN_10 | 98 | 10 | 106671655719 | 0.0349681 | 122.952 | 0 | 345
PACZ | kNN_10 | 99 | 10 | 21371799225 | 0.05428 | 122.952 | 0 | 451
PACZ | kNN_100 | 0 | 100 | 1383891588588 | 0.181039 | 122.952 | 0 | 350
PACZ | kNN_100 | 1 | 100 | 1585154003820 | 0.310659 | 122.952 | 0 | 631
PACZ | kNN_100 | 2 | 100 | 1261225603461 | 0.408014 | 122.952 | 0 | 1051
PACZ | kNN_100 | 3 | 100 | 1243280497383 | 0.421047 | 122.952 | 0 | 1135
PACZ | kNN_100 | 4 | 100 | 827722747929 | 0.027736 | 122.952 | 0 | 54
PACZ | kNN_100 | 5 | 100 | 1193707692951 | 0.361999 | 122.952 | 0 | 816
PACZ | kNN_100 | 6 | 100 | 1196867584788 | 0.113964 | 122.952 | 0 | 268
PACZ | kNN_100 | 7 | 100 | 1398414013257 | 0.361681 | 122.952 | 0 | 901
PACZ | kNN_100 | 8 | 100 | 1241856092676 | 0.261704 | 122.952 | 0 | 730
PACZ | kNN_100 | 9 | 100 | 1118458449330 | 0.319719 | 122.952 | 0 | 920
PACZ | kNN_100 | 10 | 100 | 1460896923450 | 0.208378 | 122.952 | 0 | 521
PACZ | kNN_100 | 11 | 100 | 1192894580184 | 0.251373 | 122.952 | 0 | 564
PACZ | kNN_100 | 12 | 100 | 1083279281652 | 0.221332 | 122.952 | 0 | 664
PACZ | kNN_100 | 13 | 100 | 1042315465635 | 0.289996 | 122.952 | 0 | 858
PACZ | kNN_100 | 14 | 100 | 921322467507 | 0.225623 | 122.952 | 0 | 570
PACZ | kNN_100 | 15 | 100 | 1366620115104 | 0.291983 | 122.952 | 0 | 761
PACZ | kNN_100 | 16 | 100 | 1006526716236 | 0.341972 | 122.952 | 0 | 987
PACZ | kNN_100 | 17 | 100 | 1234037257875 | 0.331322 | 122.952 | 0 | 929
PACZ | kNN_100 | 18 | 100 | 1185237023520 | 0.288645 | 122.952 | 0 | 751
PACZ | kNN_100 | 19 | 100 | 718818255018 | 0.26528 | 122.952 | 0 | 744
PACZ | kNN_100 | 20 | 100 | 1193054975778 | 0.197967 | 122.952 | 0 | 560
PACZ | kNN_100 | 21 | 100 | 1301640108993 | 0.185331 | 122.952 | 0 | 524
PACZ | kNN_100 | 22 | 100 | 1203732075393 | 0.231028 | 122.952 | 0 | 560
PACZ | kNN_100 | 23 | 100 | 1025686742877 | 0.254075 | 122.952 | 0 | 744
PACZ | kNN_100 | 24 | 100 | 1192771974702 | 0.14933 | 122.952 | 0 | 420
PACZ | kNN_100 | 25 | 100 | 1204533992697 | 0.137726 | 122.952 | 0 | 367
PACZ | kNN_100 | 26 | 100 | 1221957305784 | 0.246684 | 122.952 | 0 | 790
PACZ | kNN_100 | 27 | 100 | 1383205110648 | 0.136693 | 122.952 | 0 | 311
PACZ | kNN_100 | 28 | 100 | 1319252700516 | 0.158707 | 122.952 | 0 | 436
PACZ | kNN_100 | 29 | 100 | 1141956610671 | 0.259638 | 122.952 | 0 | 840
PACZ | kNN_100 | 30 | 100 | 877215556101 | 0.28197 | 122.952 | 0 | 839
PACZ | kNN_100 | 31 | 100 | 1188060070713 | 0.256618 | 122.952 | 0 | 764
PACZ | kNN_100 | 32 | 100 | 895707222399 | 0.163635 | 122.952 | 0 | 379
PACZ | kNN_100 | 33 | 100 | 1259327198358 | 0.317971 | 122.952 | 0 | 971
PACZ | kNN_100 | 34 | 100 | 1193075279100 | 0.198682 | 122.952 | 0 | 524
PACZ | kNN_100 | 35 | 100 | 1192882745427 | 0.1297 | 122.952 | 0 | 337
PACZ | kNN_100 | 36 | 100 | 1258583808093 | 0.162363 | 122.952 | 0 | 543
PACZ | kNN_100 | 37 | 100 | 1264300649307 | 0.239372 | 122.952 | 0 | 640
PACZ | kNN_100 | 38 | 100 | 1230937117743 | 0.18239 | 122.952 | 0 | 559
PACZ | kNN_100 | 39 | 100 | 1263150704583 | 0.252326 | 122.952 | 0 | 898
PACZ | kNN_100 | 40 | 100 | 1254631711365 | 0.218312 | 122.952 | 0 | 630
PACZ | kNN_100 | 41 | 100 | 1209222339030 | 0.341336 | 122.952 | 0 | 934
PACZ | kNN_100 | 42 | 100 | 1287881329530 | 0.319322 | 122.952 | 0 | 845
PACZ | kNN_100 | 43 | 100 | 1564427033049 | 0.242313 | 122.952 | 0 | 602
PACZ | kNN_100 | 44 | 100 | 1201504719471 | 0.148296 | 122.952 | 0 | 407
PACZ | kNN_100 | 45 | 100 | 1232933774532 | 0.234604 | 122.952 | 0 | 614
PACZ | kNN_100 | 46 | 100 | 1250914097856 | 0.142972 | 122.952 | 0 | 395
PACZ | kNN_100 | 47 | 100 | 1387947167436 | 0.156959 | 122.952 | 0 | 429
PACZ | kNN_100 | 48 | 100 | 1119172584993 | 0.288328 | 122.952 | 0 | 754
PACZ | kNN_100 | 49 | 100 | 1291719706929 | 0.344992 | 122.952 | 0 | 1089
PACZ | kNN_100 | 50 | 100 | 1219296638580 | 0.208298 | 122.952 | 0 | 491
PACZ | kNN_100 | 51 | 100 | 1372718590410 | 0.141939 | 122.952 | 0 | 303
PACZ | kNN_100 | 52 | 100 | 1038116780256 | 0.272671 | 122.952 | 0 | 860
PACZ | kNN_100 | 53 | 100 | 1226464046637 | 0.266711 | 122.952 | 0 | 870
PACZ | kNN_100 | 54 | 100 | 1352571528993 | 0.169039 | 122.952 | 0 | 468
PACZ | kNN_100 | 55 | 100 | 1208236550787 | 0.274658 | 122.952 | 0 | 975
PACZ | kNN_100 | 56 | 100 | 755434229598 | 0.171741 | 122.952 | 0 | 620
PACZ | kNN_100 | 57 | 100 | 578944087248 | 0.177304 | 122.952 | 0 | 583
PACZ | kNN_100 | 58 | 100 | 1278732620151 | 0.263294 | 122.952 | 0 | 710
PACZ | kNN_100 | 59 | 100 | 1202264177652 | 0.176986 | 122.952 | 0 | 477
PACZ | kNN_100 | 60 | 100 | 1232427695568 | 0.28197 | 122.952 | 0 | 618
PACZ | kNN_100 | 61 | 100 | 659242101267 | 0.305255 | 122.952 | 0 | 933
PACZ | kNN_100 | 62 | 100 | 1146163877451 | 0.207345 | 122.952 | 0 | 438
PACZ | kNN_100 | 63 | 100 | 1298709937902 | 0.200669 | 122.952 | 0 | 631
PACZ | kNN_100 | 64 | 100 | 900773845326 | 0.247002 | 122.952 | 0 | 741
PACZ | kNN_100 | 65 | 100 | 1045260995469 | 0.267982 | 122.952 | 0 | 931
PACZ | kNN_100 | 66 | 100 | 1243486505457 | 0.202974 | 122.952 | 0 | 715
PACZ | kNN_100 | 67 | 100 | 1185370699008 | 0.173966 | 122.952 | 0 | 531
PACZ | kNN_100 | 68 | 100 | 1192882703451 | 0.118335 | 122.952 | 0 | 308
PACZ | kNN_100 | 69 | 100 | 1345771899174 | 0.119686 | 122.952 | 0 | 264
PACZ | kNN_100 | 70 | 100 | 609716939052 | 0.34372 | 122.952 | 0 | 1047
PACZ | kNN_100 | 71 | 100 | 1224015275211 | 0.151316 | 122.952 | 0 | 509
PACZ | kNN_100 | 72 | 100 | 1221206519622 | 0.228961 | 122.952 | 0 | 721
PACZ | kNN_100 | 73 | 100 | 1204834367868 | 0.281652 | 122.952 | 0 | 851
PACZ | kNN_100 | 74 | 100 | 784029145776 | 0.207027 | 122.952 | 0 | 726
PACZ | kNN_100 | 75 | 100 | 1134868663776 | 0.209014 | 122.952 | 0 | 561
PACZ | kNN_100 | 76 | 100 | 1199458903008 | 0.303348 | 122.952 | 0 | 825
PACZ | kNN_100 | 77 | 100 | 1283416266462 | 0.151634 | 122.952 | 0 | 417
PACZ | kNN_100 | 78 | 100 | 1242912824919 | 0.181278 | 122.952 | 0 | 631
PACZ | kNN_100 | 79 | 100 | 1224339306948 | 0.335614 | 122.952 | 0 | 1019
PACZ | kNN_100 | 80 | 100 | 1080659994426 | 0.338316 | 122.952 | 0 | 1080
PACZ | kNN_100 | 81 | 100 | 1383849614316 | 0.121991 | 122.952 | 0 | 326
PACZ | kNN_100 | 82 | 100 | 1042091926905 | 0.209014 | 122.952 | 0 | 764
PACZ | kNN_100 | 83 | 100 | 1287993184563 | 0.267029 | 122.952 | 0 | 898
PACZ | kNN_100 | 84 | 100 | 1009057100250 | 0.150998 | 122.952 | 0 | 425
PACZ | kNN_100 | 85 | 100 | 1499887340241 | 0.125964 | 122.952 | 0 | 317
PACZ | kNN_100 | 86 | 100 | 1237119370500 | 0.383615 | 122.952 | 0 | 907
PACZ | kNN_100 | 87 | 100 | 1373338551474 | 0.0943343 | 122.952 | 0 | 283
PACZ | kNN_100 | 88 | 100 | 1185043997112 | 0.35135 | 122.952 | 0 | 1044
PACZ | kNN_100 | 89 | 100 | 963048003273 | 0.424941 | 122.952 | 0 | 1175
PACZ | kNN_100 | 90 | 100 | 1565631586161 | 0.19002 | 122.952 | 0 | 481
PACZ | kNN_100 | 91 | 100 | 1015507419618 | 0.34833 | 122.952 | 0 | 855
PACZ | kNN_100 | 92 | 100 | 1256429177817 | 0.286023 | 122.952 | 0 | 973
PACZ | kNN_100 | 93 | 100 | 960682303803 | 0.218312 | 122.952 | 0 | 668
PACZ | kNN_100 | 94 | 100 | 440122272612 | 0.196616 | 122.952 | 0 | 588
PACZ | kNN_100 | 95 | 100 | 1420258351152 | 0.205278 | 122.952 | 0 | 503
PACZ | kNN_100 | 96 | 100 | 1081952209632 | 0.229677 | 122.952 | 0 | 790
PACZ | kNN_100 | 97 | 100 | 1269762000021 | 0.344356 | 122.952 | 0 | 930
PACZ | kNN_100 | 98 | 100 | 1114657649379 | 0.277996 | 122.952 | 0 | 798
PACZ | kNN_100 | 99 | 100 | 1034613080481 | 0.242313 | 122.952 | 0 | 827
