Algo | QType | QID | Count | Hash | Time_ms | Mem_Tree_MB | Mem_Delta_MB | Nodes
PACZ | Range_Small | 0 | 487 | 6079769770548 | 0.0259876 | 131.057 | 0 | 271
PACZ | Range_Small | 1 | 60 | 822980714334 | 0.0100136 | 131.057 | 0 | 175
PACZ | Range_Small | 2 | 783 | 9647732917608 | 0.0130335 | 131.057 | 0 | 237
PACZ | Range_Small | 3 | 1300 | 15281140924476 | 0.0216961 | 131.057 | 0 | 357
PACZ | Range_Small | 4 | 450 | 4339967445990 | 0.0120004 | 131.057 | 0 | 233
PACZ | Range_Small | 5 | 5170 | 66851888093406 | 0.0573794 | 131.057 | 0 | 731
PACZ | Range_Small | 6 | 4177 | 51063333423468 | 0.0560284 | 131.057 | 0 | 779
PACZ | Range_Small | 7 | 80 | 830351058900 | 0.00437101 | 131.057 | 0 | 131
PACZ | Range_Small | 8 | 18869 | 224773609092699 | 0.232379 | 131.057 | 0 | 2191
PACZ | Range_Small | 9 | 12958 | 158284669846605 | 0.159661 | 131.057 | 0 | 1549
PACZ | Range_Small | 10 | 15368 | 179705743788330 | 0.14631 | 131.057 | 0 | 1893
PACZ | Range_Small | 11 | 13040 | 159944763647670 | 0.149727 | 131.057 | 0 | 1619
PACZ | Range_Small | 12 | 440 | 5621381568702 | 0.0156562 | 131.057 | 0 | 249
PACZ | Range_Small | 13 | 378 | 4608964010604 | 0.0343323 | 131.057 | 0 | 243
PACZ | Range_Small | 14 | 149 | 2046289384923 | 0.00635783 | 131.057 | 0 | 159
PACZ | Range_Small | 15 | 4288 | 57375904533618 | 0.0693798 | 131.057 | 0 | 593
PACZ | Range_Small | 16 | 7243 | 89197485613926 | 0.108957 | 131.057 | 0 | 945
PACZ | Range_Small | 17 | 5804 | 76496594991294 | 0.074625 | 131.057 | 0 | 775
PACZ | Range_Small | 18 | 21 | 134548269192 | 0.00198682 | 131.057 | 0 | 85
PACZ | Range_Small | 19 | 507 | 6232260613578 | 0.0180403 | 131.057 | 0 | 259
PACZ | Range_Small | 20 | 1116 | 13749869092584 | 0.0230471 | 131.057 | 0 | 309
PACZ | Range_Small | 21 | 2478 | 30702346141677 | 0.0373522 | 131.057 | 0 | 485
PACZ | Range_Small | 22 | 552 | 7659265019607 | 0.0147025 | 131.057 | 0 | 267
PACZ | Range_Small | 23 | 389 | 5883909960588 | 0.0130335 | 131.057 | 0 | 273
PACZ | Range_Small | 24 | 307 | 3525595726293 | 0.0106494 | 131.057 | 0 | 247
PACZ | Range_Small | 25 | 18 | 252341631690 | 0.00866254 | 131.057 | 0 | 145
PACZ | Range_Small | 26 | 684 | 6742604075883 | 0.0163714 | 131.057 | 0 | 243
PACZ | Range_Small | 27 | 7467 | 92192207342877 | 0.0840028 | 131.057 | 0 | 971
PACZ | Range_Small | 28 | 533 | 4591502960610 | 0.0153383 | 131.057 | 0 | 219
PACZ | Range_Small | 29 | 601 | 6613213209483 | 0.0196298 | 131.057 | 0 | 267
PACZ | Range_Small | 30 | 1411 | 15616317786675 | 0.036637 | 131.057 | 0 | 401
PACZ | Range_Small | 31 | 727 | 6010712713977 | 0.0209808 | 131.057 | 0 | 293
PACZ | Range_Small | 32 | 1002 | 14001221574906 | 0.0226498 | 131.057 | 0 | 321
PACZ | Range_Small | 33 | 964 | 12042676349574 | 0.015974 | 131.057 | 0 | 311
PACZ | Range_Small | 34 | 760 | 9143464806069 | 0.0259876 | 131.057 | 0 | 271
PACZ | Range_Small | 35 | 451 | 5511461471700 | 0.0130335 | 131.057 | 0 | 293
PACZ | Range_Small | 36 | 1247 | 17620653097560 | 0.0270208 | 131.057 | 0 | 409
PACZ | Range_Small | 37 | 1964 | 23649183872343 | 0.0376701 | 131.057 | 0 | 389
PACZ | Range_Small | 38 | 1077 | 12574721262702 | 0.0299613 | 131.057 | 0 | 305
PACZ | Range_Small | 39 | 976 | 12621416789160 | 0.0236829 | 131.057 | 0 | 311
PACZ | Range_Small | 40 | 173 | 1888705264857 | 0.0166098 | 131.057 | 0 | 195
PACZ | Range_Small | 41 | 5156 | 63622624523139 | 0.0809828 | 131.057 | 0 | 767
PACZ | Range_Small | 42 | 1089 | 11709919932480 | 0.0200272 | 131.057 | 0 | 377
PACZ | Range_Small | 43 | 4132 | 50767472637480 | 0.0650088 | 131.057 | 0 | 711
PACZ | Range_Small | 44 | 1885 | 23103130354605 | 0.0259876 | 131.057 | 0 | 425
PACZ | Range_Small | 45 | 15991 | 194006422727289 | 0.204643 | 131.057 | 0 | 1933
PACZ | Range_Small | 46 | 1694 | 20253823888170 | 0.0276566 | 131.057 | 0 | 363
PACZ | Range_Small | 47 | 518 | 6915369274995 | 0.022014 | 131.057 | 0 | 269
PACZ | Range_Small | 48 | 236 | 3410838146154 | 0.0123183 | 131.057 | 0 | 207
PACZ | Range_Small | 49 | 1022 | 16226941174767 | 0.0130335 | 131.057 | 0 | 285
PACZ | Range_Small | 50 | 10 | 38253802899 | 0.00834465 | 131.057 | 0 | 123
PACZ | Range_Small | 51 | 211 | 2897798566182 | 0.00866254 | 131.057 | 0 | 181
PACZ | Range_Small | 52 | 226 | 3343072546509 | 0.00770887 | 131.057 | 0 | 221
PACZ | Range_Small | 53 | 1237 | 13737320749773 | 0.0303586 | 131.057 | 0 | 293
PACZ | Range_Small | 54 | 314 | 2720385528576 | 0.0100136 | 131.057 | 0 | 255
PACZ | Range_Small | 55 | 245 | 2885889206034 | 0.00834465 | 131.057 | 0 | 239
PACZ | Range_Small | 56 | 295 | 4235641092771 | 0.0073115 | 131.057 | 0 | 213
PACZ | Range_Small | 57 | 750 | 9306764584566 | 0.0196298 | 131.057 | 0 | 245
PACZ | Range_Small | 58 | 3134 | 42172046894631 | 0.0466506 | 131.057 | 0 | 547
PACZ | Range_Small | 59 | 1815 | 19384725897978 | 0.0403722 | 131.057 | 0 | 467
PACZ | Range_Small | 60 | 444 | 3077514242073 | 0.0166893 | 131.057 | 0 | 267
PACZ | Range_Small | 61 | 15508 | 181160646015684 | 0.174046 | 131.057 | 0 | 1869
PACZ | Range_Small | 62 | 51 | 744411664131 | 0.00532468 | 131.057 | 0 | 163
PACZ | Range_Small | 63 | 394 | 4623640560651 | 0.00993411 | 131.057 | 0 | 243
PACZ | Range_Small | 64 | 1388 | 16655794744686 | 0.015974 | 131.057 | 0 | 289
PACZ | Range_Small | 65 | 79 | 539925183189 | 0.00596046 | 131.057 | 0 | 181
PACZ | Range_Small | 66 | 140 | 1925901145350 | 0.00707308 | 131.057 | 0 | 183
PACZ | Range_Small | 67 | 1642 | 18353373036663 | 0.0206629 | 131.057 | 0 | 381
PACZ | Range_Small | 68 | 334 | 4185202171428 | 0.0113646 | 131.057 | 0 | 177
PACZ | Range_Small | 69 | 5947 | 74335310009262 | 0.0656446 | 131.057 | 0 | 835
PACZ | Range_Small | 70 | 1617 | 17603103935451 | 0.0296434 | 131.057 | 0 | 385
PACZ | Range_Small | 71 | 133 | 585362628270 | 0.0093778 | 131.057 | 0 | 143
PACZ | Range_Small | 72 | 1652 | 20302624216056 | 0.0206629 | 131.057 | 0 | 389
PACZ | Range_Small | 73 | 448 | 5343352983063 | 0.0179609 | 131.057 | 0 | 235
PACZ | Range_Small | 74 | 484 | 6550283810718 | 0.0196298 | 131.057 | 0 | 259
PACZ | Range_Small | 75 | 4525 | 55341569398425 | 0.0696977 | 131.057 | 0 | 715
PACZ | Range_Small | 76 | 964 | 12249796253526 | 0.0197093 | 131.057 | 0 | 315
PACZ | Range_Small | 77 | 653 | 7790301189915 | 0.0166893 | 131.057 | 0 | 265
PACZ | Range_Small | 78 | 9466 | 115560749362605 | 0.142336 | 131.057 | 0 | 1301
PACZ | Range_Small | 79 | 814 | 8320412411256 | 0.022014 | 131.057 | 0 | 341
PACZ | Range_Small | 80 | 993 | 12348993315072 | 0.0160535 | 131.057 | 0 | 311
PACZ | Range_Small | 81 | 3776 | 45823579732230 | 0.0576973 | 131.057 | 0 | 655
PACZ | Range_Small | 82 | 348 | 3517290899223 | 0.0103315 | 131.057 | 0 | 173
PACZ | Range_Small | 83 | 584 | 7224502596066 | 0.0100136 | 131.057 | 0 | 221
PACZ | Range_Small | 84 | 325 | 4669655254194 | 0.00961622 | 131.057 | 0 | 239
PACZ | Range_Small | 85 | 307 | 2512553797824 | 0.00834465 | 131.057 | 0 | 213
PACZ | Range_Small | 86 | 797 | 10165620258489 | 0.0129541 | 131.057 | 0 | 243
PACZ | Range_Small | 87 | 1298 | 16013377214568 | 0.0183582 | 131.057 | 0 | 365
PACZ | Range_Small | 88 | 812 | 8613256306512 | 0.0133514 | 131.057 | 0 | 305
PACZ | Range_Small | 89 | 762 | 10657412121888 | 0.0143051 | 131.057 | 0 | 327
PACZ | Range_Small | 90 | 1 | 7669697301 | 0.00206629 | 131.057 | 0 | 67
PACZ | Range_Small | 91 | 1387 | 16936915003224 | 0.0223319 | 131.057 | 0 | 427
PACZ | Range_Small | 92 | 30 | 468459835965 | 0.0046889 | 131.057 | 0 | 153
PACZ | Range_Small | 93 | 358 | 4350719596650 | 0.00969569 | 131.057 | 0 | 221
PACZ | Range_Small | 94 | 2079 | 25166246088345 | 0.0263055 | 131.057 | 0 | 445
PACZ | Range_Small | 95 | 18578 | 223615545723132 | 0.205278 | 131.057 | 0 | 2193
PACZ | Range_Small | 96 | 695 | 8959650745650 | 0.0123183 | 131.057 | 0 | 235
PACZ | Range_Small | 97 | 260 | 2735762207649 | 0.0093778 | 131.057 | 0 | 223
PACZ | Range_Small | 98 | 556 | 6631669296222 | 0.0133514 | 131.057 | 0 | 273
PACZ | Range_Small | 99 | 118 | 1401945342618 | 0.00635783 | 131.057 | 0 | 175
PACZ | Range_Medium | 0 | 12579 | 162800559584190 | 0.121276 | 131.057 | 0 | 1327
PACZ | Range_Medium | 1 | 59431 | 682288343296251 | 0.658353 | 131.057 | 0 | 5543
PACZ | Range_Medium | 2 | 14139 | 161032212717438 | 0.128269 | 131.057 | 0 | 1567
PACZ | Range_Medium | 3 | 75850 | 899705145242583 | 0.90162 | 131.057 | 0 | 7311
PACZ | Range_Medium | 4 | 5530 | 67947961040505 | 0.0736713 | 131.057 | 0 | 669
PACZ | Range_Medium | 5 | 2814 | 35971322962695 | 0.0276566 | 131.057 | 0 | 411
PACZ | Range_Medium | 6 | 62796 | 710327553247236 | 0.680367 | 131.057 | 0 | 6041
PACZ | Range_Medium | 7 | 32957 | 396706058703432 | 0.293016 | 131.057 | 0 | 3383
PACZ | Range_Medium | 8 | 2683 | 27044487591966 | 0.0316302 | 131.057 | 0 | 463
PACZ | Range_Medium | 9 | 14080 | 172491766128789 | 0.145992 | 131.057 | 0 | 1701
PACZ | Range_Medium | 10 | 15180 | 169918671858276 | 0.151634 | 131.057 | 0 | 1795
PACZ | Range_Medium | 11 | 17640 | 195758050400841 | 0.192642 | 131.057 | 0 | 1943
PACZ | Range_Medium | 12 | 7875 | 87738809305323 | 0.0846386 | 131.057 | 0 | 1015
PACZ | Range_Medium | 13 | 9651 | 115639654249308 | 0.0940164 | 131.057 | 0 | 1207
PACZ | Range_Medium | 14 | 38859 | 425534955767658 | 0.391642 | 131.057 | 0 | 3855
PACZ | Range_Medium | 15 | 87912 | 1042182853876473 | 1.01701 | 131.057 | 0 | 8369
PACZ | Range_Medium | 16 | 58897 | 699739817247441 | 0.636339 | 131.057 | 0 | 5937
PACZ | Range_Medium | 17 | 18656 | 215072100636375 | 0.19304 | 131.057 | 0 | 2185
PACZ | Range_Medium | 18 | 70579 | 835514181338049 | 0.764052 | 131.057 | 0 | 6901
PACZ | Range_Medium | 19 | 58036 | 617104458373896 | 0.600338 | 131.057 | 0 | 5529
PACZ | Range_Medium | 20 | 3050 | 40461162248469 | 0.039657 | 131.057 | 0 | 537
PACZ | Range_Medium | 21 | 88707 | 1050107036542218 | 1.00327 | 131.057 | 0 | 8353
PACZ | Range_Medium | 22 | 33460 | 400943764863684 | 0.324647 | 131.057 | 0 | 3497
PACZ | Range_Medium | 23 | 46223 | 550751709692991 | 0.487645 | 131.057 | 0 | 4281
PACZ | Range_Medium | 24 | 59451 | 645000506237133 | 0.678062 | 131.057 | 0 | 5717
PACZ | Range_Medium | 25 | 39210 | 474569080528143 | 0.430346 | 131.057 | 0 | 4145
PACZ | Range_Medium | 26 | 1923 | 23825383215288 | 0.033617 | 131.057 | 0 | 465
PACZ | Range_Medium | 27 | 15584 | 189880295482428 | 0.166972 | 131.057 | 0 | 1855
PACZ | Range_Medium | 28 | 18333 | 241500811803942 | 0.188669 | 131.057 | 0 | 1935
PACZ | Range_Medium | 29 | 5148 | 64030980644352 | 0.0559489 | 131.057 | 0 | 667
PACZ | Range_Medium | 30 | 3002 | 38119628188446 | 0.039657 | 131.057 | 0 | 461
PACZ | Range_Medium | 31 | 88423 | 1045536881202180 | 1.09299 | 131.057 | 0 | 8359
PACZ | Range_Medium | 32 | 61275 | 681814461959667 | 0.674645 | 131.057 | 0 | 5839
PACZ | Range_Medium | 33 | 4020 | 51188632028256 | 0.0496705 | 131.057 | 0 | 605
PACZ | Range_Medium | 34 | 2805 | 38153090683428 | 0.0372728 | 131.057 | 0 | 483
PACZ | Range_Medium | 35 | 53202 | 621321148418904 | 0.634352 | 131.057 | 0 | 5015
PACZ | Range_Medium | 36 | 87239 | 1036728119876913 | 1.122 | 131.057 | 0 | 8277
PACZ | Range_Medium | 37 | 1185 | 11181516757422 | 0.018994 | 131.057 | 0 | 275
PACZ | Range_Medium | 38 | 20990 | 253220610249900 | 0.224272 | 131.057 | 0 | 2391
PACZ | Range_Medium | 39 | 40895 | 431237345585571 | 0.454982 | 131.057 | 0 | 4057
PACZ | Range_Medium | 40 | 14781 | 189135755710770 | 0.16435 | 131.057 | 0 | 1645
PACZ | Range_Medium | 41 | 50354 | 590260326717864 | 0.572999 | 131.057 | 0 | 4741
PACZ | Range_Medium | 42 | 84879 | 999207663137817 | 1.05127 | 131.057 | 0 | 8113
PACZ | Range_Medium | 43 | 44790 | 535083917262921 | 0.474294 | 131.057 | 0 | 4115
PACZ | Range_Medium | 44 | 50895 | 535054880770221 | 0.581026 | 131.057 | 0 | 4919
PACZ | Range_Medium | 45 | 65273 | 722835845915640 | 0.755628 | 131.057 | 0 | 6217
PACZ | Range_Medium | 46 | 32837 | 353933461928613 | 0.368357 | 131.057 | 0 | 3361
PACZ | Range_Medium | 47 | 40660 | 484029089842920 | 0.453313 | 131.057 | 0 | 3763
PACZ | Range_Medium | 48 | 88561 | 1049126107977057 | 1.10372 | 131.057 | 0 | 8335
PACZ | Range_Medium | 49 | 7822 | 90997215847569 | 0.101328 | 131.057 | 0 | 1037
PACZ | Range_Medium | 50 | 3506 | 45425641941048 | 0.060002 | 131.057 | 0 | 605
PACZ | Range_Medium | 51 | 12735 | 160807170232956 | 0.142654 | 131.057 | 0 | 1437
PACZ | Range_Medium | 52 | 11240 | 134963451605544 | 0.121355 | 131.057 | 0 | 1199
PACZ | Range_Medium | 53 | 44972 | 471604484845431 | 0.533024 | 131.057 | 0 | 4385
PACZ | Range_Medium | 54 | 31604 | 383511390567195 | 0.367006 | 131.057 | 0 | 3299
PACZ | Range_Medium | 55 | 20329 | 217966010440944 | 0.242392 | 131.057 | 0 | 2221
PACZ | Range_Medium | 56 | 25769 | 295896604935021 | 0.303348 | 131.057 | 0 | 2787
PACZ | Range_Medium | 57 | 88701 | 1050936195711270 | 1.12327 | 131.057 | 0 | 8301
PACZ | Range_Medium | 58 | 5663 | 63331337648427 | 0.0663598 | 131.057 | 0 | 677
PACZ | Range_Medium | 59 | 53606 | 624239570237442 | 0.652711 | 131.057 | 0 | 5003
PACZ | Range_Medium | 60 | 36961 | 395143776109008 | 0.436942 | 131.057 | 0 | 3837
PACZ | Range_Medium | 61 | 16986 | 204810032982057 | 0.20504 | 131.057 | 0 | 1973
PACZ | Range_Medium | 62 | 28307 | 312147418675224 | 0.295957 | 131.057 | 0 | 2783
PACZ | Range_Medium | 63 | 18724 | 229027835418336 | 0.191291 | 131.057 | 0 | 2091
PACZ | Range_Medium | 64 | 44562 | 467860293256449 | 0.508626 | 131.057 | 0 | 4371
PACZ | Range_Medium | 65 | 13476 | 164134875962712 | 0.178019 | 131.057 | 0 | 1783
PACZ | Range_Medium | 66 | 47456 | 490933620562926 | 0.542323 | 131.057 | 0 | 4659
PACZ | Range_Medium | 67 | 10474 | 122538505977720 | 0.115633 | 131.057 | 0 | 1225
PACZ | Range_Medium | 68 | 11446 | 152028945133839 | 0.146707 | 131.057 | 0 | 1443
PACZ | Range_Medium | 69 | 13114 | 148662388895751 | 0.152985 | 131.057 | 0 | 1477
PACZ | Range_Medium | 70 | 48083 | 497010179359803 | 0.566641 | 131.057 | 0 | 4765
PACZ | Range_Medium | 71 | 31088 | 341428843769118 | 0.390689 | 131.057 | 0 | 3149
PACZ | Range_Medium | 72 | 48984 | 521246316562815 | 0.586987 | 131.057 | 0 | 4851
PACZ | Range_Medium | 73 | 66282 | 753236928775257 | 0.814279 | 131.057 | 0 | 6519
PACZ | Range_Medium | 74 | 2310 | 32234026769349 | 0.0327428 | 131.057 | 0 | 389
PACZ | Range_Medium | 75 | 2285 | 17484802859109 | 0.0346502 | 131.057 | 0 | 439
PACZ | Range_Medium | 76 | 32687 | 428174241216861 | 0.36637 | 131.057 | 0 | 3363
PACZ | Range_Medium | 77 | 48387 | 570589866013311 | 0.563304 | 131.057 | 0 | 4561
PACZ | Range_Medium | 78 | 60402 | 636403536446616 | 0.666698 | 131.057 | 0 | 5731
PACZ | Range_Medium | 79 | 31267 | 335332870386810 | 0.349998 | 131.057 | 0 | 3179
PACZ | Range_Medium | 80 | 39015 | 424463909993370 | 0.415643 | 131.057 | 0 | 3859
PACZ | Range_Medium | 81 | 33316 | 368096141896173 | 0.364304 | 131.057 | 0 | 3313
PACZ | Range_Medium | 82 | 51302 | 539276643293112 | 0.608365 | 131.057 | 0 | 4951
PACZ | Range_Medium | 83 | 14406 | 159936062792325 | 0.162681 | 131.057 | 0 | 1521
PACZ | Range_Medium | 84 | 83284 | 979913330105745 | 1.06931 | 131.057 | 0 | 8047
PACZ | Range_Medium | 85 | 29551 | 324885073093995 | 0.3407 | 131.057 | 0 | 2957
PACZ | Range_Medium | 86 | 7924 | 90223499436690 | 0.0903606 | 131.057 | 0 | 905
PACZ | Range_Medium | 87 | 50554 | 531034125397398 | 0.663678 | 131.057 | 0 | 4805
PACZ | Range_Medium | 88 | 19675 | 216370749445875 | 0.216007 | 131.057 | 0 | 2135
PACZ | Range_Medium | 89 | 88545 | 1047676120987347 | 1.14497 | 131.057 | 0 | 8357
PACZ | Range_Medium | 90 | 18922 | 203028372679491 | 0.224034 | 131.057 | 0 | 2149
PACZ | Range_Medium | 91 | 23681 | 261268430665989 | 0.275691 | 131.057 | 0 | 2581
PACZ | Range_Medium | 92 | 1161 | 12874834327695 | 0.0226498 | 131.057 | 0 | 361
PACZ | Range_Medium | 93 | 2799 | 27983204046390 | 0.0390212 | 131.057 | 0 | 471
PACZ | Range_Medium | 94 | 53006 | 615393586232496 | 0.701666 | 131.057 | 0 | 5301
PACZ | Range_Medium | 95 | 87735 | 1041030328237368 | 1.1096 | 131.057 | 0 | 8281
PACZ | Range_Medium | 96 | 39781 | 442206664854903 | 0.445604 | 131.057 | 0 | 4025
PACZ | Range_Medium | 97 | 81738 | 950103836056017 | 1.00636 | 131.057 | 0 | 7831
PACZ | Range_Medium | 98 | 28782 | 362580947359938 | 0.380675 | 131.057 | 0 | 3281
PACZ | Range_Medium | 99 | 14104 | 159943702838181 | 0.164986 | 131.057 | 0 | 1575
PACZ | Range_Large | 0 | 380312 | 4422014984379273 | 4.68866 | 131.057 | 0 | 33163
PACZ | Range_Large | 1 | 298657 | 3427006576880517 | 3.73038 | 131.057 | 0 | 26011
PACZ | Range_Large | 2 | 533819 | 6305912647781421 | 6.85064 | 131.057 | 0 | 47529
PACZ | Range_Large | 3 | 378663 | 4410974931966513 | 4.91166 | 131.057 | 0 | 33175
PACZ | Range_Large | 4 | 565274 | 6673341415242498 | 7.41529 | 131.057 | 0 | 50057
PACZ | Range_Large | 5 | 288818 | 3299097260047809 | 3.67832 | 131.057 | 0 | 25139
PACZ | Range_Large | 6 | 406645 | 4646241566686389 | 5.29869 | 131.057 | 0 | 36105
PACZ | Range_Large | 7 | 593689 | 6984020247053970 | 7.77666 | 131.057 | 0 | 52327
PACZ | Range_Large | 8 | 292149 | 3346362854953521 | 3.68532 | 131.057 | 0 | 25401
PACZ | Range_Large | 9 | 404708 | 4822948744461297 | 5.41671 | 131.057 | 0 | 36069
PACZ | Range_Large | 10 | 611808 | 7170044997413769 | 7.91597 | 131.057 | 0 | 53801
PACZ | Range_Large | 11 | 417344 | 4966501838395182 | 5.54029 | 131.057 | 0 | 37011
PACZ | Range_Large | 12 | 450220 | 5360252134734219 | 5.90332 | 131.057 | 0 | 40041
PACZ | Range_Large | 13 | 379452 | 4421157428870289 | 4.90904 | 131.057 | 0 | 33199
PACZ | Range_Large | 14 | 427448 | 5087124377589261 | 5.70401 | 131.057 | 0 | 38257
PACZ | Range_Large | 15 | 359775 | 4190716567297593 | 4.68874 | 131.057 | 0 | 31523
PACZ | Range_Large | 16 | 368490 | 4285861112189676 | 4.64503 | 131.057 | 0 | 32283
PACZ | Range_Large | 17 | 469773 | 5588652191057247 | 6.18696 | 131.057 | 0 | 41847
PACZ | Range_Large | 18 | 574277 | 6702515279461143 | 7.50065 | 131.057 | 0 | 50587
PACZ | Range_Large | 19 | 518485 | 6084014479173177 | 6.75138 | 131.057 | 0 | 45747
PACZ | Range_Large | 20 | 470824 | 5598427561407156 | 6.40106 | 131.057 | 0 | 41887
PACZ | Range_Large | 21 | 444572 | 5078211887377140 | 5.82965 | 131.057 | 0 | 39501
PACZ | Range_Large | 22 | 342153 | 3984258154669710 | 4.45 | 131.057 | 0 | 30103
PACZ | Range_Large | 23 | 391495 | 4671367483112067 | 5.13967 | 131.057 | 0 | 34941
PACZ | Range_Large | 24 | 471058 | 5601318818865465 | 6.17965 | 131.057 | 0 | 41893
PACZ | Range_Large | 25 | 478835 | 5612210554059501 | 6.14166 | 131.057 | 0 | 42177
PACZ | Range_Large | 26 | 293259 | 3360779909678331 | 3.74468 | 131.057 | 0 | 25491
PACZ | Range_Large | 27 | 584662 | 6848783853488790 | 7.69369 | 131.057 | 0 | 51465
PACZ | Range_Large | 28 | 407446 | 4856719438202877 | 5.38206 | 131.057 | 0 | 36349
PACZ | Range_Large | 29 | 471561 | 5608389639424734 | 6.2453 | 131.057 | 0 | 41943
PACZ | Range_Large | 30 | 286674 | 3271807185558744 | 3.78267 | 131.057 | 0 | 25003
PACZ | Range_Large | 31 | 398987 | 4743715136975046 | 5.20635 | 131.057 | 0 | 35557
PACZ | Range_Large | 32 | 420187 | 4998283558404093 | 5.57502 | 131.057 | 0 | 37411
PACZ | Range_Large | 33 | 566384 | 6632262052191618 | 7.38239 | 131.057 | 0 | 50035
PACZ | Range_Large | 34 | 381908 | 4558131808633590 | 5.071 | 131.057 | 0 | 34083
PACZ | Range_Large | 35 | 558888 | 6584058363322107 | 7.26 | 131.057 | 0 | 49351
PACZ | Range_Large | 36 | 303605 | 3505902516477138 | 3.96633 | 131.057 | 0 | 26661
PACZ | Range_Large | 37 | 420677 | 5008569538161153 | 5.52066 | 131.057 | 0 | 37575
PACZ | Range_Large | 38 | 365879 | 4273731107984658 | 4.70034 | 131.057 | 0 | 32085
PACZ | Range_Large | 39 | 574143 | 6728668691793027 | 7.65832 | 131.057 | 0 | 50773
PACZ | Range_Large | 40 | 308931 | 3560945416175109 | 4.04207 | 131.057 | 0 | 26965
PACZ | Range_Large | 41 | 298429 | 3426560163830733 | 3.77862 | 131.057 | 0 | 25977
PACZ | Range_Large | 42 | 380749 | 4546178029192224 | 5.1136 | 131.057 | 0 | 34189
PACZ | Range_Large | 43 | 588386 | 6930038873611194 | 7.43659 | 131.057 | 0 | 51907
PACZ | Range_Large | 44 | 317114 | 3676463448807729 | 4.03929 | 131.057 | 0 | 27687
PACZ | Range_Large | 45 | 604472 | 7093875090263562 | 7.79597 | 131.057 | 0 | 53221
PACZ | Range_Large | 46 | 521910 | 6168635267232513 | 6.85231 | 131.057 | 0 | 46451
PACZ | Range_Large | 47 | 317433 | 3684844990129524 | 4.01998 | 131.057 | 0 | 27771
PACZ | Range_Large | 48 | 366030 | 4267545597086898 | 4.71735 | 131.057 | 0 | 32129
PACZ | Range_Large | 49 | 438762 | 5222115822362505 | 5.71068 | 131.057 | 0 | 38925
PACZ | Range_Large | 50 | 444019 | 5282022194167437 | 5.83935 | 131.057 | 0 | 39587
PACZ | Range_Large | 51 | 600699 | 7046254551544227 | 7.86996 | 131.057 | 0 | 52945
PACZ | Range_Large | 52 | 391986 | 4677323303497005 | 5.14134 | 131.057 | 0 | 34975
PACZ | Range_Large | 53 | 421672 | 5021117272555863 | 5.50803 | 131.057 | 0 | 37575
PACZ | Range_Large | 54 | 586371 | 6884565394744266 | 7.622 | 131.057 | 0 | 51551
PACZ | Range_Large | 55 | 382869 | 4447719089785851 | 4.86898 | 131.057 | 0 | 33419
PACZ | Range_Large | 56 | 580404 | 6803336995423686 | 7.41434 | 131.057 | 0 | 51225
PACZ | Range_Large | 57 | 368246 | 4297172752429377 | 4.67499 | 131.057 | 0 | 32291
PACZ | Range_Large | 58 | 465628 | 5535687213440484 | 6.04502 | 131.057 | 0 | 41399
PACZ | Range_Large | 59 | 438188 | 5218732341495327 | 5.77633 | 131.057 | 0 | 38997
PACZ | Range_Large | 60 | 384668 | 4580764646760729 | 5.01339 | 131.057 | 0 | 34303
PACZ | Range_Large | 61 | 367113 | 4377655313618778 | 4.7857 | 131.057 | 0 | 32711
PACZ | Range_Large | 62 | 355496 | 4148350821258318 | 4.51469 | 131.057 | 0 | 31119
PACZ | Range_Large | 63 | 440367 | 5246912130834333 | 5.82369 | 131.057 | 0 | 39313
PACZ | Range_Large | 64 | 386192 | 4501922820462945 | 4.89998 | 131.057 | 0 | 33711
PACZ | Range_Large | 65 | 409074 | 4873584747047559 | 5.38564 | 131.057 | 0 | 36425
PACZ | Range_Large | 66 | 472220 | 5612768730489387 | 6.11631 | 131.057 | 0 | 41953
PACZ | Range_Large | 67 | 424077 | 5042930691920280 | 5.5987 | 131.057 | 0 | 37763
PACZ | Range_Large | 68 | 570878 | 6667612036188615 | 7.41871 | 131.057 | 0 | 50409
PACZ | Range_Large | 69 | 391261 | 4656517395440538 | 5.16701 | 131.057 | 0 | 35019
PACZ | Range_Large | 70 | 470329 | 5590956530312175 | 6.18966 | 131.057 | 0 | 41797
PACZ | Range_Large | 71 | 470455 | 5592712711715607 | 6.13173 | 131.057 | 0 | 41797
PACZ | Range_Large | 72 | 555943 | 6566834012804604 | 7.25897 | 131.057 | 0 | 49321
PACZ | Range_Large | 73 | 423082 | 5036427755949174 | 5.49237 | 131.057 | 0 | 37707
PACZ | Range_Large | 74 | 283940 | 3235281440476773 | 3.73435 | 131.057 | 0 | 24595
PACZ | Range_Large | 75 | 448620 | 5252499769578267 | 5.87734 | 131.057 | 0 | 39549
PACZ | Range_Large | 76 | 469380 | 5582216382425352 | 6.11734 | 131.057 | 0 | 41755
PACZ | Range_Large | 77 | 379058 | 4415581601372124 | 4.87701 | 131.057 | 0 | 33213
PACZ | Range_Large | 78 | 428145 | 5090600685914598 | 5.59433 | 131.057 | 0 | 38127
PACZ | Range_Large | 79 | 473716 | 5551959515864544 | 6.26771 | 131.057 | 0 | 41775
PACZ | Range_Large | 80 | 372827 | 4438727311197549 | 4.98668 | 131.057 | 0 | 33249
PACZ | Range_Large | 81 | 280367 | 3188115925956732 | 3.59368 | 131.057 | 0 | 24275
PACZ | Range_Large | 82 | 472376 | 5560189293784467 | 6.04367 | 131.057 | 0 | 42491
PACZ | Range_Large | 83 | 352555 | 4115667363807858 | 4.48736 | 131.057 | 0 | 30925
PACZ | Range_Large | 84 | 580093 | 6816082024138770 | 7.49803 | 131.057 | 0 | 51035
PACZ | Range_Large | 85 | 461129 | 5401515525740235 | 5.89403 | 131.057 | 0 | 40689
PACZ | Range_Large | 86 | 467930 | 5482980245852586 | 5.97533 | 131.057 | 0 | 41143
PACZ | Range_Large | 87 | 382145 | 4547010091088034 | 4.84467 | 131.057 | 0 | 34139
PACZ | Range_Large | 88 | 575449 | 6734765406399093 | 7.15097 | 131.057 | 0 | 50755
PACZ | Range_Large | 89 | 582679 | 6866703444759411 | 7.10766 | 131.057 | 0 | 51347
PACZ | Range_Large | 90 | 508476 | 6004528325277120 | 6.29568 | 131.057 | 0 | 45301
PACZ | Range_Large | 91 | 318434 | 3650680370141556 | 3.84092 | 131.057 | 0 | 28317
PACZ | Range_Large | 92 | 608638 | 7141123501927104 | 7.40067 | 131.057 | 0 | 53545
PACZ | Range_Large | 93 | 188458 | 2120514432805470 | 2.42535 | 131.057 | 0 | 17147
PACZ | Range_Large | 94 | 393490 | 4697549697601134 | 5.09469 | 131.057 | 0 | 35201
PACZ | Range_Large | 95 | 293606 | 3365469820995927 | 3.63596 | 131.057 | 0 | 25657
PACZ | Range_Large | 96 | 419963 | 5001623519311101 | 5.30664 | 131.057 | 0 | 37437
PACZ | Range_Large | 97 | 615077 | 7194264303937770 | 7.96604 | 131.057 | 0 | 54003
PACZ | Range_Large | 98 | 478667 | 5611416657809961 | 6.21835 | 131.057 | 0 | 42281
PACZ | Range_Large | 99 | 605009 | 7093574360964339 | 7.79335 | 131.057 | 0 | 53329
PACZ | kNN_10 | 0 | 10 | 140114890839 | 0.0576178 | 131.057 | 0 | 392
PACZ | kNN_10 | 1 | 10 | 140529305916 | 0.0350475 | 131.057 | 0 | 275
PACZ | kNN_10 | 2 | 10 | 120502528230 | 0.0510216 | 131.057 | 0 | 377
PACZ | kNN_10 | 3 | 10 | 59648162046 | 0.0429948 | 131.057 | 0 | 350
PACZ | kNN_10 | 4 | 10 | 126446817123 | 0.0496705 | 131.057 | 0 | 427
PACZ | kNN_10 | 5 | 10 | 157153978665 | 0.0507037 | 131.057 | 0 | 381
PACZ | kNN_10 | 6 | 10 | 134693859189 | 0.0363986 | 131.057 | 0 | 338
PACZ | kNN_10 | 7 | 10 | 63424168557 | 0.0580152 | 131.057 | 0 | 456
PACZ | kNN_10 | 8 | 10 | 112011453582 | 0.0387033 | 131.057 | 0 | 323
PACZ | kNN_10 | 9 | 10 | 126053819481 | 0.0437101 | 131.057 | 0 | 334
PACZ | kNN_10 | 10 | 10 | 149744643477 | 0.0510216 | 131.057 | 0 | 472
PACZ | kNN_10 | 11 | 10 | 96068239845 | 0.0449816 | 131.057 | 0 | 376
PACZ | kNN_10 | 12 | 10 | 102358878477 | 0.044028 | 131.057 | 0 | 310
PACZ | kNN_10 | 13 | 10 | 139798010832 | 0.0576973 | 131.057 | 0 | 436
PACZ | kNN_10 | 14 | 10 | 134276567973 | 0.0240008 | 131.057 | 0 | 227
PACZ | kNN_10 | 15 | 10 | 123294239547 | 0.0449816 | 131.057 | 0 | 312
PACZ | kNN_10 | 16 | 10 | 94876966725 | 0.0390212 | 131.057 | 0 | 330
PACZ | kNN_10 | 17 | 10 | 121942900368 | 0.0609557 | 131.057 | 0 | 482
PACZ | kNN_10 | 18 | 10 | 134502834879 | 0.0289281 | 131.057 | 0 | 306
PACZ | kNN_10 | 19 | 10 | 126317331150 | 0.0659625 | 131.057 | 0 | 568
PACZ | kNN_10 | 20 | 10 | 158690392449 | 0.039657 | 131.057 | 0 | 315
PACZ | kNN_10 | 21 | 10 | 118965699255 | 0.0429948 | 131.057 | 0 | 383
PACZ | kNN_10 | 22 | 10 | 138581836134 | 0.0303586 | 131.057 | 0 | 210
PACZ | kNN_10 | 23 | 10 | 91151220450 | 0.0349681 | 131.057 | 0 | 269
PACZ | kNN_10 | 24 | 10 | 137860212585 | 0.0393391 | 131.057 | 0 | 347
PACZ | kNN_10 | 25 | 10 | 126294307983 | 0.0619888 | 131.057 | 0 | 495
PACZ | kNN_10 | 26 | 10 | 122859212919 | 0.0466506 | 131.057 | 0 | 340
PACZ | kNN_10 | 27 | 10 | 92679266805 | 0.0267029 | 131.057 | 0 | 201
PACZ | kNN_10 | 28 | 10 | 90138456720 | 0.0373522 | 131.057 | 0 | 266
PACZ | kNN_10 | 29 | 10 | 112010957238 | 0.033617 | 131.057 | 0 | 309
PACZ | kNN_10 | 30 | 10 | 145480927725 | 0.0566641 | 131.057 | 0 | 462
PACZ | kNN_10 | 31 | 10 | 59549170548 | 0.0399748 | 131.057 | 0 | 370
PACZ | kNN_10 | 32 | 10 | 127036250325 | 0.052611 | 131.057 | 0 | 452
PACZ | kNN_10 | 33 | 10 | 115691188998 | 0.0726382 | 131.057 | 0 | 609
PACZ | kNN_10 | 34 | 10 | 103793881671 | 0.0293255 | 131.057 | 0 | 244
PACZ | kNN_10 | 35 | 10 | 123229965225 | 0.0247161 | 131.057 | 0 | 252
PACZ | kNN_10 | 36 | 10 | 111110883525 | 0.0346502 | 131.057 | 0 | 245
PACZ | kNN_10 | 37 | 10 | 107800180053 | 0.0402927 | 131.057 | 0 | 324
PACZ | kNN_10 | 38 | 10 | 123230616339 | 0.0243187 | 131.057 | 0 | 244
PACZ | kNN_10 | 39 | 10 | 130164820344 | 0.0367165 | 131.057 | 0 | 324
PACZ | kNN_10 | 40 | 10 | 136222924143 | 0.0336965 | 131.057 | 0 | 338
PACZ | kNN_10 | 41 | 10 | 129519301467 | 0.0507037 | 131.057 | 0 | 448
PACZ | kNN_10 | 42 | 10 | 119288282247 | 0.0253518 | 131.057 | 0 | 196
PACZ | kNN_10 | 43 | 10 | 140757780978 | 0.0406901 | 131.057 | 0 | 386
PACZ | kNN_10 | 44 | 10 | 137162535150 | 0.0317097 | 131.057 | 0 | 291
PACZ | kNN_10 | 45 | 10 | 146089705668 | 0.0373522 | 131.057 | 0 | 290
PACZ | kNN_10 | 46 | 10 | 122488973886 | 0.0460148 | 131.057 | 0 | 443
PACZ | kNN_10 | 47 | 10 | 126660506583 | 0.0499884 | 131.057 | 0 | 463
PACZ | kNN_10 | 48 | 10 | 137321432025 | 0.0216961 | 131.057 | 0 | 179
PACZ | kNN_10 | 49 | 10 | 129427698084 | 0.0563463 | 131.057 | 0 | 436
PACZ | kNN_10 | 50 | 10 | 103644066150 | 0.0553926 | 131.057 | 0 | 298
PACZ | kNN_10 | 51 | 10 | 126889347093 | 0.0616709 | 131.057 | 0 | 565
PACZ | kNN_10 | 52 | 10 | 146073103335 | 0.0326633 | 131.057 | 0 | 275
PACZ | kNN_10 | 53 | 10 | 64204707258 | 0.0380675 | 131.057 | 0 | 302
PACZ | kNN_10 | 54 | 10 | 105660110337 | 0.0376701 | 131.057 | 0 | 354
PACZ | kNN_10 | 55 | 10 | 123181261491 | 0.0383854 | 131.057 | 0 | 330
PACZ | kNN_10 | 56 | 10 | 88266674319 | 0.0236829 | 131.057 | 0 | 206
PACZ | kNN_10 | 57 | 10 | 120454429149 | 0.0430743 | 131.057 | 0 | 306
PACZ | kNN_10 | 58 | 10 | 123288450474 | 0.0466506 | 131.057 | 0 | 331
PACZ | kNN_10 | 59 | 10 | 102552818805 | 0.0290076 | 131.057 | 0 | 276
PACZ | kNN_10 | 60 | 10 | 139783934031 | 0.0446637 | 131.057 | 0 | 387
PACZ | kNN_10 | 61 | 10 | 123292976229 | 0.0480016 | 131.057 | 0 | 332
PACZ | kNN_10 | 62 | 10 | 106245678456 | 0.0383059 | 131.057 | 0 | 271
PACZ | kNN_10 | 63 | 10 | 126446658408 | 0.0503858 | 131.057 | 0 | 433
PACZ | kNN_10 | 64 | 10 | 145298443920 | 0.0340144 | 131.057 | 0 | 298
PACZ | kNN_10 | 65 | 10 | 27146404392 | 0.052611 | 131.057 | 0 | 439
PACZ | kNN_10 | 66 | 10 | 43268472033 | 0.0402927 | 131.057 | 0 | 278
PACZ | kNN_10 | 67 | 10 | 130010153622 | 0.058651 | 131.057 | 0 | 472
PACZ | kNN_10 | 68 | 10 | 142417807851 | 0.0416438 | 131.057 | 0 | 357
PACZ | kNN_10 | 69 | 10 | 112554519750 | 0.0700156 | 131.057 | 0 | 563
PACZ | kNN_10 | 70 | 10 | 126701278962 | 0.0437101 | 131.057 | 0 | 401
PACZ | kNN_10 | 71 | 10 | 140757780708 | 0.0437101 | 131.057 | 0 | 398
PACZ | kNN_10 | 72 | 10 | 119306115576 | 0.0370344 | 131.057 | 0 | 275
PACZ | kNN_10 | 73 | 10 | 139095868683 | 0.0213782 | 131.057 | 0 | 170
PACZ | kNN_10 | 74 | 10 | 137276278947 | 0.0290076 | 131.057 | 0 | 182
PACZ | kNN_10 | 75 | 10 | 126969247473 | 0.0549952 | 131.057 | 0 | 480
PACZ | kNN_10 | 76 | 10 | 122071026939 | 0.0443459 | 131.057 | 0 | 363
PACZ | kNN_10 | 77 | 10 | 119305494660 | 0.0317097 | 131.057 | 0 | 272
PACZ | kNN_10 | 78 | 10 | 122896577064 | 0.0443459 | 131.057 | 0 | 358
PACZ | kNN_10 | 79 | 10 | 133200563475 | 0.0413259 | 131.057 | 0 | 374
PACZ | kNN_10 | 80 | 10 | 120503303703 | 0.0346502 | 131.057 | 0 | 294
PACZ | kNN_10 | 81 | 10 | 140415987906 | 0.0623862 | 131.057 | 0 | 444
PACZ | kNN_10 | 82 | 10 | 126446786157 | 0.0499884 | 131.057 | 0 | 441
PACZ | kNN_10 | 83 | 10 | 119270728617 | 0.0402927 | 131.057 | 0 | 315
PACZ | kNN_10 | 84 | 10 | 124926487050 | 0.058651 | 131.057 | 0 | 497
PACZ | kNN_10 | 85 | 10 | 105333481386 | 0.0566641 | 131.057 | 0 | 491
PACZ | kNN_10 | 86 | 10 | 79036299954 | 0.0286897 | 131.057 | 0 | 274
PACZ | kNN_10 | 87 | 10 | 111444068169 | 0.0340144 | 131.057 | 0 | 305
PACZ | kNN_10 | 88 | 10 | 126348961701 | 0.0627041 | 131.057 | 0 | 542
PACZ | kNN_10 | 89 | 10 | 9193409445 | 0.00929832 | 131.057 | 0 | 81
PACZ | kNN_10 | 90 | 10 | 104476895970 | 0.0330607 | 131.057 | 0 | 338
PACZ | kNN_10 | 91 | 10 | 145298442630 | 0.0290076 | 131.057 | 0 | 305
PACZ | kNN_10 | 92 | 10 | 88495581309 | 0.0226498 | 131.057 | 0 | 184
PACZ | kNN_10 | 93 | 10 | 128774221971 | 0.026385 | 131.057 | 0 | 220
PACZ | kNN_10 | 94 | 10 | 158689960809 | 0.0493526 | 131.057 | 0 | 367
PACZ | kNN_10 | 95 | 10 | 149678342865 | 0.0499884 | 131.057 | 0 | 487
PACZ | kNN_10 | 96 | 10 | 120042675456 | 0.033617 | 131.057 | 0 | 315
PACZ | kNN_10 | 97 | 10 | 126362549091 | 0.0549952 | 131.057 | 0 | 519
PACZ | kNN_10 | 98 | 10 | 145420422990 | 0.0400543 | 131.057 | 0 | 339
PACZ | kNN_10 | 99 | 10 | 44019898611 | 0.0247161 | 131.057 | 0 | 197
PACZ | kNN_100 | 0 | 100 | 1401148310199 | 0.31201 | 131.057 | 0 | 695
PACZ | kNN_100 | 1 | 100 | 1471732660395 | 0.247399 | 131.057 | 0 | 509
PACZ | kNN_100 | 2 | 100 | 1201887612216 | 0.247637 | 131.057 | 0 | 650
PACZ | kNN_100 | 3 | 100 | 752935751226 | 0.235637 | 131.057 | 0 | 634
PACZ | kNN_100 | 4 | 100 | 1262016452121 | 0.311295 | 131.057 | 0 | 886
PACZ | kNN_100 | 5 | 100 | 1571539798671 | 0.356674 | 131.057 | 0 | 840
PACZ | kNN_100 | 6 | 100 | 1360883601096 | 0.206391 | 131.057 | 0 | 580
PACZ | kNN_100 | 7 | 100 | 991428528513 | 0.306686 | 131.057 | 0 | 853
PACZ | kNN_100 | 8 | 100 | 1167312617574 | 0.241597 | 131.057 | 0 | 552
PACZ | kNN_100 | 9 | 100 | 1299699609654 | 0.27132 | 131.057 | 0 | 673
PACZ | kNN_100 | 10 | 100 | 1421423076453 | 0.321945 | 131.057 | 0 | 893
PACZ | kNN_100 | 11 | 100 | 957637482645 | 0.27132 | 131.057 | 0 | 676
PACZ | kNN_100 | 12 | 100 | 1023588759375 | 0.238339 | 131.057 | 0 | 567
PACZ | kNN_100 | 13 | 100 | 1398017871027 | 0.31964 | 131.057 | 0 | 777
PACZ | kNN_100 | 14 | 100 | 1345526842992 | 0.132958 | 131.057 | 0 | 344
PACZ | kNN_100 | 15 | 100 | 1232942624475 | 0.25328 | 131.057 | 0 | 601
PACZ | kNN_100 | 16 | 100 | 1247868615447 | 0.203689 | 131.057 | 0 | 548
PACZ | kNN_100 | 17 | 100 | 1165396390005 | 0.30899 | 131.057 | 0 | 907
PACZ | kNN_100 | 18 | 100 | 1386178244529 | 0.185331 | 131.057 | 0 | 562
PACZ | kNN_100 | 19 | 100 | 1223919618651 | 0.393709 | 131.057 | 0 | 1205
PACZ | kNN_100 | 20 | 100 | 1587228880437 | 0.221332 | 131.057 | 0 | 558
PACZ | kNN_100 | 21 | 100 | 1156339158750 | 0.225703 | 131.057 | 0 | 700
PACZ | kNN_100 | 22 | 100 | 1386071617086 | 0.143687 | 131.057 | 0 | 310
PACZ | kNN_100 | 23 | 100 | 1336872720945 | 0.218312 | 131.057 | 0 | 531
PACZ | kNN_100 | 24 | 100 | 1346690225238 | 0.201384 | 131.057 | 0 | 609
PACZ | kNN_100 | 25 | 100 | 1263161770200 | 0.315666 | 131.057 | 0 | 943
PACZ | kNN_100 | 26 | 100 | 1228617575079 | 0.262658 | 131.057 | 0 | 727
PACZ | kNN_100 | 27 | 100 | 946451428191 | 0.141303 | 131.057 | 0 | 370
PACZ | kNN_100 | 28 | 100 | 901384592694 | 0.204325 | 131.057 | 0 | 534
PACZ | kNN_100 | 29 | 100 | 1245917575173 | 0.187715 | 131.057 | 0 | 499
PACZ | kNN_100 | 30 | 100 | 1454809282140 | 0.322978 | 131.057 | 0 | 979
PACZ | kNN_100 | 31 | 100 | 623486157585 | 0.243664 | 131.057 | 0 | 697
PACZ | kNN_100 | 32 | 100 | 1270362502194 | 0.252962 | 131.057 | 0 | 805
PACZ | kNN_100 | 33 | 100 | 1170146994072 | 0.41302 | 131.057 | 0 | 1096
PACZ | kNN_100 | 34 | 100 | 1037938821885 | 0.195662 | 131.057 | 0 | 484
PACZ | kNN_100 | 35 | 100 | 1224012608205 | 0.156005 | 131.057 | 0 | 377
PACZ | kNN_100 | 36 | 100 | 1134642378438 | 0.16737 | 131.057 | 0 | 369
PACZ | kNN_100 | 37 | 100 | 1084431105207 | 0.223319 | 131.057 | 0 | 569
PACZ | kNN_100 | 38 | 100 | 1221259662864 | 0.126282 | 131.057 | 0 | 351
PACZ | kNN_100 | 39 | 100 | 1227217247952 | 0.229279 | 131.057 | 0 | 573
PACZ | kNN_100 | 40 | 100 | 1362230446833 | 0.259638 | 131.057 | 0 | 672
PACZ | kNN_100 | 41 | 100 | 1241517736023 | 0.367324 | 131.057 | 0 | 878
PACZ | kNN_100 | 42 | 100 | 1192882692300 | 0.166972 | 131.057 | 0 | 318
PACZ | kNN_100 | 43 | 100 | 1350735210861 | 0.298341 | 131.057 | 0 | 716
PACZ | kNN_100 | 44 | 100 | 1372457599863 | 0.243982 | 131.057 | 0 | 537
PACZ | kNN_100 | 45 | 100 | 1460897045601 | 0.187953 | 131.057 | 0 | 492
PACZ | kNN_100 | 46 | 100 | 1239997669272 | 0.347694 | 131.057 | 0 | 978
PACZ | kNN_100 | 47 | 100 | 1253742648159 | 0.299692 | 131.057 | 0 | 940
PACZ | kNN_100 | 48 | 100 | 1373214888942 | 0.109355 | 131.057 | 0 | 257
PACZ | kNN_100 | 49 | 100 | 1204220566698 | 0.315348 | 131.057 | 0 | 835
PACZ | kNN_100 | 50 | 100 | 1036451424495 | 0.22769 | 131.057 | 0 | 517
PACZ | kNN_100 | 51 | 100 | 1268786450952 | 0.349998 | 131.057 | 0 | 1144
PACZ | kNN_100 | 52 | 100 | 1398057020169 | 0.207663 | 131.057 | 0 | 550
PACZ | kNN_100 | 53 | 100 | 947334494457 | 0.188669 | 131.057 | 0 | 517
PACZ | kNN_100 | 54 | 100 | 1012329179802 | 0.253995 | 131.057 | 0 | 622
PACZ | kNN_100 | 55 | 100 | 1230318059055 | 0.206312 | 131.057 | 0 | 612
PACZ | kNN_100 | 56 | 100 | 965481564816 | 0.199715 | 131.057 | 0 | 371
PACZ | kNN_100 | 57 | 100 | 1204550306484 | 0.199715 | 131.057 | 0 | 519
PACZ | kNN_100 | 58 | 100 | 1232884471140 | 0.219981 | 131.057 | 0 | 625
PACZ | kNN_100 | 59 | 100 | 1025528394345 | 0.175317 | 131.057 | 0 | 583
PACZ | kNN_100 | 60 | 100 | 1397747976822 | 0.204961 | 131.057 | 0 | 677
PACZ | kNN_100 | 61 | 100 | 1248706069500 | 0.233014 | 131.057 | 0 | 620
PACZ | kNN_100 | 62 | 100 | 1013405362917 | 0.20798 | 131.057 | 0 | 512
PACZ | kNN_100 | 63 | 100 | 1181357652348 | 0.265678 | 131.057 | 0 | 857
PACZ | kNN_100 | 64 | 100 | 1455634498287 | 0.227928 | 131.057 | 0 | 613
PACZ | kNN_100 | 65 | 100 | 337466886858 | 0.248671 | 131.057 | 0 | 790
PACZ | kNN_100 | 66 | 100 | 1206441311187 | 0.152985 | 131.057 | 0 | 399
PACZ | kNN_100 | 67 | 100 | 1233081354678 | 0.315348 | 131.057 | 0 | 888
PACZ | kNN_100 | 68 | 100 | 1349478955698 | 0.214338 | 131.057 | 0 | 637
PACZ | kNN_100 | 69 | 100 | 1183675381521 | 0.320673 | 131.057 | 0 | 995
PACZ | kNN_100 | 70 | 100 | 1267012797864 | 0.283321 | 131.057 | 0 | 979
PACZ | kNN_100 | 71 | 100 | 1399457827329 | 0.247002 | 131.057 | 0 | 747
PACZ | kNN_100 | 72 | 100 | 1193058625938 | 0.182629 | 131.057 | 0 | 521
PACZ | kNN_100 | 73 | 100 | 1390958314173 | 0.144323 | 131.057 | 0 | 296
PACZ | kNN_100 | 74 | 100 | 1372767474891 | 0.156005 | 131.057 | 0 | 300
PACZ | kNN_100 | 75 | 100 | 1269378461769 | 0.27132 | 131.057 | 0 | 905
PACZ | kNN_100 | 76 | 100 | 1270858082409 | 0.270605 | 131.057 | 0 | 652
PACZ | kNN_100 | 77 | 100 | 1193055514065 | 0.159661 | 131.057 | 0 | 506
PACZ | kNN_100 | 78 | 100 | 1224326823483 | 0.232617 | 131.057 | 0 | 663
PACZ | kNN_100 | 79 | 100 | 1293236523210 | 0.258287 | 131.057 | 0 | 689
PACZ | kNN_100 | 80 | 100 | 1204344880632 | 0.181993 | 131.057 | 0 | 475
PACZ | kNN_100 | 81 | 100 | 1401375267567 | 0.272671 | 131.057 | 0 | 745
PACZ | kNN_100 | 82 | 100 | 1250748155100 | 0.278314 | 131.057 | 0 | 873
PACZ | kNN_100 | 83 | 100 | 1192655870979 | 0.197331 | 131.057 | 0 | 557
PACZ | kNN_100 | 84 | 100 | 1152330661656 | 0.390291 | 131.057 | 0 | 896
PACZ | kNN_100 | 85 | 100 | 1156437031047 | 0.307957 | 131.057 | 0 | 964
PACZ | kNN_100 | 86 | 100 | 769501991082 | 0.209332 | 131.057 | 0 | 565
PACZ | kNN_100 | 87 | 100 | 1314560876367 | 0.207345 | 131.057 | 0 | 563
PACZ | kNN_100 | 88 | 100 | 1263405028749 | 0.343641 | 131.057 | 0 | 1064
PACZ | kNN_100 | 89 | 100 | 232193106015 | 0.0443459 | 131.057 | 0 | 129
PACZ | kNN_100 | 90 | 100 | 1044768952047 | 0.236988 | 131.057 | 0 | 787
PACZ | kNN_100 | 91 | 100 | 1454162196195 | 0.207663 | 131.057 | 0 | 626
PACZ | kNN_100 | 92 | 100 | 920526322206 | 0.146945 | 131.057 | 0 | 385
PACZ | kNN_100 | 93 | 100 | 813940151742 | 0.149012 | 131.057 | 0 | 438
PACZ | kNN_100 | 94 | 100 | 1586899595022 | 0.228326 | 131.057 | 0 | 604
PACZ | kNN_100 | 95 | 100 | 1449886846839 | 0.26536 | 131.057 | 0 | 882
PACZ | kNN_100 | 96 | 100 | 1200426722406 | 0.217676 | 131.057 | 0 | 505
PACZ | kNN_100 | 97 | 100 | 1264679058576 | 0.327667 | 131.057 | 0 | 1066
PACZ | kNN_100 | 98 | 100 | 1448209950726 | 0.267982 | 131.057 | 0 | 712
PACZ | kNN_100 | 99 | 100 | 478446297486 | 0.133991 | 131.057 | 0 | 398
