Algo | QType | QID | Count | Hash | Time_ms | Mem_Tree_MB | Mem_Delta_MB | Nodes
PACZ | Range_Small | 0 | 1473 | 15517889019555 | 0.0386238 | 87.9983 | 0 | 419
PACZ | Range_Small | 1 | 378 | 5019616998315 | 0.00866254 | 87.9983 | 0 | 225
PACZ | Range_Small | 2 | 797 | 11044959916929 | 0.0130335 | 87.9983 | 0 | 231
PACZ | Range_Small | 3 | 1055 | 16750902768306 | 0.0276566 | 87.9983 | 0 | 299
PACZ | Range_Small | 4 | 162 | 2285256174417 | 0.00627836 | 87.9983 | 0 | 161
PACZ | Range_Small | 5 | 2006 | 25742779895328 | 0.0436306 | 87.9983 | 0 | 379
PACZ | Range_Small | 6 | 983 | 11633846925858 | 0.0179609 | 87.9983 | 0 | 277
PACZ | Range_Small | 7 | 1717 | 17762758579824 | 0.0363191 | 87.9983 | 0 | 437
PACZ | Range_Small | 8 | 18 | 281075886459 | 0.00532468 | 87.9983 | 0 | 159
PACZ | Range_Small | 9 | 366 | 3590355161499 | 0.015974 | 87.9983 | 0 | 239
PACZ | Range_Small | 10 | 8 | 60546583266 | 0.00397364 | 87.9983 | 0 | 145
PACZ | Range_Small | 11 | 1258 | 14840787441525 | 0.0313123 | 87.9983 | 0 | 351
PACZ | Range_Small | 12 | 415 | 4761456224499 | 0.0153383 | 87.9983 | 0 | 229
PACZ | Range_Small | 13 | 1380 | 16578397623933 | 0.0256697 | 87.9983 | 0 | 377
PACZ | Range_Small | 14 | 103 | 1064845288071 | 0.0116825 | 87.9983 | 0 | 217
PACZ | Range_Small | 15 | 1321 | 18559064989332 | 0.025034 | 87.9983 | 0 | 423
PACZ | Range_Small | 16 | 351 | 4176655375221 | 0.0100136 | 87.9983 | 0 | 233
PACZ | Range_Small | 17 | 84 | 1008199787664 | 0.00540415 | 87.9983 | 0 | 167
PACZ | Range_Small | 18 | 997 | 10345511635182 | 0.0253518 | 87.9983 | 0 | 391
PACZ | Range_Small | 19 | 8 | 68436579636 | 0.00333786 | 87.9983 | 0 | 125
PACZ | Range_Small | 20 | 785 | 9626297691066 | 0.018994 | 87.9983 | 0 | 293
PACZ | Range_Small | 21 | 2078 | 22517846602785 | 0.037988 | 87.9983 | 0 | 457
PACZ | Range_Small | 22 | 749 | 6756798977820 | 0.0206629 | 87.9983 | 0 | 251
PACZ | Range_Small | 23 | 1401 | 15259143906705 | 0.0393391 | 87.9983 | 0 | 497
PACZ | Range_Small | 24 | 1396 | 17210754421734 | 0.0209808 | 87.9983 | 0 | 385
PACZ | Range_Small | 25 | 64 | 286004014896 | 0.00532468 | 87.9983 | 0 | 163
PACZ | Range_Small | 26 | 680 | 6993554722467 | 0.0232855 | 87.9983 | 0 | 301
PACZ | Range_Small | 27 | 358 | 4350041980770 | 0.0162919 | 87.9983 | 0 | 271
PACZ | Range_Small | 28 | 811 | 11341676396463 | 0.0323455 | 87.9983 | 0 | 279
PACZ | Range_Small | 29 | 1768 | 18272453974416 | 0.0383854 | 87.9983 | 0 | 441
PACZ | Range_Small | 30 | 700 | 8099951483772 | 0.0183582 | 87.9983 | 0 | 273
PACZ | Range_Small | 31 | 748 | 10308494865444 | 0.0143051 | 87.9983 | 0 | 263
PACZ | Range_Small | 32 | 2450 | 27950803448103 | 0.0503063 | 87.9983 | 0 | 495
PACZ | Range_Small | 33 | 2360 | 27222940219113 | 0.0293255 | 87.9983 | 0 | 445
PACZ | Range_Small | 34 | 2630 | 26228539697940 | 0.0413259 | 87.9983 | 0 | 491
PACZ | Range_Small | 35 | 623 | 6666248227659 | 0.0123183 | 87.9983 | 0 | 267
PACZ | Range_Small | 36 | 1237 | 14820265423170 | 0.025034 | 87.9983 | 0 | 373
PACZ | Range_Small | 37 | 501 | 3403612471140 | 0.0163714 | 87.9983 | 0 | 281
PACZ | Range_Small | 38 | 1101 | 13325252126748 | 0.0183582 | 87.9983 | 0 | 315
PACZ | Range_Small | 39 | 1201 | 12618108100620 | 0.0185966 | 87.9983 | 0 | 357
PACZ | Range_Small | 40 | 2468 | 31932681580587 | 0.0329812 | 87.9983 | 0 | 427
PACZ | Range_Small | 41 | 1634 | 18685976270625 | 0.026385 | 87.9983 | 0 | 389
PACZ | Range_Small | 42 | 1609 | 19862088447732 | 0.025034 | 87.9983 | 0 | 431
PACZ | Range_Small | 43 | 3851 | 46711875943386 | 0.0566641 | 87.9983 | 0 | 687
PACZ | Range_Small | 44 | 718 | 9895324073850 | 0.0123978 | 87.9983 | 0 | 253
PACZ | Range_Small | 45 | 115 | 1371912885771 | 0.0147025 | 87.9983 | 0 | 183
PACZ | Range_Small | 46 | 619 | 8978299907115 | 0.0156562 | 87.9983 | 0 | 271
PACZ | Range_Small | 47 | 2609 | 23559765726813 | 0.0393391 | 87.9983 | 0 | 523
PACZ | Range_Small | 48 | 2760 | 34744486735845 | 0.0516574 | 87.9983 | 0 | 555
PACZ | Range_Small | 49 | 124 | 1791798198894 | 0.00699361 | 87.9983 | 0 | 189
PACZ | Range_Small | 50 | 2665 | 27441810514428 | 0.0340144 | 87.9983 | 0 | 481
PACZ | Range_Small | 51 | 157 | 1719377766717 | 0.00699361 | 87.9983 | 0 | 181
PACZ | Range_Small | 52 | 3237 | 40468832953440 | 0.0654062 | 87.9983 | 0 | 673
PACZ | Range_Small | 53 | 218 | 2058516697236 | 0.00834465 | 87.9983 | 0 | 203
PACZ | Range_Small | 54 | 360 | 4063715728035 | 0.0139872 | 87.9983 | 0 | 221
PACZ | Range_Small | 55 | 6067 | 74454043537608 | 0.0890096 | 87.9983 | 0 | 901
PACZ | Range_Small | 56 | 1197 | 11546337270597 | 0.0299613 | 87.9983 | 0 | 427
PACZ | Range_Small | 57 | 181 | 1846609279176 | 0.00770887 | 87.9983 | 0 | 195
PACZ | Range_Small | 58 | 849 | 10006500788319 | 0.0180403 | 87.9983 | 0 | 265
PACZ | Range_Small | 59 | 298 | 2856265468659 | 0.00802676 | 87.9983 | 0 | 223
PACZ | Range_Small | 60 | 196 | 2016394709859 | 0.00699361 | 87.9983 | 0 | 209
PACZ | Range_Small | 61 | 326 | 3153702748794 | 0.00993411 | 87.9983 | 0 | 253
PACZ | Range_Small | 62 | 1614 | 22944309532653 | 0.033617 | 87.9983 | 0 | 421
PACZ | Range_Small | 63 | 3595 | 43840641859269 | 0.0506242 | 87.9983 | 0 | 683
PACZ | Range_Small | 64 | 847 | 10179543255006 | 0.0193119 | 87.9983 | 0 | 275
PACZ | Range_Small | 65 | 1 | 2387546067 | 0.00198682 | 87.9983 | 0 | 67
PACZ | Range_Small | 66 | 486 | 5483975005326 | 0.0150204 | 87.9983 | 0 | 273
PACZ | Range_Small | 67 | 1167 | 15877099849512 | 0.015974 | 87.9983 | 0 | 289
PACZ | Range_Small | 68 | 4252 | 57007053698043 | 0.0499884 | 87.9983 | 0 | 661
PACZ | Range_Small | 69 | 5285 | 65155481453445 | 0.083367 | 87.9983 | 0 | 813
PACZ | Range_Small | 70 | 1056 | 10954683953907 | 0.0240008 | 87.9983 | 0 | 373
PACZ | Range_Small | 71 | 969 | 11608058374299 | 0.0273387 | 87.9983 | 0 | 293
PACZ | Range_Small | 72 | 1457 | 23093595062034 | 0.0269413 | 87.9983 | 0 | 353
PACZ | Range_Small | 73 | 13744 | 166563834739578 | 0.188986 | 87.9983 | 0 | 1775
PACZ | Range_Small | 74 | 2672 | 34867710171342 | 0.0414054 | 87.9983 | 0 | 465
PACZ | Range_Small | 75 | 84 | 1103825267448 | 0.0160535 | 87.9983 | 0 | 229
PACZ | Range_Small | 76 | 2551 | 24989762546616 | 0.0513395 | 87.9983 | 0 | 497
PACZ | Range_Small | 77 | 1621 | 16693972911957 | 0.0313123 | 87.9983 | 0 | 421
PACZ | Range_Small | 78 | 6788 | 85095826374072 | 0.107686 | 87.9983 | 0 | 1009
PACZ | Range_Small | 79 | 2124 | 22097730045912 | 0.0293255 | 87.9983 | 0 | 433
PACZ | Range_Small | 80 | 336 | 3238809649362 | 0.0093778 | 87.9983 | 0 | 223
PACZ | Range_Small | 81 | 719 | 9852255817386 | 0.0166098 | 87.9983 | 0 | 319
PACZ | Range_Small | 82 | 1839 | 22246081965606 | 0.0246366 | 87.9983 | 0 | 451
PACZ | Range_Small | 83 | 1566 | 19316444487375 | 0.0260671 | 87.9983 | 0 | 361
PACZ | Range_Small | 84 | 1389 | 14797161290604 | 0.018994 | 87.9983 | 0 | 329
PACZ | Range_Small | 85 | 535 | 6451462064460 | 0.0147025 | 87.9983 | 0 | 325
PACZ | Range_Small | 86 | 226 | 2397296665020 | 0.00834465 | 87.9983 | 0 | 199
PACZ | Range_Small | 87 | 926 | 11093000537403 | 0.0147025 | 87.9983 | 0 | 321
PACZ | Range_Small | 88 | 7910 | 98306579294832 | 0.083367 | 87.9983 | 0 | 1031
PACZ | Range_Small | 89 | 5615 | 69355901997777 | 0.0720024 | 87.9983 | 0 | 827
PACZ | Range_Small | 90 | 2020 | 23749694427615 | 0.029405 | 87.9983 | 0 | 405
PACZ | Range_Small | 91 | 706 | 7526676347550 | 0.0243187 | 87.9983 | 0 | 339
PACZ | Range_Small | 92 | 622 | 9854894336877 | 0.0186761 | 87.9983 | 0 | 331
PACZ | Range_Small | 93 | 1442 | 15731243879448 | 0.0369549 | 87.9983 | 0 | 407
PACZ | Range_Small | 94 | 590 | 6053417554779 | 0.0197093 | 87.9983 | 0 | 345
PACZ | Range_Small | 95 | 20236 | 241184889265080 | 0.239293 | 87.9983 | 0 | 2293
PACZ | Range_Small | 96 | 2013 | 26581815127797 | 0.0293255 | 87.9983 | 0 | 413
PACZ | Range_Small | 97 | 2105 | 25567277346108 | 0.0286897 | 87.9983 | 0 | 425
PACZ | Range_Small | 98 | 1856 | 20092125053832 | 0.0306765 | 87.9983 | 0 | 437
PACZ | Range_Small | 99 | 1069 | 14583270204915 | 0.0206629 | 87.9983 | 0 | 333
PACZ | Range_Medium | 0 | 64276 | 743015109008628 | 0.710011 | 87.9983 | 0 | 5765
PACZ | Range_Medium | 1 | 22011 | 253948313889264 | 0.200033 | 87.9983 | 0 | 2157
PACZ | Range_Medium | 2 | 5482 | 50107153261128 | 0.0580152 | 87.9983 | 0 | 721
PACZ | Range_Medium | 3 | 20592 | 226727882033133 | 0.23071 | 87.9983 | 0 | 2103
PACZ | Range_Medium | 4 | 2980 | 18637612680969 | 0.045379 | 87.9983 | 0 | 455
PACZ | Range_Medium | 5 | 33450 | 390995662746177 | 0.353654 | 87.9983 | 0 | 3381
PACZ | Range_Medium | 6 | 58371 | 669437973460290 | 0.750383 | 87.9983 | 0 | 5669
PACZ | Range_Medium | 7 | 64325 | 675680173308510 | 0.60161 | 87.9983 | 0 | 5633
PACZ | Range_Medium | 8 | 93001 | 1094580559812297 | 1.02131 | 87.9983 | 0 | 8757
PACZ | Range_Medium | 9 | 34017 | 347539844871978 | 0.329336 | 87.9983 | 0 | 3159
PACZ | Range_Medium | 10 | 36583 | 407867664551388 | 0.361363 | 87.9983 | 0 | 3387
PACZ | Range_Medium | 11 | 50361 | 526884768302061 | 0.445684 | 87.9983 | 0 | 4459
PACZ | Range_Medium | 12 | 6646 | 78576436315290 | 0.0700156 | 87.9983 | 0 | 811
PACZ | Range_Medium | 13 | 13637 | 163891222193520 | 0.136375 | 87.9983 | 0 | 1503
PACZ | Range_Medium | 14 | 21953 | 248996410269294 | 0.197013 | 87.9983 | 0 | 2301
PACZ | Range_Medium | 15 | 18490 | 208725470096511 | 0.166655 | 87.9983 | 0 | 1977
PACZ | Range_Medium | 16 | 73314 | 768110237777028 | 0.737667 | 87.9983 | 0 | 6369
PACZ | Range_Medium | 17 | 41224 | 452738170721196 | 0.365337 | 87.9983 | 0 | 3765
PACZ | Range_Medium | 18 | 18990 | 229050909092307 | 0.187 | 87.9983 | 0 | 1995
PACZ | Range_Medium | 19 | 41997 | 561263884212492 | 0.408332 | 87.9983 | 0 | 3875
PACZ | Range_Medium | 20 | 64530 | 667021529624007 | 0.693321 | 87.9983 | 0 | 5657
PACZ | Range_Medium | 21 | 13892 | 152860325811288 | 0.157038 | 87.9983 | 0 | 1563
PACZ | Range_Medium | 22 | 24244 | 325531183776177 | 0.238975 | 87.9983 | 0 | 2383
PACZ | Range_Medium | 23 | 35492 | 388086892840263 | 0.356992 | 87.9983 | 0 | 3303
PACZ | Range_Medium | 24 | 43158 | 565677406146060 | 0.431935 | 87.9983 | 0 | 3817
PACZ | Range_Medium | 25 | 5884 | 72499885961685 | 0.0680288 | 87.9983 | 0 | 815
PACZ | Range_Medium | 26 | 23204 | 270006532774671 | 0.240326 | 87.9983 | 0 | 2393
PACZ | Range_Medium | 27 | 95152 | 1122993053831304 | 1.17167 | 87.9983 | 0 | 8927
PACZ | Range_Medium | 28 | 21398 | 255530098777992 | 0.233332 | 87.9983 | 0 | 2393
PACZ | Range_Medium | 29 | 61413 | 640327710658032 | 0.648657 | 87.9983 | 0 | 5449
PACZ | Range_Medium | 30 | 11350 | 136308361208940 | 0.114679 | 87.9983 | 0 | 1245
PACZ | Range_Medium | 31 | 45588 | 500457081625215 | 0.546376 | 87.9983 | 0 | 4261
PACZ | Range_Medium | 32 | 23761 | 277022381309931 | 0.257333 | 87.9983 | 0 | 2315
PACZ | Range_Medium | 33 | 9649 | 108078629867769 | 0.0993411 | 87.9983 | 0 | 1005
PACZ | Range_Medium | 34 | 44063 | 526988197052031 | 0.468651 | 87.9983 | 0 | 3935
PACZ | Range_Medium | 35 | 77498 | 910021576968435 | 0.997305 | 87.9983 | 0 | 7333
PACZ | Range_Medium | 36 | 95835 | 1134790833514782 | 1.21403 | 87.9983 | 0 | 8967
PACZ | Range_Medium | 37 | 56932 | 586257659926614 | 0.627041 | 87.9983 | 0 | 5051
PACZ | Range_Medium | 38 | 60230 | 622822113086082 | 0.658989 | 87.9983 | 0 | 5423
PACZ | Range_Medium | 39 | 30412 | 312647535832515 | 0.332355 | 87.9983 | 0 | 2889
PACZ | Range_Medium | 40 | 1 | 15534437685 | 0.00230471 | 87.9983 | 0 | 75
PACZ | Range_Medium | 41 | 28961 | 323783041027695 | 0.305971 | 87.9983 | 0 | 2751
PACZ | Range_Medium | 42 | 32644 | 333336372636081 | 0.338316 | 87.9983 | 0 | 3015
PACZ | Range_Medium | 43 | 57276 | 671511424617147 | 0.669003 | 87.9983 | 0 | 5203
PACZ | Range_Medium | 44 | 34509 | 378396216145911 | 0.373681 | 87.9983 | 0 | 3219
PACZ | Range_Medium | 45 | 25242 | 270337154644779 | 0.308673 | 87.9983 | 0 | 2653
PACZ | Range_Medium | 46 | 94260 | 1113435466421805 | 1.19535 | 87.9983 | 0 | 8821
PACZ | Range_Medium | 47 | 9359 | 124688481587598 | 0.103633 | 87.9983 | 0 | 1039
PACZ | Range_Medium | 48 | 96609 | 1144865297809374 | 1.16698 | 87.9983 | 0 | 8943
PACZ | Range_Medium | 49 | 13177 | 159928228525869 | 0.143369 | 87.9983 | 0 | 1399
PACZ | Range_Medium | 50 | 22866 | 265373231884566 | 0.243982 | 87.9983 | 0 | 2213
PACZ | Range_Medium | 51 | 26908 | 323417251193076 | 0.298341 | 87.9983 | 0 | 2627
PACZ | Range_Medium | 52 | 2 | 15968183325 | 0.0026226 | 87.9983 | 0 | 67
PACZ | Range_Medium | 53 | 61316 | 630221947748136 | 0.707626 | 87.9983 | 0 | 5499
PACZ | Range_Medium | 54 | 6239 | 77160226115637 | 0.0736713 | 87.9983 | 0 | 769
PACZ | Range_Medium | 55 | 76182 | 905214855362757 | 0.970284 | 87.9983 | 0 | 7325
PACZ | Range_Medium | 56 | 1817 | 20202848922294 | 0.0293255 | 87.9983 | 0 | 405
PACZ | Range_Medium | 57 | 13102 | 172396970911500 | 0.135024 | 87.9983 | 0 | 1311
PACZ | Range_Medium | 58 | 75365 | 796050999341331 | 0.850598 | 87.9983 | 0 | 6541
PACZ | Range_Medium | 59 | 94392 | 1123493562755811 | 1.13996 | 87.9983 | 0 | 8745
PACZ | Range_Medium | 60 | 3996 | 53278946989425 | 0.0516574 | 87.9983 | 0 | 643
PACZ | Range_Medium | 61 | 9730 | 109140392775459 | 0.115315 | 87.9983 | 0 | 1099
PACZ | Range_Medium | 62 | 2344 | 22005110380128 | 0.0370344 | 87.9983 | 0 | 487
PACZ | Range_Medium | 63 | 39870 | 531342306054555 | 0.435591 | 87.9983 | 0 | 3711
PACZ | Range_Medium | 64 | 8907 | 100554762834390 | 0.0950495 | 87.9983 | 0 | 971
PACZ | Range_Medium | 65 | 17030 | 205518291208227 | 0.185649 | 87.9983 | 0 | 1853
PACZ | Range_Medium | 66 | 3418 | 38812024996506 | 0.0503063 | 87.9983 | 0 | 573
PACZ | Range_Medium | 67 | 56829 | 667496165586642 | 0.669638 | 87.9983 | 0 | 5137
PACZ | Range_Medium | 68 | 79895 | 879915252668445 | 0.905037 | 87.9983 | 0 | 7099
PACZ | Range_Medium | 69 | 2473 | 29166533299464 | 0.0313918 | 87.9983 | 0 | 371
PACZ | Range_Medium | 70 | 64845 | 687727783883583 | 0.740687 | 87.9983 | 0 | 5741
PACZ | Range_Medium | 71 | 19965 | 226597225192311 | 0.234048 | 87.9983 | 0 | 2121
PACZ | Range_Medium | 72 | 96511 | 1143102754003386 | 1.249 | 87.9983 | 0 | 8941
PACZ | Range_Medium | 73 | 6625 | 77425155987321 | 0.0902812 | 87.9983 | 0 | 945
PACZ | Range_Medium | 74 | 49931 | 597111181396173 | 0.563304 | 87.9983 | 0 | 4415
PACZ | Range_Medium | 75 | 20337 | 231347047344891 | 0.240962 | 87.9983 | 0 | 2137
PACZ | Range_Medium | 76 | 2558 | 30223451421696 | 0.0353654 | 87.9983 | 0 | 419
PACZ | Range_Medium | 77 | 54202 | 640367215612419 | 0.630379 | 87.9983 | 0 | 4945
PACZ | Range_Medium | 78 | 101964 | 1196956415878479 | 1.27729 | 87.9983 | 0 | 9491
PACZ | Range_Medium | 79 | 6439 | 79926203536869 | 0.0720024 | 87.9983 | 0 | 771
PACZ | Range_Medium | 80 | 393 | 3543176743863 | 0.0113646 | 87.9983 | 0 | 201
PACZ | Range_Medium | 81 | 21146 | 246367004116200 | 0.258366 | 87.9983 | 0 | 2327
PACZ | Range_Medium | 82 | 94445 | 1114427668401372 | 1.17461 | 87.9983 | 0 | 8835
PACZ | Range_Medium | 83 | 59755 | 713457009743100 | 0.694036 | 87.9983 | 0 | 5793
PACZ | Range_Medium | 84 | 16557 | 188985775506807 | 0.183026 | 87.9983 | 0 | 1729
PACZ | Range_Medium | 85 | 61633 | 641468696864949 | 0.687997 | 87.9983 | 0 | 5501
PACZ | Range_Medium | 86 | 75464 | 848528123597253 | 0.83669 | 87.9983 | 0 | 6741
PACZ | Range_Medium | 87 | 41418 | 459448640550135 | 0.442982 | 87.9983 | 0 | 3845
PACZ | Range_Medium | 88 | 11430 | 138079035540909 | 0.132958 | 87.9983 | 0 | 1287
PACZ | Range_Medium | 89 | 45696 | 519407578449336 | 0.464996 | 87.9983 | 0 | 4237
PACZ | Range_Medium | 90 | 12573 | 143174458182000 | 0.137647 | 87.9983 | 0 | 1319
PACZ | Range_Medium | 91 | 39336 | 435269683309455 | 0.392675 | 87.9983 | 0 | 3659
PACZ | Range_Medium | 92 | 4706 | 39219949919277 | 0.0592868 | 87.9983 | 0 | 649
PACZ | Range_Medium | 93 | 14276 | 176821945684866 | 0.180642 | 87.9983 | 0 | 1643
PACZ | Range_Medium | 94 | 42383 | 481659362009442 | 0.4433 | 87.9983 | 0 | 4023
PACZ | Range_Medium | 95 | 3966 | 38412841657671 | 0.0543594 | 87.9983 | 0 | 631
PACZ | Range_Medium | 96 | 5869 | 72230433743526 | 0.0753403 | 87.9983 | 0 | 811
PACZ | Range_Medium | 97 | 16244 | 208851739468752 | 0.180642 | 87.9983 | 0 | 1783
PACZ | Range_Medium | 98 | 17517 | 206345331634518 | 0.191609 | 87.9983 | 0 | 1843
PACZ | Range_Medium | 99 | 5438 | 48252059774355 | 0.0696182 | 87.9983 | 0 | 725
PACZ | Range_Large | 0 | 627482 | 7422862608962736 | 7.77602 | 87.9983 | 0 | 52015
PACZ | Range_Large | 1 | 658401 | 7776538066330839 | 8.0843 | 87.9983 | 0 | 54307
PACZ | Range_Large | 2 | 424333 | 4974391402631523 | 5.07696 | 87.9983 | 0 | 34741
PACZ | Range_Large | 3 | 715927 | 8400506395255083 | 8.67828 | 87.9983 | 0 | 58825
PACZ | Range_Large | 4 | 418704 | 4908604584074784 | 5.00202 | 87.9983 | 0 | 34441
PACZ | Range_Large | 5 | 454820 | 5291247612762690 | 5.48236 | 87.9983 | 0 | 37193
PACZ | Range_Large | 6 | 596064 | 7066202261259828 | 7.35736 | 87.9983 | 0 | 49529
PACZ | Range_Large | 7 | 662914 | 7829910024415152 | 8.31866 | 87.9983 | 0 | 54913
PACZ | Range_Large | 8 | 512012 | 6123615818799324 | 6.37531 | 87.9983 | 0 | 42543
PACZ | Range_Large | 9 | 546748 | 6519537913674081 | 6.79366 | 87.9983 | 0 | 45199
PACZ | Range_Large | 10 | 553543 | 6593900677981167 | 6.79398 | 87.9983 | 0 | 45741
PACZ | Range_Large | 11 | 390679 | 4735637125024788 | 4.85897 | 87.9983 | 0 | 32907
PACZ | Range_Large | 12 | 688988 | 8108370318014208 | 8.418 | 87.9983 | 0 | 56839
PACZ | Range_Large | 13 | 436302 | 5102436696775050 | 5.35806 | 87.9983 | 0 | 35755
PACZ | Range_Large | 14 | 333986 | 3813337098049215 | 4.14801 | 87.9983 | 0 | 27465
PACZ | Range_Large | 15 | 455425 | 5310244110971550 | 5.54935 | 87.9983 | 0 | 37255
PACZ | Range_Large | 16 | 691929 | 8143655169414948 | 8.48667 | 87.9983 | 0 | 57023
PACZ | Range_Large | 17 | 703999 | 8278230988264839 | 8.81139 | 87.9983 | 0 | 57949
PACZ | Range_Large | 18 | 447539 | 5209188969103338 | 5.49936 | 87.9983 | 0 | 36547
PACZ | Range_Large | 19 | 396013 | 4636447813299738 | 4.74199 | 87.9983 | 0 | 32707
PACZ | Range_Large | 20 | 553842 | 6600995958089157 | 6.77872 | 87.9983 | 0 | 45791
PACZ | Range_Large | 21 | 679303 | 8003378296073520 | 8.3123 | 87.9983 | 0 | 55991
PACZ | Range_Large | 22 | 552275 | 6586964513676288 | 6.74295 | 87.9983 | 0 | 45729
PACZ | Range_Large | 23 | 676551 | 7974466870613115 | 8.38534 | 87.9983 | 0 | 55687
PACZ | Range_Large | 24 | 689569 | 8117256639609810 | 8.53237 | 87.9983 | 0 | 56753
PACZ | Range_Large | 25 | 459958 | 5353419973279395 | 5.65704 | 87.9983 | 0 | 37499
PACZ | Range_Large | 26 | 353645 | 4088687687947263 | 4.48195 | 87.9983 | 0 | 29105
PACZ | Range_Large | 27 | 695606 | 8184346890845808 | 8.5446 | 87.9983 | 0 | 57331
PACZ | Range_Large | 28 | 481066 | 5614591734274389 | 5.87098 | 87.9983 | 0 | 39329
PACZ | Range_Large | 29 | 319596 | 3672517998633777 | 4.03603 | 87.9983 | 0 | 27501
PACZ | Range_Large | 30 | 550628 | 6570560405982519 | 6.7207 | 87.9983 | 0 | 45453
PACZ | Range_Large | 31 | 545036 | 6389615279601630 | 6.69932 | 87.9983 | 0 | 45175
PACZ | Range_Large | 32 | 550549 | 6563244571687173 | 6.68033 | 87.9983 | 0 | 45543
PACZ | Range_Large | 33 | 473143 | 5668592882192088 | 5.80271 | 87.9983 | 0 | 39211
PACZ | Range_Large | 34 | 673162 | 7935945611514573 | 8.39933 | 87.9983 | 0 | 55445
PACZ | Range_Large | 35 | 476643 | 5710732519109589 | 5.88902 | 87.9983 | 0 | 39537
PACZ | Range_Large | 36 | 691904 | 8144146708141107 | 8.57766 | 87.9983 | 0 | 56915
PACZ | Range_Large | 37 | 438994 | 5128464568526865 | 5.265 | 87.9983 | 0 | 35959
PACZ | Range_Large | 38 | 446928 | 5347796921398437 | 5.5 | 87.9983 | 0 | 37049
PACZ | Range_Large | 39 | 439674 | 5124247594497033 | 5.28971 | 87.9983 | 0 | 36091
PACZ | Range_Large | 40 | 548574 | 6537911500900209 | 6.76703 | 87.9983 | 0 | 45381
PACZ | Range_Large | 41 | 735378 | 8650245211877388 | 9.0363 | 87.9983 | 0 | 60473
PACZ | Range_Large | 42 | 559739 | 6662312193697854 | 7.01666 | 87.9983 | 0 | 46385
PACZ | Range_Large | 43 | 410200 | 4811990041882569 | 5.09397 | 87.9983 | 0 | 33679
PACZ | Range_Large | 44 | 658166 | 7774059902403849 | 8.22028 | 87.9983 | 0 | 54283
PACZ | Range_Large | 45 | 443275 | 5166207908854368 | 5.30966 | 87.9983 | 0 | 36359
PACZ | Range_Large | 46 | 493194 | 5893499377527381 | 6.06998 | 87.9983 | 0 | 40867
PACZ | Range_Large | 47 | 443486 | 5175329199132783 | 5.31403 | 87.9983 | 0 | 36389
PACZ | Range_Large | 48 | 303954 | 3506034287300694 | 3.77266 | 87.9983 | 0 | 26173
PACZ | Range_Large | 49 | 452643 | 5278276306021047 | 5.56668 | 87.9983 | 0 | 37013
PACZ | Range_Large | 50 | 443629 | 5173766692884639 | 5.35274 | 87.9983 | 0 | 36323
PACZ | Range_Large | 51 | 440867 | 5284570090027275 | 5.40932 | 87.9983 | 0 | 36519
PACZ | Range_Large | 52 | 645705 | 7564714312964841 | 7.85065 | 87.9983 | 0 | 53257
PACZ | Range_Large | 53 | 688759 | 8125867033548612 | 8.33702 | 87.9983 | 0 | 56759
PACZ | Range_Large | 54 | 689050 | 8123978722953825 | 8.55501 | 87.9983 | 0 | 56827
PACZ | Range_Large | 55 | 661698 | 7824575356276266 | 8.34862 | 87.9983 | 0 | 54627
PACZ | Range_Large | 56 | 547828 | 6423820349722980 | 6.90103 | 87.9983 | 0 | 45575
PACZ | Range_Large | 57 | 551056 | 6568292328149277 | 6.84428 | 87.9983 | 0 | 45557
PACZ | Range_Large | 58 | 681784 | 8009371869749880 | 8.42897 | 87.9983 | 0 | 56129
PACZ | Range_Large | 59 | 436374 | 5231310406977312 | 5.38635 | 87.9983 | 0 | 36123
PACZ | Range_Large | 60 | 434843 | 5216063862558924 | 5.35933 | 87.9983 | 0 | 36001
PACZ | Range_Large | 61 | 495454 | 5930792317401078 | 6.07697 | 87.9983 | 0 | 41121
PACZ | Range_Large | 62 | 700246 | 8247142356887928 | 8.67438 | 87.9983 | 0 | 57637
PACZ | Range_Large | 63 | 689475 | 8130164069057106 | 8.58768 | 87.9983 | 0 | 56933
PACZ | Range_Large | 64 | 740359 | 8667186468401337 | 9.05267 | 87.9983 | 0 | 60769
PACZ | Range_Large | 65 | 457082 | 5323427644284552 | 5.44969 | 87.9983 | 0 | 37349
PACZ | Range_Large | 66 | 555690 | 6529396369257363 | 6.81464 | 87.9983 | 0 | 46223
PACZ | Range_Large | 67 | 518222 | 6192815084584530 | 6.37666 | 87.9983 | 0 | 42915
PACZ | Range_Large | 68 | 679466 | 8005323908442027 | 8.34831 | 87.9983 | 0 | 56049
PACZ | Range_Large | 69 | 438333 | 5122328287166208 | 5.45533 | 87.9983 | 0 | 35925
PACZ | Range_Large | 70 | 508509 | 6067953199604880 | 6.42395 | 87.9983 | 0 | 42061
PACZ | Range_Large | 71 | 713423 | 8390431767088257 | 8.62598 | 87.9983 | 0 | 58719
PACZ | Range_Large | 72 | 676927 | 7977076430158680 | 7.93036 | 87.9983 | 0 | 55871
PACZ | Range_Large | 73 | 435312 | 5215862376617412 | 5.13101 | 87.9983 | 0 | 36135
PACZ | Range_Large | 74 | 705821 | 8298605496169380 | 8.59698 | 87.9983 | 0 | 58187
PACZ | Range_Large | 75 | 702535 | 8264201501271477 | 8.59666 | 87.9983 | 0 | 57969
PACZ | Range_Large | 76 | 641272 | 7576942364933361 | 7.78699 | 87.9983 | 0 | 53069
PACZ | Range_Large | 77 | 494220 | 5919145539433455 | 6.14866 | 87.9983 | 0 | 41025
PACZ | Range_Large | 78 | 717166 | 8413385848995864 | 8.8683 | 87.9983 | 0 | 58915
PACZ | Range_Large | 79 | 595111 | 7056102738413682 | 7.41394 | 87.9983 | 0 | 49477
PACZ | Range_Large | 80 | 552308 | 6583308804141753 | 6.83832 | 87.9983 | 0 | 45687
PACZ | Range_Large | 81 | 609296 | 7227115948514775 | 7.56264 | 87.9983 | 0 | 50695
PACZ | Range_Large | 82 | 564336 | 6633597341369751 | 6.86034 | 87.9983 | 0 | 46835
PACZ | Range_Large | 83 | 707555 | 8319018690716769 | 9.11196 | 87.9983 | 0 | 58355
PACZ | Range_Large | 84 | 585522 | 6883073146640661 | 7.43365 | 87.9983 | 0 | 48475
PACZ | Range_Large | 85 | 550579 | 6562706478480234 | 7.10233 | 87.9983 | 0 | 45545
PACZ | Range_Large | 86 | 494205 | 5905614381935085 | 6.4493 | 87.9983 | 0 | 40971
PACZ | Range_Large | 87 | 438893 | 5128166128438326 | 5.52599 | 87.9983 | 0 | 35965
PACZ | Range_Large | 88 | 549713 | 6552562858173120 | 6.95435 | 87.9983 | 0 | 45449
PACZ | Range_Large | 89 | 442646 | 5026406618047449 | 5.75964 | 87.9983 | 0 | 37191
PACZ | Range_Large | 90 | 358194 | 4129018306855077 | 4.36966 | 87.9983 | 0 | 29471
PACZ | Range_Large | 91 | 650703 | 7703024896474341 | 7.94697 | 87.9983 | 0 | 53855
PACZ | Range_Large | 92 | 413653 | 4846466426549655 | 4.95537 | 87.9983 | 0 | 33871
PACZ | Range_Large | 93 | 462513 | 5546391423425211 | 5.65799 | 87.9983 | 0 | 38367
PACZ | Range_Large | 94 | 457005 | 5320678364873475 | 5.40702 | 87.9983 | 0 | 37317
PACZ | Range_Large | 95 | 462313 | 5386674817605708 | 5.6293 | 87.9983 | 0 | 37729
PACZ | Range_Large | 96 | 507540 | 6071702295876870 | 6.14969 | 87.9983 | 0 | 42155
PACZ | Range_Large | 97 | 704220 | 8294177967308520 | 8.617 | 87.9983 | 0 | 57955
PACZ | Range_Large | 98 | 315832 | 3590814100687050 | 3.88527 | 87.9983 | 0 | 25907
PACZ | Range_Large | 99 | 495248 | 5917705076009898 | 6.08333 | 87.9983 | 0 | 41039
PACZ | kNN_10 | 0 | 10 | 87711657618 | 0.0727177 | 87.9983 | 0 | 511
PACZ | kNN_10 | 1 | 10 | 97981667283 | 0.044028 | 87.9983 | 0 | 334
PACZ | kNN_10 | 2 | 10 | 73106108691 | 0.0369549 | 87.9983 | 0 | 293
PACZ | kNN_10 | 3 | 10 | 108848115441 | 0.037988 | 87.9983 | 0 | 329
PACZ | kNN_10 | 4 | 10 | 119294874948 | 0.0240008 | 87.9983 | 0 | 199
PACZ | kNN_10 | 5 | 10 | 125386805412 | 0.0470479 | 87.9983 | 0 | 344
PACZ | kNN_10 | 6 | 10 | 104476895178 | 0.0406901 | 87.9983 | 0 | 370
PACZ | kNN_10 | 7 | 10 | 99096595173 | 0.0522931 | 87.9983 | 0 | 371
PACZ | kNN_10 | 8 | 10 | 126446747994 | 0.0566641 | 87.9983 | 0 | 487
PACZ | kNN_10 | 9 | 10 | 102670898712 | 0.0452995 | 87.9983 | 0 | 400
PACZ | kNN_10 | 10 | 10 | 121767629145 | 0.037988 | 87.9983 | 0 | 291
PACZ | kNN_10 | 11 | 10 | 118803600225 | 0.0383059 | 87.9983 | 0 | 360
PACZ | kNN_10 | 12 | 10 | 147488590245 | 0.0356833 | 87.9983 | 0 | 303
PACZ | kNN_10 | 13 | 10 | 113480090565 | 0.0607173 | 87.9983 | 0 | 505
PACZ | kNN_10 | 14 | 10 | 99566375271 | 0.0650088 | 87.9983 | 0 | 548
PACZ | kNN_10 | 15 | 10 | 92325213354 | 0.0339349 | 87.9983 | 0 | 246
PACZ | kNN_10 | 16 | 10 | 119841979779 | 0.044028 | 87.9983 | 0 | 341
PACZ | kNN_10 | 17 | 10 | 123180135744 | 0.0306765 | 87.9983 | 0 | 283
PACZ | kNN_10 | 18 | 10 | 137265141411 | 0.0166098 | 87.9983 | 0 | 123
PACZ | kNN_10 | 19 | 10 | 129506004345 | 0.055631 | 87.9983 | 0 | 453
PACZ | kNN_10 | 20 | 10 | 103569369261 | 0.0270208 | 87.9983 | 0 | 266
PACZ | kNN_10 | 21 | 10 | 130163904936 | 0.0293255 | 87.9983 | 0 | 302
PACZ | kNN_10 | 22 | 10 | 150027282405 | 0.04673 | 87.9983 | 0 | 391
PACZ | kNN_10 | 23 | 10 | 124573746621 | 0.0533263 | 87.9983 | 0 | 484
PACZ | kNN_10 | 24 | 10 | 64895273394 | 0.033617 | 87.9983 | 0 | 324
PACZ | kNN_10 | 25 | 10 | 94052713536 | 0.0466506 | 87.9983 | 0 | 424
PACZ | kNN_10 | 26 | 10 | 120473977227 | 0.0463327 | 87.9983 | 0 | 403
PACZ | kNN_10 | 27 | 10 | 112683051354 | 0.0639757 | 87.9983 | 0 | 600
PACZ | kNN_10 | 28 | 10 | 139819912215 | 0.0459353 | 87.9983 | 0 | 412
PACZ | kNN_10 | 29 | 10 | 145474833795 | 0.0456174 | 87.9983 | 0 | 383
PACZ | kNN_10 | 30 | 10 | 102452739648 | 0.0452995 | 87.9983 | 0 | 351
PACZ | kNN_10 | 31 | 10 | 90104046864 | 0.0480016 | 87.9983 | 0 | 405
PACZ | kNN_10 | 32 | 10 | 124345908657 | 0.0330607 | 87.9983 | 0 | 323
PACZ | kNN_10 | 33 | 10 | 139278500529 | 0.0223319 | 87.9983 | 0 | 197
PACZ | kNN_10 | 34 | 10 | 129556794501 | 0.0590483 | 87.9983 | 0 | 527
PACZ | kNN_10 | 35 | 10 | 128849109258 | 0.0480016 | 87.9983 | 0 | 456
PACZ | kNN_10 | 36 | 10 | 140787830868 | 0.0606378 | 87.9983 | 0 | 436
PACZ | kNN_10 | 37 | 10 | 104471464119 | 0.0296434 | 87.9983 | 0 | 298
PACZ | kNN_10 | 38 | 10 | 138515777925 | 0.0330607 | 87.9983 | 0 | 223
PACZ | kNN_10 | 39 | 10 | 95996198949 | 0.037988 | 87.9983 | 0 | 300
PACZ | kNN_10 | 40 | 10 | 123263509365 | 0.0592868 | 87.9983 | 0 | 529
PACZ | kNN_10 | 41 | 10 | 127574277585 | 0.0429948 | 87.9983 | 0 | 361
PACZ | kNN_10 | 42 | 10 | 140787823548 | 0.0493526 | 87.9983 | 0 | 398
PACZ | kNN_10 | 43 | 10 | 124355672685 | 0.0243187 | 87.9983 | 0 | 229
PACZ | kNN_10 | 44 | 10 | 130010234247 | 0.0686646 | 87.9983 | 0 | 553
PACZ | kNN_10 | 45 | 10 | 129278072514 | 0.0443459 | 87.9983 | 0 | 438
PACZ | kNN_10 | 46 | 10 | 158272770048 | 0.0279744 | 87.9983 | 0 | 221
PACZ | kNN_10 | 47 | 10 | 140884453863 | 0.0526905 | 87.9983 | 0 | 393
PACZ | kNN_10 | 48 | 10 | 111953668635 | 0.0320276 | 87.9983 | 0 | 280
PACZ | kNN_10 | 49 | 10 | 129276181779 | 0.0463327 | 87.9983 | 0 | 410
PACZ | kNN_10 | 50 | 10 | 71380593789 | 0.0223319 | 87.9983 | 0 | 171
PACZ | kNN_10 | 51 | 10 | 158688393285 | 0.0356833 | 87.9983 | 0 | 303
PACZ | kNN_10 | 52 | 10 | 122873378304 | 0.039657 | 87.9983 | 0 | 307
PACZ | kNN_10 | 53 | 10 | 127872112776 | 0.0447432 | 87.9983 | 0 | 410
PACZ | kNN_10 | 54 | 10 | 120194721225 | 0.0313123 | 87.9983 | 0 | 280
PACZ | kNN_10 | 55 | 10 | 128227243827 | 0.0572999 | 87.9983 | 0 | 512
PACZ | kNN_10 | 56 | 10 | 90034996710 | 0.0330607 | 87.9983 | 0 | 320
PACZ | kNN_10 | 57 | 10 | 85397922420 | 0.0566641 | 87.9983 | 0 | 487
PACZ | kNN_10 | 58 | 10 | 123180134571 | 0.0306765 | 87.9983 | 0 | 268
PACZ | kNN_10 | 59 | 10 | 145420483365 | 0.0270208 | 87.9983 | 0 | 281
PACZ | kNN_10 | 60 | 10 | 96066175452 | 0.042359 | 87.9983 | 0 | 334
PACZ | kNN_10 | 61 | 10 | 126370726107 | 0.0486374 | 87.9983 | 0 | 361
PACZ | kNN_10 | 62 | 10 | 120429412230 | 0.0603994 | 87.9983 | 0 | 494
PACZ | kNN_10 | 63 | 10 | 123634859037 | 0.0553131 | 87.9983 | 0 | 467
PACZ | kNN_10 | 64 | 10 | 100338723570 | 0.0480016 | 87.9983 | 0 | 427
PACZ | kNN_10 | 65 | 10 | 101023627947 | 0.0636578 | 87.9983 | 0 | 500
PACZ | kNN_10 | 66 | 10 | 111918139335 | 0.0619888 | 87.9983 | 0 | 457
PACZ | kNN_10 | 67 | 10 | 107650556334 | 0.0493526 | 87.9983 | 0 | 378
PACZ | kNN_10 | 68 | 10 | 129983640939 | 0.0616709 | 87.9983 | 0 | 532
PACZ | kNN_10 | 69 | 10 | 140822905644 | 0.0280539 | 87.9983 | 0 | 216
PACZ | kNN_10 | 70 | 10 | 90034996392 | 0.0356833 | 87.9983 | 0 | 308
PACZ | kNN_10 | 71 | 10 | 126446847630 | 0.0540415 | 87.9983 | 0 | 470
PACZ | kNN_10 | 72 | 10 | 146157632055 | 0.0360012 | 87.9983 | 0 | 337
PACZ | kNN_10 | 73 | 10 | 124345902576 | 0.0336965 | 87.9983 | 0 | 332
PACZ | kNN_10 | 74 | 10 | 90109099017 | 0.042359 | 87.9983 | 0 | 360
PACZ | kNN_10 | 75 | 10 | 99964343967 | 0.0459353 | 87.9983 | 0 | 350
PACZ | kNN_10 | 76 | 10 | 119287354536 | 0.0370344 | 87.9983 | 0 | 276
PACZ | kNN_10 | 77 | 10 | 45810224478 | 0.0267029 | 87.9983 | 0 | 218
PACZ | kNN_10 | 78 | 10 | 122273240529 | 0.0390212 | 87.9983 | 0 | 351
PACZ | kNN_10 | 79 | 10 | 139936460202 | 0.0546773 | 87.9983 | 0 | 426
PACZ | kNN_10 | 80 | 10 | 155792786568 | 0.0456174 | 87.9983 | 0 | 422
PACZ | kNN_10 | 81 | 10 | 127036278378 | 0.055631 | 87.9983 | 0 | 489
PACZ | kNN_10 | 82 | 10 | 118555882203 | 0.0566641 | 87.9983 | 0 | 456
PACZ | kNN_10 | 83 | 10 | 126943951848 | 0.0560284 | 87.9983 | 0 | 490
PACZ | kNN_10 | 84 | 10 | 120451166922 | 0.0212987 | 87.9983 | 0 | 202
PACZ | kNN_10 | 85 | 10 | 138452707221 | 0.0197093 | 87.9983 | 0 | 143
PACZ | kNN_10 | 86 | 10 | 125858903865 | 0.0506242 | 87.9983 | 0 | 487
PACZ | kNN_10 | 87 | 10 | 125463177600 | 0.0383059 | 87.9983 | 0 | 349
PACZ | kNN_10 | 88 | 10 | 111916754805 | 0.0606378 | 87.9983 | 0 | 456
PACZ | kNN_10 | 89 | 10 | 119297175630 | 0.0283718 | 87.9983 | 0 | 250
PACZ | kNN_10 | 90 | 10 | 130169580414 | 0.0480016 | 87.9983 | 0 | 339
PACZ | kNN_10 | 91 | 10 | 131553513393 | 0.033617 | 87.9983 | 0 | 272
PACZ | kNN_10 | 92 | 10 | 120102117465 | 0.0390212 | 87.9983 | 0 | 336
PACZ | kNN_10 | 93 | 10 | 104134251297 | 0.0393391 | 87.9983 | 0 | 342
PACZ | kNN_10 | 94 | 10 | 109587037908 | 0.00635783 | 87.9983 | 0 | 60
PACZ | kNN_10 | 95 | 10 | 139277130003 | 0.027736 | 87.9983 | 0 | 233
PACZ | kNN_10 | 96 | 10 | 120069780669 | 0.0329812 | 87.9983 | 0 | 280
PACZ | kNN_10 | 97 | 10 | 109296422304 | 0.0196298 | 87.9983 | 0 | 141
PACZ | kNN_10 | 98 | 10 | 125031888888 | 0.0416438 | 87.9983 | 0 | 353
PACZ | kNN_10 | 99 | 10 | 119297495838 | 0.0560284 | 87.9983 | 0 | 353
PACZ | kNN_100 | 0 | 100 | 1296986498640 | 0.379006 | 87.9983 | 0 | 882
PACZ | kNN_100 | 1 | 100 | 1183659932442 | 0.29397 | 87.9983 | 0 | 594
PACZ | kNN_100 | 2 | 100 | 963849521961 | 0.26234 | 87.9983 | 0 | 525
PACZ | kNN_100 | 3 | 100 | 1110788419428 | 0.240723 | 87.9983 | 0 | 699
PACZ | kNN_100 | 4 | 100 | 1196947307433 | 0.137965 | 87.9983 | 0 | 305
PACZ | kNN_100 | 5 | 100 | 1240267730862 | 0.295003 | 87.9983 | 0 | 624
PACZ | kNN_100 | 6 | 100 | 1123212294651 | 0.274022 | 87.9983 | 0 | 788
PACZ | kNN_100 | 7 | 100 | 1015213735008 | 0.276645 | 87.9983 | 0 | 596
PACZ | kNN_100 | 8 | 100 | 1257454104939 | 0.344674 | 87.9983 | 0 | 920
PACZ | kNN_100 | 9 | 100 | 1026709893954 | 0.29095 | 87.9983 | 0 | 776
PACZ | kNN_100 | 10 | 100 | 1217676302550 | 0.252962 | 87.9983 | 0 | 572
PACZ | kNN_100 | 11 | 100 | 1178388851766 | 0.295957 | 87.9983 | 0 | 782
PACZ | kNN_100 | 12 | 100 | 1475145140679 | 0.217676 | 87.9983 | 0 | 575
PACZ | kNN_100 | 13 | 100 | 1229062494231 | 0.358661 | 87.9983 | 0 | 939
PACZ | kNN_100 | 14 | 100 | 1035581763777 | 0.364383 | 87.9983 | 0 | 1058
PACZ | kNN_100 | 15 | 100 | 958158205173 | 0.163714 | 87.9983 | 0 | 417
PACZ | kNN_100 | 16 | 100 | 1388374253730 | 0.20798 | 87.9983 | 0 | 565
PACZ | kNN_100 | 17 | 100 | 1231801159596 | 0.219345 | 87.9983 | 0 | 591
PACZ | kNN_100 | 18 | 100 | 1225566367884 | 0.0803471 | 87.9983 | 0 | 192
PACZ | kNN_100 | 19 | 100 | 1282080734970 | 0.305017 | 87.9983 | 0 | 813
PACZ | kNN_100 | 20 | 100 | 1035693685719 | 0.186364 | 87.9983 | 0 | 505
PACZ | kNN_100 | 21 | 100 | 1301638985451 | 0.205994 | 87.9983 | 0 | 564
PACZ | kNN_100 | 22 | 100 | 1500272826750 | 0.229994 | 87.9983 | 0 | 680
PACZ | kNN_100 | 23 | 100 | 1175442211959 | 0.281016 | 87.9983 | 0 | 819
PACZ | kNN_100 | 24 | 100 | 1180264810350 | 0.175397 | 87.9983 | 0 | 595
PACZ | kNN_100 | 25 | 100 | 646501856796 | 0.23667 | 87.9983 | 0 | 749
PACZ | kNN_100 | 26 | 100 | 1233790955826 | 0.246366 | 87.9983 | 0 | 783
PACZ | kNN_100 | 27 | 100 | 1072357404870 | 0.342051 | 87.9983 | 0 | 1081
PACZ | kNN_100 | 28 | 100 | 1484869323156 | 0.296354 | 87.9983 | 0 | 891
PACZ | kNN_100 | 29 | 100 | 1454748371361 | 0.25034 | 87.9983 | 0 | 735
PACZ | kNN_100 | 30 | 100 | 996805085484 | 0.228961 | 87.9983 | 0 | 637
PACZ | kNN_100 | 31 | 100 | 901010078595 | 0.269969 | 87.9983 | 0 | 779
PACZ | kNN_100 | 32 | 100 | 1243458875343 | 0.231266 | 87.9983 | 0 | 691
PACZ | kNN_100 | 33 | 100 | 1392785010180 | 0.100613 | 87.9983 | 0 | 322
PACZ | kNN_100 | 34 | 100 | 1270442674584 | 0.302633 | 87.9983 | 0 | 981
PACZ | kNN_100 | 35 | 100 | 1237540340325 | 0.296275 | 87.9983 | 0 | 866
PACZ | kNN_100 | 36 | 100 | 1407878256804 | 0.372648 | 87.9983 | 0 | 752
PACZ | kNN_100 | 37 | 100 | 1171551698841 | 0.157992 | 87.9983 | 0 | 536
PACZ | kNN_100 | 38 | 100 | 1382176225632 | 0.222365 | 87.9983 | 0 | 335
PACZ | kNN_100 | 39 | 100 | 959961985050 | 0.201066 | 87.9983 | 0 | 536
PACZ | kNN_100 | 40 | 100 | 1238026619661 | 0.308673 | 87.9983 | 0 | 1055
PACZ | kNN_100 | 41 | 100 | 1282046886825 | 0.239054 | 87.9983 | 0 | 731
PACZ | kNN_100 | 42 | 100 | 1407878285118 | 0.235637 | 87.9983 | 0 | 628
PACZ | kNN_100 | 43 | 100 | 1243556713185 | 0.154018 | 87.9983 | 0 | 434
PACZ | kNN_100 | 44 | 100 | 1300849705815 | 0.392358 | 87.9983 | 0 | 928
PACZ | kNN_100 | 45 | 100 | 1280657839299 | 0.387351 | 87.9983 | 0 | 806
PACZ | kNN_100 | 46 | 100 | 1577939205489 | 0.162601 | 87.9983 | 0 | 448
PACZ | kNN_100 | 47 | 100 | 1316688137301 | 0.233014 | 87.9983 | 0 | 649
PACZ | kNN_100 | 48 | 100 | 1119536683950 | 0.17635 | 87.9983 | 0 | 499
PACZ | kNN_100 | 49 | 100 | 1286627484510 | 0.222286 | 87.9983 | 0 | 736
PACZ | kNN_100 | 50 | 100 | 713805937944 | 0.122945 | 87.9983 | 0 | 298
PACZ | kNN_100 | 51 | 100 | 1586883935406 | 0.198285 | 87.9983 | 0 | 499
PACZ | kNN_100 | 52 | 100 | 1228733717046 | 0.194311 | 87.9983 | 0 | 595
PACZ | kNN_100 | 53 | 100 | 1287789265395 | 0.220696 | 87.9983 | 0 | 782
PACZ | kNN_100 | 54 | 100 | 1331385940905 | 0.188351 | 87.9983 | 0 | 402
PACZ | kNN_100 | 55 | 100 | 1127561619654 | 0.340303 | 87.9983 | 0 | 1024
PACZ | kNN_100 | 56 | 100 | 923448718149 | 0.169357 | 87.9983 | 0 | 572
PACZ | kNN_100 | 57 | 100 | 896622990168 | 0.306288 | 87.9983 | 0 | 993
PACZ | kNN_100 | 58 | 100 | 1233840421173 | 0.187635 | 87.9983 | 0 | 547
PACZ | kNN_100 | 59 | 100 | 1454204808867 | 0.15529 | 87.9983 | 0 | 549
PACZ | kNN_100 | 60 | 100 | 993007586262 | 0.209967 | 87.9983 | 0 | 568
PACZ | kNN_100 | 61 | 100 | 1238434923597 | 0.248671 | 87.9983 | 0 | 619
PACZ | kNN_100 | 62 | 100 | 1226458823904 | 0.317971 | 87.9983 | 0 | 923
PACZ | kNN_100 | 63 | 100 | 1201290251646 | 0.333389 | 87.9983 | 0 | 987
PACZ | kNN_100 | 64 | 100 | 1373989212684 | 0.252326 | 87.9983 | 0 | 752
PACZ | kNN_100 | 65 | 100 | 1060838841468 | 0.333309 | 87.9983 | 0 | 985
PACZ | kNN_100 | 66 | 100 | 1119182643414 | 0.266949 | 87.9983 | 0 | 746
PACZ | kNN_100 | 67 | 100 | 1273624724865 | 0.216007 | 87.9983 | 0 | 645
PACZ | kNN_100 | 68 | 100 | 1137762013224 | 0.30303 | 87.9983 | 0 | 923
PACZ | kNN_100 | 69 | 100 | 1390701320445 | 0.135978 | 87.9983 | 0 | 368
PACZ | kNN_100 | 70 | 100 | 900336636117 | 0.170946 | 87.9983 | 0 | 561
PACZ | kNN_100 | 71 | 100 | 1169458256409 | 0.280619 | 87.9983 | 0 | 869
PACZ | kNN_100 | 72 | 100 | 1461576342819 | 0.174681 | 87.9983 | 0 | 612
PACZ | kNN_100 | 73 | 100 | 1243459065327 | 0.213703 | 87.9983 | 0 | 744
PACZ | kNN_100 | 74 | 100 | 901090427805 | 0.23667 | 87.9983 | 0 | 672
PACZ | kNN_100 | 75 | 100 | 927691408944 | 0.216007 | 87.9983 | 0 | 636
PACZ | kNN_100 | 76 | 100 | 1192875899157 | 0.176668 | 87.9983 | 0 | 439
PACZ | kNN_100 | 77 | 100 | 943296449481 | 0.135342 | 87.9983 | 0 | 325
PACZ | kNN_100 | 78 | 100 | 1190100635862 | 0.258048 | 87.9983 | 0 | 650
PACZ | kNN_100 | 79 | 100 | 1399448396334 | 0.259002 | 87.9983 | 0 | 702
PACZ | kNN_100 | 80 | 100 | 1523324328237 | 0.231981 | 87.9983 | 0 | 763
PACZ | kNN_100 | 81 | 100 | 1270362805317 | 0.254711 | 87.9983 | 0 | 920
PACZ | kNN_100 | 82 | 100 | 1188267025593 | 0.291983 | 87.9983 | 0 | 856
PACZ | kNN_100 | 83 | 100 | 1269439508583 | 0.327984 | 87.9983 | 0 | 963
PACZ | kNN_100 | 84 | 100 | 1204511698971 | 0.0993411 | 87.9983 | 0 | 283
PACZ | kNN_100 | 85 | 100 | 1378914250650 | 0.0816981 | 87.9983 | 0 | 226
PACZ | kNN_100 | 86 | 100 | 1255640825910 | 0.331004 | 87.9983 | 0 | 961
PACZ | kNN_100 | 87 | 100 | 1254626622261 | 0.189304 | 87.9983 | 0 | 600
PACZ | kNN_100 | 88 | 100 | 1101178623567 | 0.366926 | 87.9983 | 0 | 809
PACZ | kNN_100 | 89 | 100 | 1193002796049 | 0.212034 | 87.9983 | 0 | 579
PACZ | kNN_100 | 90 | 100 | 1301694447792 | 0.245969 | 87.9983 | 0 | 647
PACZ | kNN_100 | 91 | 100 | 1315535136354 | 0.201305 | 87.9983 | 0 | 494
PACZ | kNN_100 | 92 | 100 | 1201021160337 | 0.214974 | 87.9983 | 0 | 625
PACZ | kNN_100 | 93 | 100 | 1042801635558 | 0.287056 | 87.9983 | 0 | 632
PACZ | kNN_100 | 94 | 100 | 937501356486 | 0.0203451 | 87.9983 | 0 | 82
PACZ | kNN_100 | 95 | 100 | 1392771354864 | 0.191689 | 87.9983 | 0 | 455
PACZ | kNN_100 | 96 | 100 | 1200697809879 | 0.198682 | 87.9983 | 0 | 434
PACZ | kNN_100 | 97 | 100 | 1216061559387 | 0.077645 | 87.9983 | 0 | 218
PACZ | kNN_100 | 98 | 100 | 799485728163 | 0.196298 | 87.9983 | 0 | 644
PACZ | kNN_100 | 99 | 100 | 1192975208412 | 0.211716 | 87.9983 | 0 | 595
