Algo | QType | QID | Count | Hash | Time_ms | Mem_Tree_MB | Mem_Delta_MB | Nodes
PACZ | Range_Small | 0 | 421 | 3324164663484 | 0.0139872 | 131.986 | 0 | 265
PACZ | Range_Small | 1 | 750 | 10493774991144 | 0.0133514 | 131.986 | 0 | 287
PACZ | Range_Small | 2 | 665 | 7898144655273 | 0.0120004 | 131.986 | 0 | 259
PACZ | Range_Small | 3 | 254 | 3852676846581 | 0.00596046 | 131.986 | 0 | 161
PACZ | Range_Small | 4 | 2799 | 34785483439635 | 0.044028 | 131.986 | 0 | 447
PACZ | Range_Small | 5 | 263 | 3734219040009 | 0.00905991 | 131.986 | 0 | 201
PACZ | Range_Small | 6 | 2561 | 28176710432769 | 0.0476837 | 131.986 | 0 | 487
PACZ | Range_Small | 7 | 525 | 6627865442709 | 0.0106494 | 131.986 | 0 | 245
PACZ | Range_Small | 8 | 143 | 2079513271836 | 0.00667572 | 131.986 | 0 | 197
PACZ | Range_Small | 9 | 2574 | 33594302551278 | 0.0363191 | 131.986 | 0 | 461
PACZ | Range_Small | 10 | 2422 | 29888764550559 | 0.0313123 | 131.986 | 0 | 413
PACZ | Range_Small | 11 | 209 | 2920200317412 | 0.00866254 | 131.986 | 0 | 245
PACZ | Range_Small | 12 | 3240 | 40446079249686 | 0.0559489 | 131.986 | 0 | 603
PACZ | Range_Small | 13 | 1311 | 15778583025636 | 0.0212987 | 131.986 | 0 | 335
PACZ | Range_Small | 14 | 3391 | 42129264908079 | 0.0420411 | 131.986 | 0 | 589
PACZ | Range_Small | 15 | 1097 | 13085946341433 | 0.0150204 | 131.986 | 0 | 317
PACZ | Range_Small | 16 | 192 | 2500552102578 | 0.0113646 | 131.986 | 0 | 167
PACZ | Range_Small | 17 | 3342 | 41167763737014 | 0.0623067 | 131.986 | 0 | 683
PACZ | Range_Small | 18 | 2346 | 27894287572416 | 0.0253518 | 131.986 | 0 | 429
PACZ | Range_Small | 19 | 1427 | 16979297386626 | 0.0229677 | 131.986 | 0 | 325
PACZ | Range_Small | 20 | 205 | 895073933046 | 0.00993411 | 131.986 | 0 | 147
PACZ | Range_Small | 21 | 1308 | 16043696066196 | 0.0216166 | 131.986 | 0 | 403
PACZ | Range_Small | 22 | 309 | 4404439024155 | 0.0093778 | 131.986 | 0 | 193
PACZ | Range_Small | 23 | 101 | 1276363024476 | 0.0046889 | 131.986 | 0 | 137
PACZ | Range_Small | 24 | 2352 | 29247041677434 | 0.0390212 | 131.986 | 0 | 453
PACZ | Range_Small | 25 | 18537 | 220462936989255 | 0.223398 | 131.986 | 0 | 2167
PACZ | Range_Small | 26 | 27 | 162452217099 | 0.0100136 | 131.986 | 0 | 165
PACZ | Range_Small | 27 | 1718 | 21210751247196 | 0.0223319 | 131.986 | 0 | 343
PACZ | Range_Small | 28 | 9244 | 112639257148743 | 0.138998 | 131.986 | 0 | 1331
PACZ | Range_Small | 29 | 67 | 644094328926 | 0.00405312 | 131.986 | 0 | 159
PACZ | Range_Small | 30 | 1916 | 23608010970192 | 0.0276566 | 131.986 | 0 | 407
PACZ | Range_Small | 31 | 1191 | 12419658582927 | 0.0197093 | 131.986 | 0 | 341
PACZ | Range_Small | 32 | 1517 | 18997449164013 | 0.0340144 | 131.986 | 0 | 415
PACZ | Range_Small | 33 | 687 | 6123402522633 | 0.0297228 | 131.986 | 0 | 315
PACZ | Range_Small | 34 | 347 | 4374191044005 | 0.0103315 | 131.986 | 0 | 251
PACZ | Range_Small | 35 | 63 | 794582798352 | 0.00667572 | 131.986 | 0 | 181
PACZ | Range_Small | 36 | 2769 | 26019842210649 | 0.0363191 | 131.986 | 0 | 471
PACZ | Range_Small | 37 | 2789 | 34294501280367 | 0.0443459 | 131.986 | 0 | 587
PACZ | Range_Small | 38 | 622 | 7450762867269 | 0.0100136 | 131.986 | 0 | 219
PACZ | Range_Small | 39 | 2150 | 25579208756493 | 0.0266234 | 131.986 | 0 | 395
PACZ | Range_Small | 40 | 723 | 11429603613453 | 0.0190735 | 131.986 | 0 | 283
PACZ | Range_Small | 41 | 449 | 6213667916604 | 0.0206629 | 131.986 | 0 | 247
PACZ | Range_Small | 42 | 399 | 4591390031298 | 0.0116825 | 131.986 | 0 | 267
PACZ | Range_Small | 43 | 48 | 374857532868 | 0.00532468 | 131.986 | 0 | 155
PACZ | Range_Small | 44 | 1132 | 13547896511643 | 0.0249545 | 131.986 | 0 | 371
PACZ | Range_Small | 45 | 1842 | 26570198355345 | 0.0316302 | 131.986 | 0 | 399
PACZ | Range_Small | 46 | 8525 | 105166846243248 | 0.121355 | 131.986 | 0 | 1201
PACZ | Range_Small | 47 | 227 | 2410553986248 | 0.00834465 | 131.986 | 0 | 223
PACZ | Range_Small | 48 | 11813 | 144867427203666 | 0.124375 | 131.986 | 0 | 1565
PACZ | Range_Small | 49 | 213 | 2066734937376 | 0.00929832 | 131.986 | 0 | 233
PACZ | Range_Small | 50 | 711 | 8533034890533 | 0.017643 | 131.986 | 0 | 275
PACZ | Range_Small | 51 | 204 | 2134975622028 | 0.0106494 | 131.986 | 0 | 185
PACZ | Range_Small | 52 | 476 | 5567075616393 | 0.00905991 | 131.986 | 0 | 223
PACZ | Range_Small | 53 | 454 | 5987844639087 | 0.0139872 | 131.986 | 0 | 231
PACZ | Range_Small | 54 | 468 | 5637300732591 | 0.00961622 | 131.986 | 0 | 255
PACZ | Range_Small | 55 | 15 | 89284052082 | 0.00405312 | 131.986 | 0 | 165
PACZ | Range_Small | 56 | 379 | 4519654210935 | 0.0073115 | 131.986 | 0 | 211
PACZ | Range_Small | 57 | 593 | 8297724080247 | 0.0143051 | 131.986 | 0 | 255
PACZ | Range_Small | 58 | 153 | 1847777965917 | 0.00667572 | 131.986 | 0 | 153
PACZ | Range_Small | 59 | 1078 | 13391881741086 | 0.0147025 | 131.986 | 0 | 297
PACZ | Range_Small | 60 | 21 | 284835049944 | 0.00365575 | 131.986 | 0 | 137
PACZ | Range_Small | 61 | 3877 | 47140482999120 | 0.0506242 | 131.986 | 0 | 617
PACZ | Range_Small | 62 | 9 | 48874830414 | 0.00373522 | 131.986 | 0 | 141
PACZ | Range_Small | 63 | 126 | 1094185365012 | 0.00667572 | 131.986 | 0 | 179
PACZ | Range_Small | 64 | 798 | 9405510245076 | 0.0193119 | 131.986 | 0 | 303
PACZ | Range_Small | 65 | 318 | 4371666028401 | 0.00739098 | 131.986 | 0 | 187
PACZ | Range_Small | 66 | 1159 | 14618910721980 | 0.0293255 | 131.986 | 0 | 309
PACZ | Range_Small | 67 | 349 | 4223664509325 | 0.00866254 | 131.986 | 0 | 205
PACZ | Range_Small | 68 | 319 | 3854632330206 | 0.0136693 | 131.986 | 0 | 229
PACZ | Range_Small | 69 | 2293 | 28297182172467 | 0.0290076 | 131.986 | 0 | 497
PACZ | Range_Small | 70 | 1905 | 22823951649015 | 0.0263055 | 131.986 | 0 | 385
PACZ | Range_Small | 71 | 2449 | 26683159886547 | 0.0360012 | 131.986 | 0 | 459
PACZ | Range_Small | 72 | 497 | 6530522179095 | 0.013272 | 131.986 | 0 | 315
PACZ | Range_Small | 73 | 460 | 6869960149032 | 0.015974 | 131.986 | 0 | 289
PACZ | Range_Small | 74 | 619 | 8355110434407 | 0.0180403 | 131.986 | 0 | 301
PACZ | Range_Small | 75 | 37 | 380033552718 | 0.00333786 | 131.986 | 0 | 133
PACZ | Range_Small | 76 | 60 | 712752392409 | 0.00564257 | 131.986 | 0 | 169
PACZ | Range_Small | 77 | 4627 | 57900827275158 | 0.0513395 | 131.986 | 0 | 629
PACZ | Range_Small | 78 | 15306 | 178637922792171 | 0.177304 | 131.986 | 0 | 1867
PACZ | Range_Small | 79 | 67 | 298906911270 | 0.00898043 | 131.986 | 0 | 145
PACZ | Range_Small | 80 | 11160 | 136526938697295 | 0.141064 | 131.986 | 0 | 1407
PACZ | Range_Small | 81 | 194 | 1532430422334 | 0.00762939 | 131.986 | 0 | 201
PACZ | Range_Small | 82 | 252 | 3176665451466 | 0.0123183 | 131.986 | 0 | 225
PACZ | Range_Small | 83 | 1784 | 18442615474362 | 0.0360012 | 131.986 | 0 | 443
PACZ | Range_Small | 84 | 1176 | 13414201865202 | 0.0166893 | 131.986 | 0 | 291
PACZ | Range_Small | 85 | 341 | 4189595161647 | 0.015974 | 131.986 | 0 | 255
PACZ | Range_Small | 86 | 1995 | 24814173977214 | 0.0390212 | 131.986 | 0 | 447
PACZ | Range_Small | 87 | 745 | 8922484647237 | 0.0106494 | 131.986 | 0 | 245
PACZ | Range_Small | 88 | 2195 | 26705629124550 | 0.0302792 | 131.986 | 0 | 433
PACZ | Range_Small | 89 | 61 | 852563736054 | 0.00500679 | 131.986 | 0 | 153
PACZ | Range_Small | 90 | 218 | 2316967474284 | 0.00802676 | 131.986 | 0 | 211
PACZ | Range_Small | 91 | 172 | 1794003506445 | 0.00667572 | 131.986 | 0 | 191
PACZ | Range_Small | 92 | 64 | 763501956402 | 0.0046889 | 131.986 | 0 | 157
PACZ | Range_Small | 93 | 242 | 1709012968920 | 0.00699361 | 131.986 | 0 | 175
PACZ | Range_Small | 94 | 12943 | 158695866661803 | 0.137329 | 131.986 | 0 | 1597
PACZ | Range_Small | 95 | 108 | 1364810574363 | 0.00492732 | 131.986 | 0 | 151
PACZ | Range_Small | 96 | 867 | 10123774354866 | 0.0166893 | 131.986 | 0 | 285
PACZ | Range_Small | 97 | 84 | 1216228495149 | 0.0156562 | 131.986 | 0 | 199
PACZ | Range_Small | 98 | 1709 | 19546459972683 | 0.0336965 | 131.986 | 0 | 417
PACZ | Range_Small | 99 | 1199 | 14000921687751 | 0.018994 | 131.986 | 0 | 321
PACZ | Range_Medium | 0 | 43227 | 465118712112153 | 0.57896 | 131.986 | 0 | 4367
PACZ | Range_Medium | 1 | 12769 | 166119599894115 | 0.127713 | 131.986 | 0 | 1493
PACZ | Range_Medium | 2 | 45457 | 476402936826096 | 0.440041 | 131.986 | 0 | 4449
PACZ | Range_Medium | 3 | 38599 | 480286021706526 | 0.42669 | 131.986 | 0 | 3957
PACZ | Range_Medium | 4 | 84329 | 992478392817273 | 1.09069 | 131.986 | 0 | 8091
PACZ | Range_Medium | 5 | 71620 | 844764071305926 | 0.79298 | 131.986 | 0 | 6903
PACZ | Range_Medium | 6 | 60864 | 644978750983413 | 0.703017 | 131.986 | 0 | 5835
PACZ | Range_Medium | 7 | 45202 | 539302232629080 | 0.417709 | 131.986 | 0 | 4179
PACZ | Range_Medium | 8 | 50726 | 533016393093336 | 0.487645 | 131.986 | 0 | 4861
PACZ | Range_Medium | 9 | 5856 | 66787169730156 | 0.0669956 | 131.986 | 0 | 841
PACZ | Range_Medium | 10 | 29351 | 394297525151943 | 0.305335 | 131.986 | 0 | 3023
PACZ | Range_Medium | 11 | 24398 | 264224830631634 | 0.247717 | 131.986 | 0 | 2531
PACZ | Range_Medium | 12 | 95011 | 1115530811073936 | 1.12065 | 131.986 | 0 | 8933
PACZ | Range_Medium | 13 | 84021 | 991439341445472 | 0.9377 | 131.986 | 0 | 8113
PACZ | Range_Medium | 14 | 12213 | 160725456816864 | 0.121355 | 131.986 | 0 | 1265
PACZ | Range_Medium | 15 | 13792 | 164171471246151 | 0.138998 | 131.986 | 0 | 1423
PACZ | Range_Medium | 16 | 3673 | 29524473819975 | 0.0429948 | 131.986 | 0 | 521
PACZ | Range_Medium | 17 | 21857 | 253884164032398 | 0.240326 | 131.986 | 0 | 2471
PACZ | Range_Medium | 18 | 44737 | 534202332126255 | 0.453949 | 131.986 | 0 | 4103
PACZ | Range_Medium | 19 | 8792 | 99187674250296 | 0.0936985 | 131.986 | 0 | 975
PACZ | Range_Medium | 20 | 14384 | 185697836907690 | 0.157674 | 131.986 | 0 | 1601
PACZ | Range_Medium | 21 | 43299 | 516310258722072 | 0.410954 | 131.986 | 0 | 4027
PACZ | Range_Medium | 22 | 53664 | 626007864393438 | 0.527382 | 131.986 | 0 | 5055
PACZ | Range_Medium | 23 | 39396 | 428653126761309 | 0.387669 | 131.986 | 0 | 3881
PACZ | Range_Medium | 24 | 20309 | 241598810280618 | 0.228326 | 131.986 | 0 | 2219
PACZ | Range_Medium | 25 | 27412 | 283761394255194 | 0.286976 | 131.986 | 0 | 2767
PACZ | Range_Medium | 26 | 40977 | 501774897493278 | 0.491381 | 131.986 | 0 | 4179
PACZ | Range_Medium | 27 | 4815 | 62026625136981 | 0.0580152 | 131.986 | 0 | 643
PACZ | Range_Medium | 28 | 3043 | 38705326023705 | 0.0353654 | 131.986 | 0 | 455
PACZ | Range_Medium | 29 | 88157 | 1040745692304879 | 1.08298 | 131.986 | 0 | 8225
PACZ | Range_Medium | 30 | 8323 | 92917148542215 | 0.0920296 | 131.986 | 0 | 1027
PACZ | Range_Medium | 31 | 38924 | 530661096621570 | 0.416358 | 131.986 | 0 | 3807
PACZ | Range_Medium | 32 | 1804 | 16476503857971 | 0.0332991 | 131.986 | 0 | 453
PACZ | Range_Medium | 33 | 13619 | 162353568803394 | 0.152032 | 131.986 | 0 | 1415
PACZ | Range_Medium | 34 | 37492 | 505103216764509 | 0.419617 | 131.986 | 0 | 3717
PACZ | Range_Medium | 35 | 30844 | 330751641065655 | 0.349998 | 131.986 | 0 | 3115
PACZ | Range_Medium | 36 | 45093 | 538113957306561 | 0.496387 | 131.986 | 0 | 4163
PACZ | Range_Medium | 37 | 27066 | 326644117747176 | 0.319958 | 131.986 | 0 | 2881
PACZ | Range_Medium | 38 | 39716 | 425320570173786 | 0.477314 | 131.986 | 0 | 4031
PACZ | Range_Medium | 39 | 87831 | 1037578697017518 | 1.15466 | 131.986 | 0 | 8369
PACZ | Range_Medium | 40 | 65616 | 778391179574031 | 0.821352 | 131.986 | 0 | 6447
PACZ | Range_Medium | 41 | 15964 | 193076576030442 | 0.187635 | 131.986 | 0 | 1869
PACZ | Range_Medium | 42 | 6816 | 75334482729660 | 0.0949701 | 131.986 | 0 | 951
PACZ | Range_Medium | 43 | 86347 | 1018550390070693 | 1.14369 | 131.986 | 0 | 8193
PACZ | Range_Medium | 44 | 56753 | 610884434154405 | 0.668367 | 131.986 | 0 | 5453
PACZ | Range_Medium | 45 | 23262 | 263435221593726 | 0.248988 | 131.986 | 0 | 2581
PACZ | Range_Medium | 46 | 1948 | 18278413177764 | 0.0363986 | 131.986 | 0 | 453
PACZ | Range_Medium | 47 | 19872 | 218092262090484 | 0.231981 | 131.986 | 0 | 2173
PACZ | Range_Medium | 48 | 19347 | 218013052877178 | 0.221014 | 131.986 | 0 | 2075
PACZ | Range_Medium | 49 | 86625 | 1022724653501481 | 1.10563 | 131.986 | 0 | 8239
PACZ | Range_Medium | 50 | 87215 | 1037195547035442 | 1.02933 | 131.986 | 0 | 8217
PACZ | Range_Medium | 51 | 36367 | 500335907902863 | 0.442664 | 131.986 | 0 | 3739
PACZ | Range_Medium | 52 | 52462 | 557925719202180 | 0.589689 | 131.986 | 0 | 4885
PACZ | Range_Medium | 53 | 74200 | 878812422235284 | 0.937939 | 131.986 | 0 | 7229
PACZ | Range_Medium | 54 | 50023 | 535907720733225 | 0.58794 | 131.986 | 0 | 4909
PACZ | Range_Medium | 55 | 48655 | 574879151420649 | 0.582616 | 131.986 | 0 | 4803
PACZ | Range_Medium | 56 | 16212 | 187510068880386 | 0.176032 | 131.986 | 0 | 1833
PACZ | Range_Medium | 57 | 33209 | 403791472286073 | 0.388622 | 131.986 | 0 | 3439
PACZ | Range_Medium | 58 | 77771 | 918636225687183 | 0.969648 | 131.986 | 0 | 7377
PACZ | Range_Medium | 59 | 75930 | 899201308023159 | 0.87738 | 131.986 | 0 | 7305
PACZ | Range_Medium | 60 | 28877 | 350721800031078 | 0.322024 | 131.986 | 0 | 3027
PACZ | Range_Medium | 61 | 8656 | 105425812801479 | 0.104984 | 131.986 | 0 | 1109
PACZ | Range_Medium | 62 | 33531 | 411990120454944 | 0.363668 | 131.986 | 0 | 3733
PACZ | Range_Medium | 63 | 23756 | 319654129819083 | 0.276645 | 131.986 | 0 | 2671
PACZ | Range_Medium | 64 | 3408 | 36977713749108 | 0.0480016 | 131.986 | 0 | 551
PACZ | Range_Medium | 65 | 5024 | 64194552382695 | 0.060002 | 131.986 | 0 | 653
PACZ | Range_Medium | 66 | 33157 | 398862139395687 | 0.350952 | 131.986 | 0 | 3405
PACZ | Range_Medium | 67 | 80689 | 951150916122849 | 1.01837 | 131.986 | 0 | 7723
PACZ | Range_Medium | 68 | 14453 | 160320791037534 | 0.164668 | 131.986 | 0 | 1563
PACZ | Range_Medium | 69 | 12330 | 146583852126390 | 0.156323 | 131.986 | 0 | 1587
PACZ | Range_Medium | 70 | 4816 | 61018845424191 | 0.0576973 | 131.986 | 0 | 619
PACZ | Range_Medium | 71 | 87697 | 1036566349371693 | 1.06168 | 131.986 | 0 | 8237
PACZ | Range_Medium | 72 | 26612 | 360229635260013 | 0.293016 | 131.986 | 0 | 2831
PACZ | Range_Medium | 73 | 3521 | 27900632010594 | 0.044028 | 131.986 | 0 | 501
PACZ | Range_Medium | 74 | 85033 | 1002543875714265 | 1.03601 | 131.986 | 0 | 8059
PACZ | Range_Medium | 75 | 63672 | 747928109457915 | 0.788609 | 131.986 | 0 | 6227
PACZ | Range_Medium | 76 | 5518 | 61847971533744 | 0.0649293 | 131.986 | 0 | 675
PACZ | Range_Medium | 77 | 67693 | 803507679745260 | 0.805616 | 131.986 | 0 | 6723
PACZ | Range_Medium | 78 | 11687 | 150430664503419 | 0.140667 | 131.986 | 0 | 1491
PACZ | Range_Medium | 79 | 17412 | 203903838725796 | 0.20806 | 131.986 | 0 | 1983
PACZ | Range_Medium | 80 | 23810 | 262717297864521 | 0.288328 | 131.986 | 0 | 2581
PACZ | Range_Medium | 81 | 32553 | 359268256043535 | 0.33474 | 131.986 | 0 | 3297
PACZ | Range_Medium | 82 | 32578 | 396192413468967 | 0.382264 | 131.986 | 0 | 3411
PACZ | Range_Medium | 83 | 38121 | 458185291803456 | 0.391324 | 131.986 | 0 | 3903
PACZ | Range_Medium | 84 | 59303 | 644528761441188 | 0.694354 | 131.986 | 0 | 5629
PACZ | Range_Medium | 85 | 6788 | 82628492024562 | 0.0867049 | 131.986 | 0 | 919
PACZ | Range_Medium | 86 | 9244 | 109226399014926 | 0.111341 | 131.986 | 0 | 1149
PACZ | Range_Medium | 87 | 19201 | 258918853260582 | 0.231028 | 131.986 | 0 | 2199
PACZ | Range_Medium | 88 | 9552 | 105007181659593 | 0.114044 | 131.986 | 0 | 1153
PACZ | Range_Medium | 89 | 49968 | 523692952269336 | 0.591675 | 131.986 | 0 | 4681
PACZ | Range_Medium | 90 | 44865 | 470789706630843 | 0.51101 | 131.986 | 0 | 4383
PACZ | Range_Medium | 91 | 30274 | 396235111907667 | 0.347376 | 131.986 | 0 | 3165
PACZ | Range_Medium | 92 | 19126 | 223373165527443 | 0.226339 | 131.986 | 0 | 2079
PACZ | Range_Medium | 93 | 39762 | 417861217443897 | 0.43869 | 131.986 | 0 | 3925
PACZ | Range_Medium | 94 | 74915 | 901315159922274 | 0.985305 | 131.986 | 0 | 7329
PACZ | Range_Medium | 95 | 17316 | 227493001377858 | 0.205994 | 131.986 | 0 | 2061
PACZ | Range_Medium | 96 | 32738 | 352559474791659 | 0.36033 | 131.986 | 0 | 3275
PACZ | Range_Medium | 97 | 5536 | 52155319444269 | 0.0726382 | 131.986 | 0 | 743
PACZ | Range_Medium | 98 | 15076 | 180732455173971 | 0.169992 | 131.986 | 0 | 1773
PACZ | Range_Medium | 99 | 3197 | 42116972312553 | 0.0472864 | 131.986 | 0 | 585
PACZ | Range_Large | 0 | 357615 | 4185306349808859 | 4.52964 | 131.986 | 0 | 31293
PACZ | Range_Large | 1 | 519935 | 6139135072356576 | 6.71935 | 131.986 | 0 | 46175
PACZ | Range_Large | 2 | 362158 | 4234981352618535 | 4.59472 | 131.986 | 0 | 31683
PACZ | Range_Large | 3 | 581919 | 6802449326126613 | 7.47697 | 131.986 | 0 | 51281
PACZ | Range_Large | 4 | 392483 | 4564625760025356 | 5.02896 | 131.986 | 0 | 34441
PACZ | Range_Large | 5 | 353359 | 4056564951040824 | 4.58233 | 131.986 | 0 | 31931
PACZ | Range_Large | 6 | 420947 | 5016988559353380 | 5.46066 | 131.986 | 0 | 37509
PACZ | Range_Large | 7 | 394073 | 4691225617306125 | 5.12401 | 131.986 | 0 | 35055
PACZ | Range_Large | 8 | 400023 | 4761512558258625 | 5.23035 | 131.986 | 0 | 35637
PACZ | Range_Large | 9 | 580945 | 6827913004327941 | 7.57567 | 131.986 | 0 | 51215
PACZ | Range_Large | 10 | 567630 | 6680639449489653 | 7.38597 | 131.986 | 0 | 50039
PACZ | Range_Large | 11 | 390425 | 4663118477257701 | 5.10104 | 131.986 | 0 | 34845
PACZ | Range_Large | 12 | 430827 | 5131967252222337 | 5.65537 | 131.986 | 0 | 38491
PACZ | Range_Large | 13 | 419813 | 5001705062995212 | 5.56668 | 131.986 | 0 | 37449
PACZ | Range_Large | 14 | 280046 | 3194218429286808 | 3.55434 | 131.986 | 0 | 24197
PACZ | Range_Large | 15 | 419490 | 4996455832020780 | 5.48371 | 131.986 | 0 | 37385
PACZ | Range_Large | 16 | 421589 | 5018665006235394 | 5.52734 | 131.986 | 0 | 37575
PACZ | Range_Large | 17 | 597655 | 7031491178437077 | 7.76331 | 131.986 | 0 | 52627
PACZ | Range_Large | 18 | 577113 | 6808495037880078 | 7.49993 | 131.986 | 0 | 50943
PACZ | Range_Large | 19 | 432742 | 5159857641347259 | 5.65434 | 131.986 | 0 | 38659
PACZ | Range_Large | 20 | 439538 | 5241466107267294 | 5.73897 | 131.986 | 0 | 39551
PACZ | Range_Large | 21 | 475826 | 5653697428596114 | 6.25865 | 131.986 | 0 | 42123
PACZ | Range_Large | 22 | 364101 | 4251671957997672 | 4.73094 | 131.986 | 0 | 31919
PACZ | Range_Large | 23 | 389849 | 4539971013712425 | 5.00965 | 131.986 | 0 | 34009
PACZ | Range_Large | 24 | 365339 | 4244532976775676 | 4.80469 | 131.986 | 0 | 32041
PACZ | Range_Large | 25 | 364257 | 4241078339595198 | 4.72164 | 131.986 | 0 | 31935
PACZ | Range_Large | 26 | 573983 | 6699970934521293 | 7.48229 | 131.986 | 0 | 50545
PACZ | Range_Large | 27 | 400544 | 4767735575162793 | 5.27199 | 131.986 | 0 | 35725
PACZ | Range_Large | 28 | 383948 | 4575776227149654 | 4.99701 | 131.986 | 0 | 34209
PACZ | Range_Large | 29 | 371362 | 4318156152028038 | 4.80636 | 131.986 | 0 | 32581
PACZ | Range_Large | 30 | 415641 | 4951057707877344 | 5.50501 | 131.986 | 0 | 36915
PACZ | Range_Large | 31 | 297180 | 3381926372105709 | 3.94734 | 131.986 | 0 | 26799
PACZ | Range_Large | 32 | 468529 | 5575396090297644 | 6.16336 | 131.986 | 0 | 41677
PACZ | Range_Large | 33 | 309696 | 3557982884257851 | 4.02832 | 131.986 | 0 | 27895
PACZ | Range_Large | 34 | 571626 | 6676424850982482 | 7.46735 | 131.986 | 0 | 50449
PACZ | Range_Large | 35 | 285010 | 3251572980173451 | 3.56468 | 131.986 | 0 | 24749
PACZ | Range_Large | 36 | 365953 | 4368141112420578 | 4.80127 | 131.986 | 0 | 32683
PACZ | Range_Large | 37 | 614657 | 7191551627895552 | 8.07762 | 131.986 | 0 | 53967
PACZ | Range_Large | 38 | 566193 | 6679650149380431 | 7.47561 | 131.986 | 0 | 50227
PACZ | Range_Large | 39 | 471882 | 5617359034942446 | 6.15533 | 131.986 | 0 | 41795
PACZ | Range_Large | 40 | 291805 | 3344117991011202 | 3.59933 | 131.986 | 0 | 25381
PACZ | Range_Large | 41 | 294404 | 3376532503172682 | 3.85666 | 131.986 | 0 | 26779
PACZ | Range_Large | 42 | 378302 | 4409922279057312 | 4.88973 | 131.986 | 0 | 33129
PACZ | Range_Large | 43 | 386585 | 4601572716231942 | 4.95362 | 131.986 | 0 | 34421
PACZ | Range_Large | 44 | 372634 | 4439008551952089 | 4.93034 | 131.986 | 0 | 33239
PACZ | Range_Large | 45 | 384535 | 4469504703674949 | 4.95028 | 131.986 | 0 | 33595
PACZ | Range_Large | 46 | 226754 | 2605824103005426 | 3.04198 | 131.986 | 0 | 20617
PACZ | Range_Large | 47 | 376842 | 4391556234228039 | 4.85333 | 131.986 | 0 | 33055
PACZ | Range_Large | 48 | 377139 | 4394192829913437 | 4.85937 | 131.986 | 0 | 33075
PACZ | Range_Large | 49 | 367041 | 4288588188865347 | 4.79635 | 131.986 | 0 | 32221
PACZ | Range_Large | 50 | 595313 | 7007382223618203 | 7.70934 | 131.986 | 0 | 52451
PACZ | Range_Large | 51 | 471349 | 5606777459037627 | 6.27804 | 131.986 | 0 | 41885
PACZ | Range_Large | 52 | 493061 | 5856219412421331 | 6.45137 | 131.986 | 0 | 44085
PACZ | Range_Large | 53 | 579742 | 6816290473977141 | 7.31969 | 131.986 | 0 | 50983
PACZ | Range_Large | 54 | 589655 | 6924622149689484 | 7.69901 | 131.986 | 0 | 51997
PACZ | Range_Large | 55 | 269221 | 3061503666908472 | 3.522 | 131.986 | 0 | 23335
PACZ | Range_Large | 56 | 502652 | 5897847591724248 | 6.70266 | 131.986 | 0 | 44393
PACZ | Range_Large | 57 | 479477 | 5694220220722233 | 6.31531 | 131.986 | 0 | 42857
PACZ | Range_Large | 58 | 423319 | 5038404647947452 | 5.52034 | 131.986 | 0 | 37763
PACZ | Range_Large | 59 | 268635 | 3054902327299512 | 3.359 | 131.986 | 0 | 23287
PACZ | Range_Large | 60 | 516816 | 6103903580541264 | 6.78794 | 131.986 | 0 | 45881
PACZ | Range_Large | 61 | 426075 | 5071210466048751 | 5.57399 | 131.986 | 0 | 37923
PACZ | Range_Large | 62 | 591445 | 6965048630385051 | 7.79732 | 131.986 | 0 | 52247
PACZ | Range_Large | 63 | 471626 | 5614266172115772 | 6.20071 | 131.986 | 0 | 41907
PACZ | Range_Large | 64 | 552344 | 6469828556466129 | 7.07571 | 131.986 | 0 | 48707
PACZ | Range_Large | 65 | 386861 | 4509978287421180 | 4.89831 | 131.986 | 0 | 33765
PACZ | Range_Large | 66 | 589318 | 6930087560350020 | 7.53466 | 131.986 | 0 | 51873
PACZ | Range_Large | 67 | 439167 | 5231631722347050 | 5.71537 | 131.986 | 0 | 39149
PACZ | Range_Large | 68 | 392272 | 4687113453520509 | 5.06337 | 131.986 | 0 | 34913
PACZ | Range_Large | 69 | 466467 | 5468757080715657 | 6.073 | 131.986 | 0 | 41107
PACZ | Range_Large | 70 | 384436 | 4588751850371730 | 5.10033 | 131.986 | 0 | 34389
PACZ | Range_Large | 71 | 363672 | 4223838103657599 | 4.668 | 131.986 | 0 | 31869
PACZ | Range_Large | 72 | 287429 | 3284465692584495 | 3.59599 | 131.986 | 0 | 25067
PACZ | Range_Large | 73 | 418531 | 4997247789115674 | 5.51033 | 131.986 | 0 | 37361
PACZ | Range_Large | 74 | 400127 | 4776132766396608 | 5.13736 | 131.986 | 0 | 35643
PACZ | Range_Large | 75 | 601223 | 7055692544990559 | 7.81536 | 131.986 | 0 | 53069
PACZ | Range_Large | 76 | 377160 | 4394493516953931 | 4.78633 | 131.986 | 0 | 33059
PACZ | Range_Large | 77 | 476954 | 5665922125579497 | 6.23306 | 131.986 | 0 | 42499
PACZ | Range_Large | 78 | 614831 | 7195488344687337 | 7.97836 | 131.986 | 0 | 54097
PACZ | Range_Large | 79 | 290493 | 3325126223327631 | 3.70002 | 131.986 | 0 | 25255
PACZ | Range_Large | 80 | 420982 | 5017715130390051 | 5.53266 | 131.986 | 0 | 37515
PACZ | Range_Large | 81 | 414020 | 4932810309857922 | 5.38437 | 131.986 | 0 | 36823
PACZ | Range_Large | 82 | 380329 | 4433109155311563 | 4.91969 | 131.986 | 0 | 33329
PACZ | Range_Large | 83 | 596065 | 6996324875454849 | 7.74606 | 131.986 | 0 | 52539
PACZ | Range_Large | 84 | 514405 | 6068707490514516 | 6.92701 | 131.986 | 0 | 46111
PACZ | Range_Large | 85 | 606741 | 7120118734884810 | 7.95174 | 131.986 | 0 | 53471
PACZ | Range_Large | 86 | 289543 | 3315914813030673 | 3.69628 | 131.986 | 0 | 25199
PACZ | Range_Large | 87 | 584011 | 6836337318802473 | 7.55437 | 131.986 | 0 | 51505
PACZ | Range_Large | 88 | 380869 | 4438737974644578 | 4.94107 | 131.986 | 0 | 33361
PACZ | Range_Large | 89 | 550690 | 6453058451172111 | 7.231 | 131.986 | 0 | 48605
PACZ | Range_Large | 90 | 468241 | 5571808891246428 | 6.16137 | 131.986 | 0 | 41671
PACZ | Range_Large | 91 | 477838 | 5672968647306045 | 6.20866 | 131.986 | 0 | 42647
PACZ | Range_Large | 92 | 357439 | 4184092797605916 | 4.60394 | 131.986 | 0 | 31311
PACZ | Range_Large | 93 | 388412 | 4521481368287739 | 5.05932 | 131.986 | 0 | 33949
PACZ | Range_Large | 94 | 376012 | 4367951902757967 | 4.80366 | 131.986 | 0 | 32837
PACZ | Range_Large | 95 | 360786 | 4189845290082591 | 4.61769 | 131.986 | 0 | 31595
PACZ | Range_Large | 96 | 434165 | 5172678722130114 | 5.69097 | 131.986 | 0 | 38679
PACZ | Range_Large | 97 | 575818 | 6795589087243191 | 7.38533 | 131.986 | 0 | 50867
PACZ | Range_Large | 98 | 570888 | 6678562749051042 | 7.3967 | 131.986 | 0 | 50393
PACZ | Range_Large | 99 | 358671 | 4179047901652416 | 4.66863 | 131.986 | 0 | 31455
PACZ | kNN_10 | 0 | 10 | 126434196621 | 0.0866254 | 131.986 | 0 | 572
PACZ | kNN_10 | 1 | 10 | 102358391079 | 0.0416438 | 131.986 | 0 | 288
PACZ | kNN_10 | 2 | 10 | 60631947201 | 0.0363191 | 131.986 | 0 | 323
PACZ | kNN_10 | 3 | 10 | 127036227567 | 0.0623067 | 131.986 | 0 | 440
PACZ | kNN_10 | 4 | 10 | 110163581955 | 0.0449816 | 131.986 | 0 | 419
PACZ | kNN_10 | 5 | 10 | 137324951607 | 0.0496705 | 131.986 | 0 | 425
PACZ | kNN_10 | 6 | 10 | 119269380027 | 0.0290076 | 131.986 | 0 | 236
PACZ | kNN_10 | 7 | 10 | 131302416765 | 0.037988 | 131.986 | 0 | 253
PACZ | kNN_10 | 8 | 10 | 138794603619 | 0.0282923 | 131.986 | 0 | 187
PACZ | kNN_10 | 9 | 10 | 138389158332 | 0.0343323 | 131.986 | 0 | 228
PACZ | kNN_10 | 10 | 10 | 95945169015 | 0.0333786 | 131.986 | 0 | 240
PACZ | kNN_10 | 11 | 10 | 67559481093 | 0.0230471 | 131.986 | 0 | 196
PACZ | kNN_10 | 12 | 10 | 44012169015 | 0.0303586 | 131.986 | 0 | 247
PACZ | kNN_10 | 13 | 10 | 75705203751 | 0.0306765 | 131.986 | 0 | 206
PACZ | kNN_10 | 14 | 10 | 120451502325 | 0.0193914 | 131.986 | 0 | 160
PACZ | kNN_10 | 15 | 10 | 158776339128 | 0.0333786 | 131.986 | 0 | 265
PACZ | kNN_10 | 16 | 10 | 124291284192 | 0.0393391 | 131.986 | 0 | 313
PACZ | kNN_10 | 17 | 10 | 53934495141 | 0.0343323 | 131.986 | 0 | 240
PACZ | kNN_10 | 18 | 10 | 145298429997 | 0.0286897 | 131.986 | 0 | 284
PACZ | kNN_10 | 19 | 10 | 76176676422 | 0.0350475 | 131.986 | 0 | 255
PACZ | kNN_10 | 20 | 10 | 129700601787 | 0.063022 | 131.986 | 0 | 495
PACZ | kNN_10 | 21 | 10 | 123294371451 | 0.044028 | 131.986 | 0 | 324
PACZ | kNN_10 | 22 | 10 | 137276676555 | 0.0270208 | 131.986 | 0 | 165
PACZ | kNN_10 | 23 | 10 | 145862755587 | 0.0473658 | 131.986 | 0 | 365
PACZ | kNN_10 | 24 | 10 | 103810756239 | 0.0316302 | 131.986 | 0 | 269
PACZ | kNN_10 | 25 | 10 | 121333708893 | 0.0545979 | 131.986 | 0 | 464
PACZ | kNN_10 | 26 | 10 | 157889190765 | 0.0326633 | 131.986 | 0 | 200
PACZ | kNN_10 | 27 | 10 | 150717994152 | 0.0406106 | 131.986 | 0 | 341
PACZ | kNN_10 | 28 | 10 | 109140397338 | 0.0339349 | 131.986 | 0 | 314
PACZ | kNN_10 | 29 | 10 | 114228999405 | 0.0553131 | 131.986 | 0 | 415
PACZ | kNN_10 | 30 | 10 | 91934742108 | 0.0260671 | 131.986 | 0 | 238
PACZ | kNN_10 | 31 | 10 | 90154319781 | 0.0393391 | 131.986 | 0 | 302
PACZ | kNN_10 | 32 | 10 | 107433325959 | 0.0446637 | 131.986 | 0 | 431
PACZ | kNN_10 | 33 | 10 | 129691778898 | 0.0539621 | 131.986 | 0 | 475
PACZ | kNN_10 | 34 | 10 | 150245052723 | 0.0186761 | 131.986 | 0 | 146
PACZ | kNN_10 | 35 | 10 | 126322226250 | 0.0510216 | 131.986 | 0 | 437
PACZ | kNN_10 | 36 | 10 | 121506536865 | 0.0490348 | 131.986 | 0 | 411
PACZ | kNN_10 | 37 | 10 | 146157642066 | 0.0333786 | 131.986 | 0 | 335
PACZ | kNN_10 | 38 | 10 | 139807612710 | 0.0540415 | 131.986 | 0 | 437
PACZ | kNN_10 | 39 | 10 | 145474741905 | 0.0546773 | 131.986 | 0 | 446
PACZ | kNN_10 | 40 | 10 | 142309180845 | 0.0279744 | 131.986 | 0 | 235
PACZ | kNN_10 | 41 | 10 | 119274401895 | 0.0409285 | 131.986 | 0 | 323
PACZ | kNN_10 | 42 | 10 | 123241257108 | 0.0386238 | 131.986 | 0 | 315
PACZ | kNN_10 | 43 | 10 | 122288267253 | 0.0549952 | 131.986 | 0 | 455
PACZ | kNN_10 | 44 | 10 | 81607336689 | 0.0390212 | 131.986 | 0 | 313
PACZ | kNN_10 | 45 | 10 | 141069157995 | 0.0686646 | 131.986 | 0 | 550
PACZ | kNN_10 | 46 | 10 | 119270737275 | 0.0437101 | 131.986 | 0 | 347
PACZ | kNN_10 | 47 | 10 | 141836909730 | 0.0607173 | 131.986 | 0 | 470
PACZ | kNN_10 | 48 | 10 | 115691149365 | 0.0709693 | 131.986 | 0 | 597
PACZ | kNN_10 | 49 | 10 | 117672230118 | 0.0320276 | 131.986 | 0 | 331
PACZ | kNN_10 | 50 | 10 | 122664368355 | 0.0416438 | 131.986 | 0 | 279
PACZ | kNN_10 | 51 | 10 | 126944988882 | 0.055631 | 131.986 | 0 | 445
PACZ | kNN_10 | 52 | 10 | 129394501671 | 0.0513395 | 131.986 | 0 | 458
PACZ | kNN_10 | 53 | 10 | 124961048085 | 0.0387033 | 131.986 | 0 | 359
PACZ | kNN_10 | 54 | 10 | 102555287085 | 0.0340144 | 131.986 | 0 | 304
PACZ | kNN_10 | 55 | 10 | 120292691715 | 0.0509421 | 131.986 | 0 | 430
PACZ | kNN_10 | 56 | 10 | 120459642327 | 0.0326633 | 131.986 | 0 | 283
PACZ | kNN_10 | 57 | 10 | 102711028026 | 0.0437101 | 131.986 | 0 | 378
PACZ | kNN_10 | 58 | 10 | 104476162737 | 0.048399 | 131.986 | 0 | 426
PACZ | kNN_10 | 59 | 10 | 139798001967 | 0.0476837 | 131.986 | 0 | 396
PACZ | kNN_10 | 60 | 10 | 7423313196 | 0.0343323 | 131.986 | 0 | 343
PACZ | kNN_10 | 61 | 10 | 78770321244 | 0.037988 | 131.986 | 0 | 320
PACZ | kNN_10 | 62 | 10 | 133402309446 | 0.0703335 | 131.986 | 0 | 567
PACZ | kNN_10 | 63 | 10 | 142417807746 | 0.039657 | 131.986 | 0 | 353
PACZ | kNN_10 | 64 | 10 | 108211073082 | 0.0713666 | 131.986 | 0 | 613
PACZ | kNN_10 | 65 | 10 | 120042036327 | 0.0393391 | 131.986 | 0 | 336
PACZ | kNN_10 | 66 | 10 | 119307557421 | 0.0383059 | 131.986 | 0 | 301
PACZ | kNN_10 | 67 | 10 | 52396524981 | 0.018994 | 131.986 | 0 | 179
PACZ | kNN_10 | 68 | 10 | 119289457077 | 0.044028 | 131.986 | 0 | 336
PACZ | kNN_10 | 69 | 10 | 90108048489 | 0.0370344 | 131.986 | 0 | 337
PACZ | kNN_10 | 70 | 10 | 103811058912 | 0.0333786 | 131.986 | 0 | 289
PACZ | kNN_10 | 71 | 10 | 126353528934 | 0.0546773 | 131.986 | 0 | 467
PACZ | kNN_10 | 72 | 10 | 96068215191 | 0.044028 | 131.986 | 0 | 395
PACZ | kNN_10 | 73 | 10 | 53581202196 | 0.0256697 | 131.986 | 0 | 180
PACZ | kNN_10 | 74 | 10 | 134981880921 | 0.0299613 | 131.986 | 0 | 229
PACZ | kNN_10 | 75 | 10 | 122681295669 | 0.0579357 | 131.986 | 0 | 470
PACZ | kNN_10 | 76 | 10 | 122449816713 | 0.0290076 | 131.986 | 0 | 238
PACZ | kNN_10 | 77 | 10 | 107949806850 | 0.0333786 | 131.986 | 0 | 195
PACZ | kNN_10 | 78 | 10 | 103810317816 | 0.0243187 | 131.986 | 0 | 230
PACZ | kNN_10 | 79 | 10 | 105661072101 | 0.0383059 | 131.986 | 0 | 343
PACZ | kNN_10 | 80 | 10 | 123722719458 | 0.045379 | 131.986 | 0 | 381
PACZ | kNN_10 | 81 | 10 | 120469653435 | 0.0363191 | 131.986 | 0 | 295
PACZ | kNN_10 | 82 | 10 | 145187979951 | 0.0326633 | 131.986 | 0 | 332
PACZ | kNN_10 | 83 | 10 | 145420450383 | 0.0400543 | 131.986 | 0 | 334
PACZ | kNN_10 | 84 | 10 | 105662071608 | 0.0286897 | 131.986 | 0 | 314
PACZ | kNN_10 | 85 | 10 | 90138465690 | 0.036637 | 131.986 | 0 | 270
PACZ | kNN_10 | 86 | 10 | 125626559094 | 0.0516574 | 131.986 | 0 | 427
PACZ | kNN_10 | 87 | 10 | 158775777906 | 0.0369549 | 131.986 | 0 | 304
PACZ | kNN_10 | 88 | 10 | 75945176559 | 0.0300407 | 131.986 | 0 | 246
PACZ | kNN_10 | 89 | 10 | 88479341712 | 0.0179609 | 131.986 | 0 | 136
PACZ | kNN_10 | 90 | 10 | 158688396213 | 0.0343323 | 131.986 | 0 | 304
PACZ | kNN_10 | 91 | 10 | 122108579580 | 0.0323455 | 131.986 | 0 | 254
PACZ | kNN_10 | 92 | 10 | 122864543895 | 0.0460148 | 131.986 | 0 | 361
PACZ | kNN_10 | 93 | 10 | 119252132151 | 0.0317097 | 131.986 | 0 | 244
PACZ | kNN_10 | 94 | 10 | 126429759855 | 0.0420411 | 131.986 | 0 | 345
PACZ | kNN_10 | 95 | 10 | 130163894472 | 0.0293255 | 131.986 | 0 | 296
PACZ | kNN_10 | 96 | 10 | 146207681574 | 0.0376701 | 131.986 | 0 | 283
PACZ | kNN_10 | 97 | 10 | 135634575600 | 0.0539621 | 131.986 | 0 | 484
PACZ | kNN_10 | 98 | 10 | 129714205797 | 0.0553131 | 131.986 | 0 | 460
PACZ | kNN_10 | 99 | 10 | 129845729337 | 0.0480016 | 131.986 | 0 | 446
PACZ | kNN_100 | 0 | 100 | 1264341074970 | 0.433048 | 131.986 | 0 | 1052
PACZ | kNN_100 | 1 | 100 | 1023583902357 | 0.23373 | 131.986 | 0 | 524
PACZ | kNN_100 | 2 | 100 | 864744484704 | 0.245015 | 131.986 | 0 | 586
PACZ | kNN_100 | 3 | 100 | 1238567174190 | 0.302951 | 131.986 | 0 | 805
PACZ | kNN_100 | 4 | 100 | 1200862761405 | 0.334978 | 131.986 | 0 | 985
PACZ | kNN_100 | 5 | 100 | 1294516010019 | 0.324329 | 131.986 | 0 | 781
PACZ | kNN_100 | 6 | 100 | 1192694256618 | 0.168324 | 131.986 | 0 | 446
PACZ | kNN_100 | 7 | 100 | 1206072939495 | 0.198364 | 131.986 | 0 | 456
PACZ | kNN_100 | 8 | 100 | 1385105560701 | 0.16133 | 131.986 | 0 | 358
PACZ | kNN_100 | 9 | 100 | 1383891549840 | 0.151634 | 131.986 | 0 | 332
PACZ | kNN_100 | 10 | 100 | 959477093370 | 0.200669 | 131.986 | 0 | 462
PACZ | kNN_100 | 11 | 100 | 806650037553 | 0.142336 | 131.986 | 0 | 365
PACZ | kNN_100 | 12 | 100 | 440121693174 | 0.158628 | 131.986 | 0 | 424
PACZ | kNN_100 | 13 | 100 | 918820168971 | 0.150998 | 131.986 | 0 | 322
PACZ | kNN_100 | 14 | 100 | 1181582591004 | 0.0983079 | 131.986 | 0 | 232
PACZ | kNN_100 | 15 | 100 | 1587763469580 | 0.196616 | 131.986 | 0 | 427
PACZ | kNN_100 | 16 | 100 | 1242912807726 | 0.211636 | 131.986 | 0 | 617
PACZ | kNN_100 | 17 | 100 | 739229040282 | 0.164668 | 131.986 | 0 | 420
PACZ | kNN_100 | 18 | 100 | 1452984332505 | 0.226657 | 131.986 | 0 | 587
PACZ | kNN_100 | 19 | 100 | 901717355193 | 0.198046 | 131.986 | 0 | 451
PACZ | kNN_100 | 20 | 100 | 1226604204225 | 0.365655 | 131.986 | 0 | 918
PACZ | kNN_100 | 21 | 100 | 1232943768561 | 0.245651 | 131.986 | 0 | 594
PACZ | kNN_100 | 22 | 100 | 1372766078670 | 0.137329 | 131.986 | 0 | 271
PACZ | kNN_100 | 23 | 100 | 1459585984800 | 0.276009 | 131.986 | 0 | 768
PACZ | kNN_100 | 24 | 100 | 1038107522667 | 0.20504 | 131.986 | 0 | 521
PACZ | kNN_100 | 25 | 100 | 1234869040764 | 0.320991 | 131.986 | 0 | 910
PACZ | kNN_100 | 26 | 100 | 1461019651977 | 0.152032 | 131.986 | 0 | 334
PACZ | kNN_100 | 27 | 100 | 1354543088904 | 0.255664 | 131.986 | 0 | 719
PACZ | kNN_100 | 28 | 100 | 1091403996915 | 0.207265 | 131.986 | 0 | 579
PACZ | kNN_100 | 29 | 100 | 1240313781879 | 0.276009 | 131.986 | 0 | 769
PACZ | kNN_100 | 30 | 100 | 1074882134388 | 0.20202 | 131.986 | 0 | 487
PACZ | kNN_100 | 31 | 100 | 901543206549 | 0.215371 | 131.986 | 0 | 601
PACZ | kNN_100 | 32 | 100 | 1136653713438 | 0.227372 | 131.986 | 0 | 819
PACZ | kNN_100 | 33 | 100 | 1294077509295 | 0.302712 | 131.986 | 0 | 883
PACZ | kNN_100 | 34 | 100 | 1502450518050 | 0.103315 | 131.986 | 0 | 260
PACZ | kNN_100 | 35 | 100 | 1263296646660 | 0.267267 | 131.986 | 0 | 892
PACZ | kNN_100 | 36 | 100 | 1229325761295 | 0.214974 | 131.986 | 0 | 734
PACZ | kNN_100 | 37 | 100 | 1461576430077 | 0.173966 | 131.986 | 0 | 590
PACZ | kNN_100 | 38 | 100 | 1398070642191 | 0.276724 | 131.986 | 0 | 788
PACZ | kNN_100 | 39 | 100 | 1454747439606 | 0.362635 | 131.986 | 0 | 927
PACZ | kNN_100 | 40 | 100 | 1336915775379 | 0.156323 | 131.986 | 0 | 453
PACZ | kNN_100 | 41 | 100 | 1192819279440 | 0.191291 | 131.986 | 0 | 538
PACZ | kNN_100 | 42 | 100 | 1232412065673 | 0.285625 | 131.986 | 0 | 659
PACZ | kNN_100 | 43 | 100 | 1233487500876 | 0.27593 | 131.986 | 0 | 903
PACZ | kNN_100 | 44 | 100 | 810933415221 | 0.200351 | 131.986 | 0 | 593
PACZ | kNN_100 | 45 | 100 | 1216578875976 | 0.29397 | 131.986 | 0 | 1063
PACZ | kNN_100 | 46 | 100 | 1192707329004 | 0.255982 | 131.986 | 0 | 633
PACZ | kNN_100 | 47 | 100 | 1421545158174 | 0.284672 | 131.986 | 0 | 800
PACZ | kNN_100 | 48 | 100 | 1216122283098 | 0.397682 | 131.986 | 0 | 1072
PACZ | kNN_100 | 49 | 100 | 923559430548 | 0.215371 | 131.986 | 0 | 607
PACZ | kNN_100 | 50 | 100 | 1226643639528 | 0.184059 | 131.986 | 0 | 510
PACZ | kNN_100 | 51 | 100 | 1270064143752 | 0.272353 | 131.986 | 0 | 896
PACZ | kNN_100 | 52 | 100 | 1252848476667 | 0.304063 | 131.986 | 0 | 872
PACZ | kNN_100 | 53 | 100 | 1249610403927 | 0.240644 | 131.986 | 0 | 687
PACZ | kNN_100 | 54 | 100 | 1025547233979 | 0.181993 | 131.986 | 0 | 576
PACZ | kNN_100 | 55 | 100 | 1248472575150 | 0.318368 | 131.986 | 0 | 806
PACZ | kNN_100 | 56 | 100 | 1173153049500 | 0.145674 | 131.986 | 0 | 416
PACZ | kNN_100 | 57 | 100 | 1037501583198 | 0.232697 | 131.986 | 0 | 762
PACZ | kNN_100 | 58 | 100 | 1041900906681 | 0.283003 | 131.986 | 0 | 831
PACZ | kNN_100 | 59 | 100 | 1398040592136 | 0.243982 | 131.986 | 0 | 726
PACZ | kNN_100 | 60 | 100 | 551475608736 | 0.163953 | 131.986 | 0 | 607
PACZ | kNN_100 | 61 | 100 | 722783926503 | 0.192006 | 131.986 | 0 | 624
PACZ | kNN_100 | 62 | 100 | 1246351225788 | 0.384013 | 131.986 | 0 | 1043
PACZ | kNN_100 | 63 | 100 | 1349152170261 | 0.204722 | 131.986 | 0 | 630
PACZ | kNN_100 | 64 | 100 | 1037112881298 | 0.384649 | 131.986 | 0 | 1049
PACZ | kNN_100 | 65 | 100 | 1200420339906 | 0.195344 | 131.986 | 0 | 546
PACZ | kNN_100 | 66 | 100 | 1193075305527 | 0.226339 | 131.986 | 0 | 588
PACZ | kNN_100 | 67 | 100 | 1011453900504 | 0.100374 | 131.986 | 0 | 279
PACZ | kNN_100 | 68 | 100 | 1192894570560 | 0.198364 | 131.986 | 0 | 550
PACZ | kNN_100 | 69 | 100 | 1115551401120 | 0.211 | 131.986 | 0 | 631
PACZ | kNN_100 | 70 | 100 | 1089892475052 | 0.217994 | 131.986 | 0 | 578
PACZ | kNN_100 | 71 | 100 | 1263466188237 | 0.243982 | 131.986 | 0 | 869
PACZ | kNN_100 | 72 | 100 | 960682144641 | 0.224034 | 131.986 | 0 | 656
PACZ | kNN_100 | 73 | 100 | 520216823946 | 0.134706 | 131.986 | 0 | 348
PACZ | kNN_100 | 74 | 100 | 1303199574909 | 0.150363 | 131.986 | 0 | 442
PACZ | kNN_100 | 75 | 100 | 1248489930366 | 0.313361 | 131.986 | 0 | 948
PACZ | kNN_100 | 76 | 100 | 1277869662144 | 0.180642 | 131.986 | 0 | 461
PACZ | kNN_100 | 77 | 100 | 1166363964831 | 0.160694 | 131.986 | 0 | 334
PACZ | kNN_100 | 78 | 100 | 1038102889746 | 0.155369 | 131.986 | 0 | 469
PACZ | kNN_100 | 79 | 100 | 1061554559376 | 0.17937 | 131.986 | 0 | 618
PACZ | kNN_100 | 80 | 100 | 1266997153938 | 0.250657 | 131.986 | 0 | 716
PACZ | kNN_100 | 81 | 100 | 1204697375529 | 0.156323 | 131.986 | 0 | 441
PACZ | kNN_100 | 82 | 100 | 1389865502964 | 0.156959 | 131.986 | 0 | 579
PACZ | kNN_100 | 83 | 100 | 1454204518935 | 0.232061 | 131.986 | 0 | 744
PACZ | kNN_100 | 84 | 100 | 1098049693842 | 0.17937 | 131.986 | 0 | 644
PACZ | kNN_100 | 85 | 100 | 901384601940 | 0.178337 | 131.986 | 0 | 523
PACZ | kNN_100 | 86 | 100 | 1223418091875 | 0.292619 | 131.986 | 0 | 820
PACZ | kNN_100 | 87 | 100 | 1587757782678 | 0.182311 | 131.986 | 0 | 504
PACZ | kNN_100 | 88 | 100 | 1060898821872 | 0.178019 | 131.986 | 0 | 503
PACZ | kNN_100 | 89 | 100 | 893023121568 | 0.119925 | 131.986 | 0 | 346
PACZ | kNN_100 | 90 | 100 | 1582414881420 | 0.235637 | 131.986 | 0 | 551
PACZ | kNN_100 | 91 | 100 | 1220936301639 | 0.166655 | 131.986 | 0 | 463
PACZ | kNN_100 | 92 | 100 | 1219866603240 | 0.200351 | 131.986 | 0 | 620
PACZ | kNN_100 | 93 | 100 | 1192521253461 | 0.1297 | 131.986 | 0 | 371
PACZ | kNN_100 | 94 | 100 | 1264296864114 | 0.239054 | 131.986 | 0 | 647
PACZ | kNN_100 | 95 | 100 | 1301638983090 | 0.183344 | 131.986 | 0 | 515
PACZ | kNN_100 | 96 | 100 | 1184514471855 | 0.169992 | 131.986 | 0 | 547
PACZ | kNN_100 | 97 | 100 | 1356345751443 | 0.343005 | 131.986 | 0 | 879
PACZ | kNN_100 | 98 | 100 | 1225725888939 | 0.266314 | 131.986 | 0 | 840
PACZ | kNN_100 | 99 | 100 | 1203230109603 | 0.300646 | 131.986 | 0 | 893
