Algo | QType | QID | Count | Hash | Time_ms | Mem_Tree_MB | Mem_Delta_MB | Nodes
PACZ | Range_Small | 0 | 3673 | 34158401649696 | 0.0590483 | 69.3681 | 0 | 543
PACZ | Range_Small | 1 | 706 | 10069764540846 | 0.0133514 | 69.3681 | 0 | 249
PACZ | Range_Small | 2 | 1633 | 20142353253276 | 0.026385 | 69.3681 | 0 | 365
PACZ | Range_Small | 3 | 1199 | 12297103561410 | 0.0296434 | 69.3681 | 0 | 399
PACZ | Range_Small | 4 | 1148 | 10966031300553 | 0.0173251 | 69.3681 | 0 | 345
PACZ | Range_Small | 5 | 526 | 6241481634285 | 0.0109673 | 69.3681 | 0 | 255
PACZ | Range_Small | 6 | 1167 | 12301768376376 | 0.0317097 | 69.3681 | 0 | 377
PACZ | Range_Small | 7 | 335 | 4682849035344 | 0.0180403 | 69.3681 | 0 | 225
PACZ | Range_Small | 8 | 809 | 11316283632978 | 0.0150204 | 69.3681 | 0 | 307
PACZ | Range_Small | 9 | 1752 | 18255029231832 | 0.0303586 | 69.3681 | 0 | 453
PACZ | Range_Small | 10 | 9789 | 120442976099367 | 0.132322 | 69.3681 | 0 | 1375
PACZ | Range_Small | 11 | 24 | 105608988156 | 0.00572205 | 69.3681 | 0 | 183
PACZ | Range_Small | 12 | 836 | 11355613165005 | 0.0186761 | 69.3681 | 0 | 287
PACZ | Range_Small | 13 | 3156 | 32827610383884 | 0.0383854 | 69.3681 | 0 | 473
PACZ | Range_Small | 14 | 2063 | 26849341818690 | 0.0299613 | 69.3681 | 0 | 383
PACZ | Range_Small | 15 | 429 | 4978712658672 | 0.015974 | 69.3681 | 0 | 273
PACZ | Range_Small | 16 | 16899 | 197723101654962 | 0.228643 | 69.3681 | 0 | 2011
PACZ | Range_Small | 17 | 1850 | 25859010345300 | 0.0223319 | 69.3681 | 0 | 323
PACZ | Range_Small | 18 | 914 | 10880587525902 | 0.0203451 | 69.3681 | 0 | 251
PACZ | Range_Small | 19 | 890 | 8851381681515 | 0.0136693 | 69.3681 | 0 | 267
PACZ | Range_Small | 20 | 311 | 2118802945632 | 0.0112851 | 69.3681 | 0 | 189
PACZ | Range_Small | 21 | 5715 | 75102056289606 | 0.0693003 | 69.3681 | 0 | 773
PACZ | Range_Small | 22 | 661 | 8246641679754 | 0.00993411 | 69.3681 | 0 | 251
PACZ | Range_Small | 23 | 847 | 5149668974397 | 0.0182788 | 69.3681 | 0 | 273
PACZ | Range_Small | 24 | 1587 | 18729245315292 | 0.0249545 | 69.3681 | 0 | 337
PACZ | Range_Small | 25 | 766 | 9127313048595 | 0.0246366 | 69.3681 | 0 | 325
PACZ | Range_Small | 26 | 792 | 9370012034988 | 0.0173251 | 69.3681 | 0 | 261
PACZ | Range_Small | 27 | 8767 | 108977109056319 | 0.108719 | 69.3681 | 0 | 1195
PACZ | Range_Small | 28 | 347 | 4690278143763 | 0.0110467 | 69.3681 | 0 | 169
PACZ | Range_Small | 29 | 735 | 8464245843966 | 0.0196298 | 69.3681 | 0 | 347
PACZ | Range_Small | 30 | 717 | 9767785845102 | 0.0179609 | 69.3681 | 0 | 285
PACZ | Range_Small | 31 | 302 | 4329193245198 | 0.00898043 | 69.3681 | 0 | 231
PACZ | Range_Small | 32 | 208 | 1869320693385 | 0.0120004 | 69.3681 | 0 | 197
PACZ | Range_Small | 33 | 12480 | 153335073094842 | 0.166019 | 69.3681 | 0 | 1615
PACZ | Range_Small | 34 | 507 | 6248627216349 | 0.0123183 | 69.3681 | 0 | 285
PACZ | Range_Small | 35 | 440 | 5421878029476 | 0.0120004 | 69.3681 | 0 | 293
PACZ | Range_Small | 36 | 2126 | 21906032815281 | 0.0290076 | 69.3681 | 0 | 459
PACZ | Range_Small | 37 | 17649 | 207876536506737 | 0.210047 | 69.3681 | 0 | 2143
PACZ | Range_Small | 38 | 230 | 2701743995823 | 0.00770887 | 69.3681 | 0 | 223
PACZ | Range_Small | 39 | 718 | 8617758926568 | 0.0147025 | 69.3681 | 0 | 229
PACZ | Range_Small | 40 | 1600 | 19758186915552 | 0.0302792 | 69.3681 | 0 | 349
PACZ | Range_Small | 41 | 909 | 9055152120957 | 0.0273387 | 69.3681 | 0 | 307
PACZ | Range_Small | 42 | 124 | 1443686733420 | 0.00564257 | 69.3681 | 0 | 161
PACZ | Range_Small | 43 | 601 | 7406869203843 | 0.018994 | 69.3681 | 0 | 267
PACZ | Range_Small | 44 | 4 | 13734110505 | 0.00739098 | 69.3681 | 0 | 113
PACZ | Range_Small | 45 | 894 | 10891401465729 | 0.0153383 | 69.3681 | 0 | 305
PACZ | Range_Small | 46 | 64 | 572633653713 | 0.00905991 | 69.3681 | 0 | 151
PACZ | Range_Small | 47 | 166 | 1828523096862 | 0.0116825 | 69.3681 | 0 | 199
PACZ | Range_Small | 48 | 1327 | 14108197184565 | 0.0270208 | 69.3681 | 0 | 321
PACZ | Range_Small | 49 | 410 | 3588061368321 | 0.0193119 | 69.3681 | 0 | 273
PACZ | Range_Small | 50 | 772 | 10586789267763 | 0.0202656 | 69.3681 | 0 | 339
PACZ | Range_Small | 51 | 824 | 9642007911348 | 0.018994 | 69.3681 | 0 | 265
PACZ | Range_Small | 52 | 160 | 1226598576825 | 0.0126362 | 69.3681 | 0 | 223
PACZ | Range_Small | 53 | 35 | 421635360399 | 0.00961622 | 69.3681 | 0 | 207
PACZ | Range_Small | 54 | 1618 | 19163935766904 | 0.0246366 | 69.3681 | 0 | 385
PACZ | Range_Small | 55 | 4264 | 52477550144301 | 0.0629425 | 69.3681 | 0 | 631
PACZ | Range_Small | 56 | 1751 | 19522636274652 | 0.0229677 | 69.3681 | 0 | 417
PACZ | Range_Small | 57 | 76 | 465622367913 | 0.00460943 | 69.3681 | 0 | 163
PACZ | Range_Small | 58 | 2259 | 28677174600348 | 0.0333786 | 69.3681 | 0 | 475
PACZ | Range_Small | 59 | 455 | 6323923184952 | 0.0103315 | 69.3681 | 0 | 239
PACZ | Range_Small | 60 | 19804 | 236787231691953 | 0.207345 | 69.3681 | 0 | 2307
PACZ | Range_Small | 61 | 465 | 5736550264824 | 0.0106494 | 69.3681 | 0 | 267
PACZ | Range_Small | 62 | 710 | 8069532297507 | 0.017643 | 69.3681 | 0 | 249
PACZ | Range_Small | 63 | 1483 | 20871399769572 | 0.0266234 | 69.3681 | 0 | 397
PACZ | Range_Small | 64 | 2158 | 22154621356467 | 0.0383059 | 69.3681 | 0 | 513
PACZ | Range_Small | 65 | 116 | 734148488388 | 0.013272 | 69.3681 | 0 | 225
PACZ | Range_Small | 66 | 976 | 12673178037525 | 0.0293255 | 69.3681 | 0 | 321
PACZ | Range_Small | 67 | 3501 | 43342508165661 | 0.0437101 | 69.3681 | 0 | 533
PACZ | Range_Small | 68 | 1151 | 13787740278996 | 0.0170072 | 69.3681 | 0 | 319
PACZ | Range_Small | 69 | 809 | 8544071294523 | 0.0166893 | 69.3681 | 0 | 283
PACZ | Range_Small | 70 | 1977 | 18788308856526 | 0.0247161 | 69.3681 | 0 | 443
PACZ | Range_Small | 71 | 238 | 2287065464226 | 0.0073115 | 69.3681 | 0 | 191
PACZ | Range_Small | 72 | 4157 | 50956205347185 | 0.0583331 | 69.3681 | 0 | 711
PACZ | Range_Small | 73 | 11562 | 141930263466087 | 0.178655 | 69.3681 | 0 | 1507
PACZ | Range_Small | 74 | 42 | 592490643735 | 0.00500679 | 69.3681 | 0 | 155
PACZ | Range_Small | 75 | 1468 | 15765312924240 | 0.033617 | 69.3681 | 0 | 429
PACZ | Range_Small | 76 | 497 | 6766403911053 | 0.0203451 | 69.3681 | 0 | 307
PACZ | Range_Small | 77 | 9915 | 121086269499081 | 0.128984 | 69.3681 | 0 | 1393
PACZ | Range_Small | 78 | 1399 | 17245931888268 | 0.0273387 | 69.3681 | 0 | 375
PACZ | Range_Small | 79 | 5331 | 68348477833704 | 0.0813007 | 69.3681 | 0 | 763
PACZ | Range_Small | 80 | 933 | 11083177820025 | 0.0227292 | 69.3681 | 0 | 271
PACZ | Range_Small | 81 | 2951 | 35300060132202 | 0.0539621 | 69.3681 | 0 | 557
PACZ | Range_Small | 82 | 6041 | 71349523259976 | 0.0886122 | 69.3681 | 0 | 907
PACZ | Range_Small | 83 | 2776 | 33187601403249 | 0.0446637 | 69.3681 | 0 | 491
PACZ | Range_Small | 84 | 681 | 7923947031477 | 0.0130335 | 69.3681 | 0 | 269
PACZ | Range_Small | 85 | 197 | 1291760095812 | 0.00802676 | 69.3681 | 0 | 199
PACZ | Range_Small | 86 | 804 | 9795192286509 | 0.0139872 | 69.3681 | 0 | 269
PACZ | Range_Small | 87 | 492 | 5869641315528 | 0.0116825 | 69.3681 | 0 | 247
PACZ | Range_Small | 88 | 673 | 7045720499835 | 0.0147025 | 69.3681 | 0 | 279
PACZ | Range_Small | 89 | 4895 | 62550810585846 | 0.0507037 | 69.3681 | 0 | 765
PACZ | Range_Small | 90 | 878 | 11098469301453 | 0.0150204 | 69.3681 | 0 | 281
PACZ | Range_Small | 91 | 2009 | 25400627157270 | 0.0236829 | 69.3681 | 0 | 401
PACZ | Range_Small | 92 | 818 | 9897606728388 | 0.0129541 | 69.3681 | 0 | 261
PACZ | Range_Small | 93 | 551 | 6815101776873 | 0.0116825 | 69.3681 | 0 | 247
PACZ | Range_Small | 94 | 3990 | 49301266054314 | 0.0513395 | 69.3681 | 0 | 721
PACZ | Range_Small | 95 | 4537 | 55738907985099 | 0.0499884 | 69.3681 | 0 | 733
PACZ | Range_Small | 96 | 1091 | 13044024652653 | 0.0173251 | 69.3681 | 0 | 315
PACZ | Range_Small | 97 | 605 | 8425869193836 | 0.0130335 | 69.3681 | 0 | 295
PACZ | Range_Small | 98 | 469 | 4540641702066 | 0.00834465 | 69.3681 | 0 | 201
PACZ | Range_Small | 99 | 542 | 6619148973108 | 0.0112851 | 69.3681 | 0 | 267
PACZ | Range_Medium | 0 | 97952 | 1154707011662286 | 1.13098 | 69.3681 | 0 | 8937
PACZ | Range_Medium | 1 | 3942 | 52558532435832 | 0.0416438 | 69.3681 | 0 | 651
PACZ | Range_Medium | 2 | 45980 | 490440241809480 | 0.478665 | 69.3681 | 0 | 4199
PACZ | Range_Medium | 3 | 40495 | 562398630901113 | 0.381072 | 69.3681 | 0 | 3517
PACZ | Range_Medium | 4 | 32176 | 366028799298345 | 0.377655 | 69.3681 | 0 | 3097
PACZ | Range_Medium | 5 | 35724 | 362545280303604 | 0.302315 | 69.3681 | 0 | 3159
PACZ | Range_Medium | 6 | 99259 | 1165172444229084 | 1.06263 | 69.3681 | 0 | 9089
PACZ | Range_Medium | 7 | 5272 | 62035699858101 | 0.0533263 | 69.3681 | 0 | 697
PACZ | Range_Medium | 8 | 36974 | 453523466789544 | 0.34531 | 69.3681 | 0 | 3385
PACZ | Range_Medium | 9 | 48376 | 587767757472930 | 0.428994 | 69.3681 | 0 | 4307
PACZ | Range_Medium | 10 | 64517 | 693712674088779 | 0.624339 | 69.3681 | 0 | 5749
PACZ | Range_Medium | 11 | 28684 | 337958357545071 | 0.267665 | 69.3681 | 0 | 2905
PACZ | Range_Medium | 12 | 12459 | 148132351755501 | 0.126044 | 69.3681 | 0 | 1453
PACZ | Range_Medium | 13 | 22442 | 269283068206185 | 0.193675 | 69.3681 | 0 | 2213
PACZ | Range_Medium | 14 | 62397 | 652894431708036 | 0.604709 | 69.3681 | 0 | 5475
PACZ | Range_Medium | 15 | 25490 | 292659868607919 | 0.229359 | 69.3681 | 0 | 2379
PACZ | Range_Medium | 16 | 38038 | 422474865134778 | 0.385284 | 69.3681 | 0 | 3437
PACZ | Range_Medium | 17 | 11948 | 141258359742096 | 0.113328 | 69.3681 | 0 | 1267
PACZ | Range_Medium | 18 | 32921 | 399685472864952 | 0.293016 | 69.3681 | 0 | 3047
PACZ | Range_Medium | 19 | 30836 | 368143658103867 | 0.257015 | 69.3681 | 0 | 2993
PACZ | Range_Medium | 20 | 63954 | 671126710789107 | 0.630299 | 69.3681 | 0 | 5431
PACZ | Range_Medium | 21 | 51762 | 717820167562548 | 0.506004 | 69.3681 | 0 | 4583
PACZ | Range_Medium | 22 | 18338 | 196298410949808 | 0.175714 | 69.3681 | 0 | 1933
PACZ | Range_Medium | 23 | 63853 | 745958074804428 | 0.643015 | 69.3681 | 0 | 5625
PACZ | Range_Medium | 24 | 103908 | 1199934826038270 | 1.19972 | 69.3681 | 0 | 9551
PACZ | Range_Medium | 25 | 43817 | 481937608624428 | 0.474294 | 69.3681 | 0 | 3991
PACZ | Range_Medium | 26 | 54556 | 575057172594804 | 0.579039 | 69.3681 | 0 | 4951
PACZ | Range_Medium | 27 | 62907 | 735945246158244 | 0.646671 | 69.3681 | 0 | 5475
PACZ | Range_Medium | 28 | 63684 | 666992408260248 | 0.68903 | 69.3681 | 0 | 5517
PACZ | Range_Medium | 29 | 31189 | 328740030346140 | 0.345707 | 69.3681 | 0 | 3031
PACZ | Range_Medium | 30 | 5852 | 64463164491912 | 0.0709693 | 69.3681 | 0 | 781
PACZ | Range_Medium | 31 | 16813 | 201151440863751 | 0.165304 | 69.3681 | 0 | 1625
PACZ | Range_Medium | 32 | 48121 | 586036857568659 | 0.519673 | 69.3681 | 0 | 4321
PACZ | Range_Medium | 33 | 103246 | 1235314138424694 | 1.24502 | 69.3681 | 0 | 9521
PACZ | Range_Medium | 34 | 51650 | 711435495017934 | 0.538031 | 69.3681 | 0 | 4487
PACZ | Range_Medium | 35 | 36852 | 495686439002499 | 0.343959 | 69.3681 | 0 | 3343
PACZ | Range_Medium | 36 | 7946 | 87673035584430 | 0.0856717 | 69.3681 | 0 | 911
PACZ | Range_Medium | 37 | 79326 | 933175454153751 | 0.973304 | 69.3681 | 0 | 7495
PACZ | Range_Medium | 38 | 45543 | 639580538228226 | 0.489394 | 69.3681 | 0 | 4089
PACZ | Range_Medium | 39 | 36480 | 413498987955201 | 0.400305 | 69.3681 | 0 | 3463
PACZ | Range_Medium | 40 | 4188 | 46608411867513 | 0.0510216 | 69.3681 | 0 | 607
PACZ | Range_Medium | 41 | 1178 | 10672823666556 | 0.0236829 | 69.3681 | 0 | 331
PACZ | Range_Medium | 42 | 47305 | 566626417570752 | 0.502666 | 69.3681 | 0 | 4101
PACZ | Range_Medium | 43 | 37252 | 398370928233726 | 0.38894 | 69.3681 | 0 | 3395
PACZ | Range_Medium | 44 | 2757 | 32106078122040 | 0.0343323 | 69.3681 | 0 | 393
PACZ | Range_Medium | 45 | 18973 | 213180459551739 | 0.199715 | 69.3681 | 0 | 1819
PACZ | Range_Medium | 46 | 28710 | 337230855597396 | 0.296354 | 69.3681 | 0 | 2771
PACZ | Range_Medium | 47 | 4521 | 35957710203012 | 0.0507037 | 69.3681 | 0 | 581
PACZ | Range_Medium | 48 | 57717 | 683252921082621 | 0.638008 | 69.3681 | 0 | 5105
PACZ | Range_Medium | 49 | 65701 | 765159461846820 | 0.659386 | 69.3681 | 0 | 5743
PACZ | Range_Medium | 50 | 18129 | 209656483453497 | 0.181278 | 69.3681 | 0 | 1829
PACZ | Range_Medium | 51 | 34143 | 425056284611157 | 0.399987 | 69.3681 | 0 | 3239
PACZ | Range_Medium | 52 | 11894 | 141349833496863 | 0.1297 | 69.3681 | 0 | 1301
PACZ | Range_Medium | 53 | 18438 | 214277810294709 | 0.190655 | 69.3681 | 0 | 1887
PACZ | Range_Medium | 54 | 109878 | 1279402132678500 | 1.32998 | 69.3681 | 0 | 9877
PACZ | Range_Medium | 55 | 98085 | 1156205586704583 | 1.17874 | 69.3681 | 0 | 8937
PACZ | Range_Medium | 56 | 22656 | 261238666152456 | 0.237942 | 69.3681 | 0 | 2281
PACZ | Range_Medium | 57 | 47340 | 520090553878161 | 0.514984 | 69.3681 | 0 | 4273
PACZ | Range_Medium | 58 | 17633 | 202928719428990 | 0.184695 | 69.3681 | 0 | 1727
PACZ | Range_Medium | 59 | 66653 | 760061744932440 | 0.824372 | 69.3681 | 0 | 6289
PACZ | Range_Medium | 60 | 48109 | 655487085105360 | 0.505686 | 69.3681 | 0 | 4273
PACZ | Range_Medium | 61 | 5600 | 66619508802492 | 0.064373 | 69.3681 | 0 | 709
PACZ | Range_Medium | 62 | 21304 | 257374894947645 | 0.228008 | 69.3681 | 0 | 2131
PACZ | Range_Medium | 63 | 41601 | 552454846130916 | 0.440041 | 69.3681 | 0 | 3807
PACZ | Range_Medium | 64 | 65026 | 757731958180953 | 0.722329 | 69.3681 | 0 | 5711
PACZ | Range_Medium | 65 | 1089 | 10598518829760 | 0.0279744 | 69.3681 | 0 | 419
PACZ | Range_Medium | 66 | 54624 | 653627089012572 | 0.530958 | 69.3681 | 0 | 4669
PACZ | Range_Medium | 67 | 26261 | 282171970759155 | 0.276327 | 69.3681 | 0 | 2489
PACZ | Range_Medium | 68 | 48897 | 687011002894557 | 0.511328 | 69.3681 | 0 | 4193
PACZ | Range_Medium | 69 | 40728 | 551544513945201 | 0.397364 | 69.3681 | 0 | 3651
PACZ | Range_Medium | 70 | 23246 | 304436177094999 | 0.27895 | 69.3681 | 0 | 2557
PACZ | Range_Medium | 71 | 11265 | 133882286494713 | 0.126044 | 69.3681 | 0 | 1343
PACZ | Range_Medium | 72 | 5913 | 66089160720012 | 0.0696977 | 69.3681 | 0 | 759
PACZ | Range_Medium | 73 | 26350 | 279626028739326 | 0.309944 | 69.3681 | 0 | 2699
PACZ | Range_Medium | 74 | 25619 | 315796390260336 | 0.269334 | 69.3681 | 0 | 2485
PACZ | Range_Medium | 75 | 24788 | 298444899236493 | 0.221332 | 69.3681 | 0 | 2415
PACZ | Range_Medium | 76 | 30289 | 359473025135034 | 0.311375 | 69.3681 | 0 | 2967
PACZ | Range_Medium | 77 | 64503 | 680421174895791 | 0.703971 | 69.3681 | 0 | 5687
PACZ | Range_Medium | 78 | 4397 | 57617302275924 | 0.0516574 | 69.3681 | 0 | 593
PACZ | Range_Medium | 79 | 12 | 20953324314 | 0.00333786 | 69.3681 | 0 | 111
PACZ | Range_Medium | 80 | 48036 | 575041406719701 | 0.51101 | 69.3681 | 0 | 4125
PACZ | Range_Medium | 81 | 39944 | 459147474478821 | 0.420729 | 69.3681 | 0 | 3757
PACZ | Range_Medium | 82 | 19718 | 235485837229395 | 0.214656 | 69.3681 | 0 | 2083
PACZ | Range_Medium | 83 | 68687 | 821141512493043 | 0.825961 | 69.3681 | 0 | 6675
PACZ | Range_Medium | 84 | 17796 | 233942659284330 | 0.191053 | 69.3681 | 0 | 1769
PACZ | Range_Medium | 85 | 35663 | 475361588180670 | 0.39204 | 69.3681 | 0 | 3341
PACZ | Range_Medium | 86 | 62243 | 640633425213825 | 0.714699 | 69.3681 | 0 | 5595
PACZ | Range_Medium | 87 | 17295 | 197352724228278 | 0.166655 | 69.3681 | 0 | 1667
PACZ | Range_Medium | 88 | 50140 | 690260856803367 | 0.546058 | 69.3681 | 0 | 4461
PACZ | Range_Medium | 89 | 16675 | 199719582417783 | 0.157595 | 69.3681 | 0 | 1523
PACZ | Range_Medium | 90 | 57147 | 583646747691636 | 0.635624 | 69.3681 | 0 | 5009
PACZ | Range_Medium | 91 | 3052 | 34279730875128 | 0.0409285 | 69.3681 | 0 | 519
PACZ | Range_Medium | 92 | 4995 | 60190765766730 | 0.0516574 | 69.3681 | 0 | 595
PACZ | Range_Medium | 93 | 28405 | 345447777705075 | 0.30899 | 69.3681 | 0 | 2893
PACZ | Range_Medium | 94 | 6509 | 53402512471515 | 0.0720024 | 69.3681 | 0 | 777
PACZ | Range_Medium | 95 | 26422 | 307572108409761 | 0.266631 | 69.3681 | 0 | 2545
PACZ | Range_Medium | 96 | 27167 | 363761556296769 | 0.269969 | 69.3681 | 0 | 2645
PACZ | Range_Medium | 97 | 13030 | 158532893460621 | 0.125011 | 69.3681 | 0 | 1223
PACZ | Range_Medium | 98 | 35759 | 368430497339028 | 0.384331 | 69.3681 | 0 | 3285
PACZ | Range_Medium | 99 | 15953 | 184037379391761 | 0.156005 | 69.3681 | 0 | 1503
PACZ | Range_Large | 0 | 694041 | 8197907770611138 | 8.20899 | 69.3681 | 0 | 56339
PACZ | Range_Large | 1 | 673639 | 7961250823134777 | 7.99402 | 69.3681 | 0 | 54529
PACZ | Range_Large | 2 | 705310 | 8320105685067270 | 8.3224 | 69.3681 | 0 | 56831
PACZ | Range_Large | 3 | 476966 | 5557592084264916 | 5.50405 | 69.3681 | 0 | 37937
PACZ | Range_Large | 4 | 492592 | 5749528271700168 | 5.64432 | 69.3681 | 0 | 39173
PACZ | Range_Large | 5 | 452179 | 5298246022355160 | 5.18266 | 69.3681 | 0 | 36011
PACZ | Range_Large | 6 | 454621 | 5442233968671162 | 5.37769 | 69.3681 | 0 | 37137
PACZ | Range_Large | 7 | 474592 | 5537552880315621 | 5.44103 | 69.3681 | 0 | 37889
PACZ | Range_Large | 8 | 541015 | 6457889001756441 | 6.44334 | 69.3681 | 0 | 43991
PACZ | Range_Large | 9 | 470047 | 5614695885118905 | 5.58305 | 69.3681 | 0 | 38359
PACZ | Range_Large | 10 | 575028 | 6846248978620908 | 6.82735 | 69.3681 | 0 | 46677
PACZ | Range_Large | 11 | 561091 | 6695708550221874 | 6.66563 | 69.3681 | 0 | 45715
PACZ | Range_Large | 12 | 573402 | 6828379548736608 | 6.71728 | 69.3681 | 0 | 46619
PACZ | Range_Large | 13 | 514967 | 6143628204482565 | 6.085 | 69.3681 | 0 | 41949
PACZ | Range_Large | 14 | 446813 | 5353301748754395 | 5.31634 | 69.3681 | 0 | 36495
PACZ | Range_Large | 15 | 352220 | 4028511904590909 | 4.07465 | 69.3681 | 0 | 28403
PACZ | Range_Large | 16 | 476721 | 5711640566856996 | 5.68938 | 69.3681 | 0 | 38903
PACZ | Range_Large | 17 | 778766 | 9120529598807160 | 9.19636 | 69.3681 | 0 | 62595
PACZ | Range_Large | 18 | 475399 | 5549820281568078 | 5.54498 | 69.3681 | 0 | 37949
PACZ | Range_Large | 19 | 585825 | 6868099740497211 | 6.929 | 69.3681 | 0 | 47509
PACZ | Range_Large | 20 | 628336 | 7374937229819304 | 7.62169 | 69.3681 | 0 | 50823
PACZ | Range_Large | 21 | 604697 | 7176763429190958 | 7.47403 | 69.3681 | 0 | 49389
PACZ | Range_Large | 22 | 477834 | 5580195804467490 | 5.5484 | 69.3681 | 0 | 38137
PACZ | Range_Large | 23 | 493420 | 5886718270584786 | 5.98796 | 69.3681 | 0 | 40215
PACZ | Range_Large | 24 | 509988 | 6086584378139370 | 6.09128 | 69.3681 | 0 | 41427
PACZ | Range_Large | 25 | 469049 | 5487668150305866 | 5.42068 | 69.3681 | 0 | 37427
PACZ | Range_Large | 26 | 585274 | 6960540536331630 | 6.88903 | 69.3681 | 0 | 47721
PACZ | Range_Large | 27 | 439566 | 5161131680448354 | 5.17098 | 69.3681 | 0 | 35091
PACZ | Range_Large | 28 | 484797 | 5792498698109763 | 5.77068 | 69.3681 | 0 | 39601
PACZ | Range_Large | 29 | 755612 | 8881772175546849 | 8.79534 | 69.3681 | 0 | 60777
PACZ | Range_Large | 30 | 495173 | 5907045875915586 | 5.88703 | 69.3681 | 0 | 40363
PACZ | Range_Large | 31 | 480912 | 5760425309086083 | 5.7013 | 69.3681 | 0 | 39263
PACZ | Range_Large | 32 | 553996 | 6605481848157339 | 6.65339 | 69.3681 | 0 | 44883
PACZ | Range_Large | 33 | 580360 | 6907097264599911 | 6.88895 | 69.3681 | 0 | 47025
PACZ | Range_Large | 34 | 494385 | 5898162390406767 | 5.92295 | 69.3681 | 0 | 40315
PACZ | Range_Large | 35 | 707387 | 8293582602386019 | 8.31103 | 69.3681 | 0 | 56963
PACZ | Range_Large | 36 | 359070 | 4105194333652836 | 4.09603 | 69.3681 | 0 | 28663
PACZ | Range_Large | 37 | 410994 | 4684928149864077 | 4.92334 | 69.3681 | 0 | 34385
PACZ | Range_Large | 38 | 533992 | 6360066051665709 | 6.31499 | 69.3681 | 0 | 43617
PACZ | Range_Large | 39 | 479992 | 5749355912321898 | 5.65569 | 69.3681 | 0 | 39151
PACZ | Range_Large | 40 | 371831 | 4273223991862044 | 4.29233 | 69.3681 | 0 | 29687
PACZ | Range_Large | 41 | 501334 | 5873034074919654 | 5.83235 | 69.3681 | 0 | 40289
PACZ | Range_Large | 42 | 486813 | 5667153467719164 | 5.60069 | 69.3681 | 0 | 38751
PACZ | Range_Large | 43 | 643483 | 7550398692590727 | 7.54102 | 69.3681 | 0 | 51957
PACZ | Range_Large | 44 | 658766 | 7722142895606940 | 7.72063 | 69.3681 | 0 | 53171
PACZ | Range_Large | 45 | 481488 | 5767786014618681 | 5.7373 | 69.3681 | 0 | 39259
PACZ | Range_Large | 46 | 569882 | 6689213084102814 | 6.65037 | 69.3681 | 0 | 46233
PACZ | Range_Large | 47 | 477445 | 5574255469388847 | 5.47298 | 69.3681 | 0 | 38123
PACZ | Range_Large | 48 | 722365 | 8482371802712985 | 8.43461 | 69.3681 | 0 | 58125
PACZ | Range_Large | 49 | 779926 | 9146569513747815 | 9.12333 | 69.3681 | 0 | 62569
PACZ | Range_Large | 50 | 468967 | 5603561705507916 | 5.57502 | 69.3681 | 0 | 38241
PACZ | Range_Large | 51 | 580630 | 6900842489167296 | 6.90603 | 69.3681 | 0 | 47305
PACZ | Range_Large | 52 | 362169 | 4146223438451508 | 4.12663 | 69.3681 | 0 | 28837
PACZ | Range_Large | 53 | 789714 | 9260583788074149 | 9.24635 | 69.3681 | 0 | 63363
PACZ | Range_Large | 54 | 754893 | 8838764796565842 | 8.81465 | 69.3681 | 0 | 60759
PACZ | Range_Large | 55 | 692378 | 8176621759377483 | 8.16035 | 69.3681 | 0 | 55849
PACZ | Range_Large | 56 | 729874 | 8609234013675702 | 8.55565 | 69.3681 | 0 | 58831
PACZ | Range_Large | 57 | 480647 | 5757134093346408 | 5.71799 | 69.3681 | 0 | 39237
PACZ | Range_Large | 58 | 343655 | 3914185871121219 | 3.91205 | 69.3681 | 0 | 27305
PACZ | Range_Large | 59 | 364338 | 4161658191754755 | 4.37498 | 69.3681 | 0 | 30537
PACZ | Range_Large | 60 | 529084 | 6317136145962150 | 6.33295 | 69.3681 | 0 | 43211
PACZ | Range_Large | 61 | 65 | 390794765871 | 0.00532468 | 69.3681 | 0 | 75
PACZ | Range_Large | 62 | 199536 | 2276388175950240 | 2.30503 | 69.3681 | 0 | 16501
PACZ | Range_Large | 63 | 492528 | 5896819849190427 | 5.84435 | 69.3681 | 0 | 40183
PACZ | Range_Large | 64 | 587113 | 6884418883106109 | 6.91565 | 69.3681 | 0 | 47557
PACZ | Range_Large | 65 | 737676 | 8680305492048276 | 8.58331 | 69.3681 | 0 | 59451
PACZ | Range_Large | 66 | 584140 | 6946008499062927 | 6.77403 | 69.3681 | 0 | 47595
PACZ | Range_Large | 67 | 330799 | 3824508203015979 | 3.81732 | 69.3681 | 0 | 27759
PACZ | Range_Large | 68 | 729694 | 8571397153599855 | 8.33472 | 69.3681 | 0 | 58731
PACZ | Range_Large | 69 | 629908 | 7455943207648653 | 7.48269 | 69.3681 | 0 | 51175
PACZ | Range_Large | 70 | 544694 | 6270029169904941 | 6.40527 | 69.3681 | 0 | 44255
PACZ | Range_Large | 71 | 784383 | 9199573461469578 | 9.20733 | 69.3681 | 0 | 63055
PACZ | Range_Large | 72 | 506854 | 6065599780788540 | 6.00704 | 69.3681 | 0 | 41445
PACZ | Range_Large | 73 | 574509 | 6837802930692756 | 6.92765 | 69.3681 | 0 | 46651
PACZ | Range_Large | 74 | 752860 | 8856354995112462 | 8.87632 | 69.3681 | 0 | 60637
PACZ | Range_Large | 75 | 579330 | 6899810782079454 | 6.90063 | 69.3681 | 0 | 46945
PACZ | Range_Large | 76 | 462392 | 5388489565605558 | 5.46106 | 69.3681 | 0 | 36933
PACZ | Range_Large | 77 | 784041 | 9197924333185407 | 9.29634 | 69.3681 | 0 | 62795
PACZ | Range_Large | 78 | 525989 | 6275064316543479 | 6.27836 | 69.3681 | 0 | 42863
PACZ | Range_Large | 79 | 280206 | 3491185153727619 | 3.304 | 69.3681 | 0 | 23065
PACZ | Range_Large | 80 | 482949 | 5635588133418294 | 5.4853 | 69.3681 | 0 | 38483
PACZ | Range_Large | 81 | 459945 | 5386495051985124 | 5.3126 | 69.3681 | 0 | 36551
PACZ | Range_Large | 82 | 747575 | 8806456337566521 | 8.78898 | 69.3681 | 0 | 60201
PACZ | Range_Large | 83 | 757498 | 8905131549003450 | 8.8284 | 69.3681 | 0 | 60893
PACZ | Range_Large | 84 | 517656 | 6177884903005872 | 6.14134 | 69.3681 | 0 | 42195
PACZ | Range_Large | 85 | 598732 | 7034306013145692 | 7.03295 | 69.3681 | 0 | 48511
PACZ | Range_Large | 86 | 705348 | 8264570505869937 | 8.28401 | 69.3681 | 0 | 56813
PACZ | Range_Large | 87 | 480917 | 5731414445746455 | 5.74573 | 69.3681 | 0 | 39227
PACZ | Range_Large | 88 | 492466 | 5874416892274032 | 5.862 | 69.3681 | 0 | 40129
PACZ | Range_Large | 89 | 584538 | 6858008941246962 | 6.9383 | 69.3681 | 0 | 47331
PACZ | Range_Large | 90 | 510785 | 6094666112945190 | 6.0397 | 69.3681 | 0 | 41479
PACZ | Range_Large | 91 | 460796 | 5369478576182550 | 5.30203 | 69.3681 | 0 | 36795
PACZ | Range_Large | 92 | 464476 | 5438882820960465 | 5.34503 | 69.3681 | 0 | 37107
PACZ | Range_Large | 93 | 553278 | 6498699335148579 | 6.46933 | 69.3681 | 0 | 44897
PACZ | Range_Large | 94 | 476321 | 5560199681442327 | 5.49666 | 69.3681 | 0 | 37997
PACZ | Range_Large | 95 | 574083 | 6835746681489702 | 6.76862 | 69.3681 | 0 | 46633
PACZ | Range_Large | 96 | 596795 | 7009343408854395 | 6.97803 | 69.3681 | 0 | 48451
PACZ | Range_Large | 97 | 561825 | 6696338062669197 | 6.72038 | 69.3681 | 0 | 46169
PACZ | Range_Large | 98 | 583571 | 6847620686003619 | 6.80296 | 69.3681 | 0 | 47151
PACZ | Range_Large | 99 | 743147 | 8752458389883807 | 8.72167 | 69.3681 | 0 | 59777
PACZ | kNN_10 | 0 | 10 | 112548919842 | 0.0642935 | 69.3681 | 0 | 450
PACZ | kNN_10 | 1 | 10 | 111931487805 | 0.0276566 | 69.3681 | 0 | 237
PACZ | kNN_10 | 2 | 10 | 146136486735 | 0.0490348 | 69.3681 | 0 | 409
PACZ | kNN_10 | 3 | 10 | 130081310295 | 0.0549952 | 69.3681 | 0 | 456
PACZ | kNN_10 | 4 | 10 | 111953771802 | 0.0216166 | 69.3681 | 0 | 228
PACZ | kNN_10 | 5 | 10 | 108849349332 | 0.0402927 | 69.3681 | 0 | 315
PACZ | kNN_10 | 6 | 10 | 129032951574 | 0.0439485 | 69.3681 | 0 | 401
PACZ | kNN_10 | 7 | 10 | 149533407249 | 0.0533263 | 69.3681 | 0 | 443
PACZ | kNN_10 | 8 | 10 | 146071572255 | 0.0492732 | 69.3681 | 0 | 420
PACZ | kNN_10 | 9 | 10 | 90162718512 | 0.0389417 | 69.3681 | 0 | 361
PACZ | kNN_10 | 10 | 10 | 129507527727 | 0.0429948 | 69.3681 | 0 | 356
PACZ | kNN_10 | 11 | 10 | 126123316386 | 0.0610352 | 69.3681 | 0 | 477
PACZ | kNN_10 | 12 | 10 | 128150699427 | 0.0293255 | 69.3681 | 0 | 263
PACZ | kNN_10 | 13 | 10 | 104296375431 | 0.039657 | 69.3681 | 0 | 344
PACZ | kNN_10 | 14 | 10 | 102554828784 | 0.0456174 | 69.3681 | 0 | 396
PACZ | kNN_10 | 15 | 10 | 122028957363 | 0.0299613 | 69.3681 | 0 | 224
PACZ | kNN_10 | 16 | 10 | 86878101588 | 0.0546773 | 69.3681 | 0 | 466
PACZ | kNN_10 | 17 | 10 | 158776153773 | 0.0303586 | 69.3681 | 0 | 262
PACZ | kNN_10 | 18 | 10 | 118808129562 | 0.0326633 | 69.3681 | 0 | 267
PACZ | kNN_10 | 19 | 10 | 120995237163 | 0.0572999 | 69.3681 | 0 | 472
PACZ | kNN_10 | 20 | 10 | 158680896054 | 0.048399 | 69.3681 | 0 | 379
PACZ | kNN_10 | 21 | 10 | 105660104898 | 0.037988 | 69.3681 | 0 | 331
PACZ | kNN_10 | 22 | 10 | 120442319901 | 0.0469685 | 69.3681 | 0 | 347
PACZ | kNN_10 | 23 | 10 | 102676020552 | 0.0563463 | 69.3681 | 0 | 438
PACZ | kNN_10 | 24 | 10 | 150027316167 | 0.0506242 | 69.3681 | 0 | 417
PACZ | kNN_10 | 25 | 10 | 130163893401 | 0.0256697 | 69.3681 | 0 | 279
PACZ | kNN_10 | 26 | 10 | 130163904444 | 0.0306765 | 69.3681 | 0 | 316
PACZ | kNN_10 | 27 | 10 | 120069789669 | 0.0286897 | 69.3681 | 0 | 261
PACZ | kNN_10 | 28 | 10 | 129812526015 | 0.0549952 | 69.3681 | 0 | 479
PACZ | kNN_10 | 29 | 10 | 159244243359 | 0.0316302 | 69.3681 | 0 | 333
PACZ | kNN_10 | 30 | 10 | 130081028439 | 0.0456174 | 69.3681 | 0 | 429
PACZ | kNN_10 | 31 | 10 | 126701389407 | 0.0472864 | 69.3681 | 0 | 420
PACZ | kNN_10 | 32 | 10 | 126294117897 | 0.0499884 | 69.3681 | 0 | 437
PACZ | kNN_10 | 33 | 10 | 138679176759 | 0.0363986 | 69.3681 | 0 | 329
PACZ | kNN_10 | 34 | 10 | 119782455063 | 0.0449816 | 69.3681 | 0 | 373
PACZ | kNN_10 | 35 | 10 | 59610377643 | 0.0393391 | 69.3681 | 0 | 329
PACZ | kNN_10 | 36 | 10 | 138320505474 | 0.0273387 | 69.3681 | 0 | 191
PACZ | kNN_10 | 37 | 10 | 111932114835 | 0.0259876 | 69.3681 | 0 | 239
PACZ | kNN_10 | 38 | 10 | 139277128536 | 0.0253518 | 69.3681 | 0 | 227
PACZ | kNN_10 | 39 | 10 | 139086164898 | 0.0256697 | 69.3681 | 0 | 235
PACZ | kNN_10 | 40 | 10 | 119780153292 | 0.0536442 | 69.3681 | 0 | 446
PACZ | kNN_10 | 41 | 10 | 132367079613 | 0.0363191 | 69.3681 | 0 | 337
PACZ | kNN_10 | 42 | 10 | 126178447701 | 0.0533263 | 69.3681 | 0 | 479
PACZ | kNN_10 | 43 | 10 | 123241673691 | 0.0352859 | 69.3681 | 0 | 283
PACZ | kNN_10 | 44 | 10 | 138187859637 | 0.0346502 | 69.3681 | 0 | 273
PACZ | kNN_10 | 45 | 10 | 139931567028 | 0.0546773 | 69.3681 | 0 | 468
PACZ | kNN_10 | 46 | 10 | 124346990082 | 0.044028 | 69.3681 | 0 | 392
PACZ | kNN_10 | 47 | 10 | 138183493935 | 0.0373522 | 69.3681 | 0 | 271
PACZ | kNN_10 | 48 | 10 | 102501908568 | 0.0460148 | 69.3681 | 0 | 349
PACZ | kNN_10 | 49 | 10 | 102407529735 | 0.0329812 | 69.3681 | 0 | 282
PACZ | kNN_10 | 50 | 10 | 129474535359 | 0.0513395 | 69.3681 | 0 | 419
PACZ | kNN_10 | 51 | 10 | 119057772363 | 0.041008 | 69.3681 | 0 | 416
PACZ | kNN_10 | 52 | 10 | 126701402121 | 0.0397364 | 69.3681 | 0 | 408
PACZ | kNN_10 | 53 | 10 | 131414646225 | 0.0309944 | 69.3681 | 0 | 251
PACZ | kNN_10 | 54 | 10 | 107803305453 | 0.0313123 | 69.3681 | 0 | 313
PACZ | kNN_10 | 55 | 10 | 111916737705 | 0.0473658 | 69.3681 | 0 | 379
PACZ | kNN_10 | 56 | 10 | 120458538369 | 0.0383854 | 69.3681 | 0 | 325
PACZ | kNN_10 | 57 | 10 | 125519972178 | 0.0273387 | 69.3681 | 0 | 293
PACZ | kNN_10 | 58 | 10 | 150943487055 | 0.0333786 | 69.3681 | 0 | 241
PACZ | kNN_10 | 59 | 10 | 111910861383 | 0.0456969 | 69.3681 | 0 | 383
PACZ | kNN_10 | 60 | 10 | 62665158669 | 0.0353654 | 69.3681 | 0 | 269
PACZ | kNN_10 | 61 | 10 | 120467245821 | 0.0223319 | 69.3681 | 0 | 236
PACZ | kNN_10 | 62 | 10 | 130649960418 | 0.0376701 | 69.3681 | 0 | 371
PACZ | kNN_10 | 63 | 10 | 142810538175 | 0.0549952 | 69.3681 | 0 | 421
PACZ | kNN_10 | 64 | 10 | 138183487008 | 0.0360012 | 69.3681 | 0 | 271
PACZ | kNN_10 | 65 | 10 | 137163144624 | 0.0383059 | 69.3681 | 0 | 347
PACZ | kNN_10 | 66 | 10 | 134678395701 | 0.0352859 | 69.3681 | 0 | 269
PACZ | kNN_10 | 67 | 10 | 135766920144 | 0.0503063 | 69.3681 | 0 | 418
PACZ | kNN_10 | 68 | 10 | 126889288605 | 0.0330607 | 69.3681 | 0 | 330
PACZ | kNN_10 | 69 | 10 | 126370716207 | 0.0446637 | 69.3681 | 0 | 348
PACZ | kNN_10 | 70 | 10 | 137321092893 | 0.0183582 | 69.3681 | 0 | 143
PACZ | kNN_10 | 71 | 10 | 139289253222 | 0.0309944 | 69.3681 | 0 | 312
PACZ | kNN_10 | 72 | 10 | 102406726344 | 0.0270208 | 69.3681 | 0 | 247
PACZ | kNN_10 | 73 | 10 | 102502336122 | 0.0436306 | 69.3681 | 0 | 349
PACZ | kNN_10 | 74 | 10 | 117169599279 | 0.0536442 | 69.3681 | 0 | 435
PACZ | kNN_10 | 75 | 10 | 158426254197 | 0.0590483 | 69.3681 | 0 | 423
PACZ | kNN_10 | 76 | 10 | 59529386709 | 0.0449816 | 69.3681 | 0 | 347
PACZ | kNN_10 | 77 | 10 | 138794609448 | 0.0246366 | 69.3681 | 0 | 205
PACZ | kNN_10 | 78 | 10 | 129785534592 | 0.0406106 | 69.3681 | 0 | 368
PACZ | kNN_10 | 79 | 10 | 73666244157 | 0.0182788 | 69.3681 | 0 | 175
PACZ | kNN_10 | 80 | 10 | 111902514633 | 0.0286897 | 69.3681 | 0 | 238
PACZ | kNN_10 | 81 | 10 | 96068234445 | 0.0466506 | 69.3681 | 0 | 427
PACZ | kNN_10 | 82 | 10 | 123094193898 | 0.0367165 | 69.3681 | 0 | 323
PACZ | kNN_10 | 83 | 10 | 145368230745 | 0.0390212 | 69.3681 | 0 | 350
PACZ | kNN_10 | 84 | 10 | 130010235630 | 0.0576178 | 69.3681 | 0 | 489
PACZ | kNN_10 | 85 | 10 | 127873260438 | 0.0393391 | 69.3681 | 0 | 377
PACZ | kNN_10 | 86 | 10 | 102407528751 | 0.0293255 | 69.3681 | 0 | 260
PACZ | kNN_10 | 87 | 10 | 102712295919 | 0.0309944 | 69.3681 | 0 | 306
PACZ | kNN_10 | 88 | 10 | 122665986615 | 0.0363191 | 69.3681 | 0 | 298
PACZ | kNN_10 | 89 | 10 | 118807468950 | 0.0393391 | 69.3681 | 0 | 288
PACZ | kNN_10 | 90 | 10 | 112010947761 | 0.0349681 | 69.3681 | 0 | 313
PACZ | kNN_10 | 91 | 10 | 140787827691 | 0.0499884 | 69.3681 | 0 | 387
PACZ | kNN_10 | 92 | 10 | 59430821025 | 0.044028 | 69.3681 | 0 | 387
PACZ | kNN_10 | 93 | 10 | 104296374027 | 0.045379 | 69.3681 | 0 | 379
PACZ | kNN_10 | 94 | 10 | 126099049869 | 0.058651 | 69.3681 | 0 | 498
PACZ | kNN_10 | 95 | 10 | 129933620496 | 0.0452995 | 69.3681 | 0 | 418
PACZ | kNN_10 | 96 | 10 | 139842004902 | 0.0623067 | 69.3681 | 0 | 508
PACZ | kNN_10 | 97 | 10 | 124016810382 | 0.0326633 | 69.3681 | 0 | 307
PACZ | kNN_10 | 98 | 10 | 106245652878 | 0.0386238 | 69.3681 | 0 | 280
PACZ | kNN_10 | 99 | 10 | 111953616033 | 0.0286102 | 69.3681 | 0 | 263
PACZ | kNN_100 | 0 | 100 | 1125489174003 | 0.350634 | 69.3681 | 0 | 885
PACZ | kNN_100 | 1 | 100 | 1117035252243 | 0.199318 | 69.3681 | 0 | 479
PACZ | kNN_100 | 2 | 100 | 1461364758888 | 0.246684 | 69.3681 | 0 | 716
PACZ | kNN_100 | 3 | 100 | 1279112962245 | 0.293016 | 69.3681 | 0 | 784
PACZ | kNN_100 | 4 | 100 | 1119537703422 | 0.14631 | 69.3681 | 0 | 395
PACZ | kNN_100 | 5 | 100 | 1069371573198 | 0.239293 | 69.3681 | 0 | 664
PACZ | kNN_100 | 6 | 100 | 1290329788116 | 0.260671 | 69.3681 | 0 | 742
PACZ | kNN_100 | 7 | 100 | 1486289149290 | 0.272353 | 69.3681 | 0 | 732
PACZ | kNN_100 | 8 | 100 | 1460715751650 | 0.330289 | 69.3681 | 0 | 814
PACZ | kNN_100 | 9 | 100 | 901627190523 | 0.27736 | 69.3681 | 0 | 730
PACZ | kNN_100 | 10 | 100 | 1193866856844 | 0.243028 | 69.3681 | 0 | 694
PACZ | kNN_100 | 11 | 100 | 1261226999163 | 0.357707 | 69.3681 | 0 | 975
PACZ | kNN_100 | 12 | 100 | 1298467644147 | 0.144005 | 69.3681 | 0 | 366
PACZ | kNN_100 | 13 | 100 | 1042963754118 | 0.248671 | 69.3681 | 0 | 716
PACZ | kNN_100 | 14 | 100 | 1025548307664 | 0.288645 | 69.3681 | 0 | 766
PACZ | kNN_100 | 15 | 100 | 1220290984857 | 0.191371 | 69.3681 | 0 | 437
PACZ | kNN_100 | 16 | 100 | 1012399794813 | 0.315348 | 69.3681 | 0 | 912
PACZ | kNN_100 | 17 | 100 | 1587647308749 | 0.185966 | 69.3681 | 0 | 457
PACZ | kNN_100 | 18 | 100 | 1188081296274 | 0.16729 | 69.3681 | 0 | 449
PACZ | kNN_100 | 19 | 100 | 1057912628616 | 0.303666 | 69.3681 | 0 | 924
PACZ | kNN_100 | 20 | 100 | 1586477908683 | 0.233014 | 69.3681 | 0 | 583
PACZ | kNN_100 | 21 | 100 | 998868854712 | 0.195265 | 69.3681 | 0 | 587
PACZ | kNN_100 | 22 | 100 | 1203587782884 | 0.224034 | 69.3681 | 0 | 532
PACZ | kNN_100 | 23 | 100 | 1027554995568 | 0.260671 | 69.3681 | 0 | 766
PACZ | kNN_100 | 24 | 100 | 1371929609532 | 0.237068 | 69.3681 | 0 | 724
PACZ | kNN_100 | 25 | 100 | 1301639629383 | 0.157356 | 69.3681 | 0 | 487
PACZ | kNN_100 | 26 | 100 | 1301639003151 | 0.162363 | 69.3681 | 0 | 526
PACZ | kNN_100 | 27 | 100 | 1194537817308 | 0.158946 | 69.3681 | 0 | 413
PACZ | kNN_100 | 28 | 100 | 1207336097232 | 0.29095 | 69.3681 | 0 | 935
PACZ | kNN_100 | 29 | 100 | 1503348046059 | 0.166337 | 69.3681 | 0 | 599
PACZ | kNN_100 | 30 | 100 | 1288776598362 | 0.23071 | 69.3681 | 0 | 756
PACZ | kNN_100 | 31 | 100 | 1217399995350 | 0.275373 | 69.3681 | 0 | 923
PACZ | kNN_100 | 32 | 100 | 1259328367800 | 0.267029 | 69.3681 | 0 | 863
PACZ | kNN_100 | 33 | 100 | 1406562406455 | 0.207663 | 69.3681 | 0 | 612
PACZ | kNN_100 | 34 | 100 | 1167148309281 | 0.262976 | 69.3681 | 0 | 632
PACZ | kNN_100 | 35 | 100 | 596128111785 | 0.203292 | 69.3681 | 0 | 619
PACZ | kNN_100 | 36 | 100 | 1383205125990 | 0.15227 | 69.3681 | 0 | 286
PACZ | kNN_100 | 37 | 100 | 1109054816268 | 0.150998 | 69.3681 | 0 | 481
PACZ | kNN_100 | 38 | 100 | 1392771342753 | 0.146707 | 69.3681 | 0 | 413
PACZ | kNN_100 | 39 | 100 | 1390857670599 | 0.150998 | 69.3681 | 0 | 442
PACZ | kNN_100 | 40 | 100 | 1197801535767 | 0.28038 | 69.3681 | 0 | 737
PACZ | kNN_100 | 41 | 100 | 1197882490290 | 0.254711 | 69.3681 | 0 | 652
PACZ | kNN_100 | 42 | 100 | 1208560451742 | 0.313044 | 69.3681 | 0 | 914
PACZ | kNN_100 | 43 | 100 | 1246805214045 | 0.229994 | 69.3681 | 0 | 565
PACZ | kNN_100 | 44 | 100 | 1381878598065 | 0.157992 | 69.3681 | 0 | 465
PACZ | kNN_100 | 45 | 100 | 1394235131157 | 0.289679 | 69.3681 | 0 | 825
PACZ | kNN_100 | 46 | 100 | 1243470690756 | 0.252008 | 69.3681 | 0 | 796
PACZ | kNN_100 | 47 | 100 | 1381834916469 | 0.186046 | 69.3681 | 0 | 472
PACZ | kNN_100 | 48 | 100 | 1033680165390 | 0.200987 | 69.3681 | 0 | 628
PACZ | kNN_100 | 49 | 100 | 1049767691559 | 0.159343 | 69.3681 | 0 | 485
PACZ | kNN_100 | 50 | 100 | 1297285021563 | 0.264009 | 69.3681 | 0 | 818
PACZ | kNN_100 | 51 | 100 | 1194864968838 | 0.32266 | 69.3681 | 0 | 913
PACZ | kNN_100 | 52 | 100 | 1167787074048 | 0.294606 | 69.3681 | 0 | 926
PACZ | kNN_100 | 53 | 100 | 1303080118926 | 0.184298 | 69.3681 | 0 | 451
PACZ | kNN_100 | 54 | 100 | 1075604753052 | 0.18239 | 69.3681 | 0 | 629
PACZ | kNN_100 | 55 | 100 | 1119167377782 | 0.224034 | 69.3681 | 0 | 642
PACZ | kNN_100 | 56 | 100 | 1212874066437 | 0.159979 | 69.3681 | 0 | 450
PACZ | kNN_100 | 57 | 100 | 1240002709269 | 0.145356 | 69.3681 | 0 | 535
PACZ | kNN_100 | 58 | 100 | 1425504217293 | 0.136296 | 69.3681 | 0 | 370
PACZ | kNN_100 | 59 | 100 | 1119108616029 | 0.274022 | 69.3681 | 0 | 715
PACZ | kNN_100 | 60 | 100 | 626651613834 | 0.131687 | 69.3681 | 0 | 380
PACZ | kNN_100 | 61 | 100 | 1204672476456 | 0.104348 | 69.3681 | 0 | 328
PACZ | kNN_100 | 62 | 100 | 1283383539654 | 0.200033 | 69.3681 | 0 | 690
PACZ | kNN_100 | 63 | 100 | 1310208507435 | 0.257333 | 69.3681 | 0 | 707
PACZ | kNN_100 | 64 | 100 | 1381834913559 | 0.16435 | 69.3681 | 0 | 469
PACZ | kNN_100 | 65 | 100 | 1371631475289 | 0.252326 | 69.3681 | 0 | 692
PACZ | kNN_100 | 66 | 100 | 1327896810042 | 0.204722 | 69.3681 | 0 | 493
PACZ | kNN_100 | 67 | 100 | 1371929610702 | 0.224352 | 69.3681 | 0 | 724
PACZ | kNN_100 | 68 | 100 | 1242001017576 | 0.186364 | 69.3681 | 0 | 691
PACZ | kNN_100 | 69 | 100 | 1094003658981 | 0.183026 | 69.3681 | 0 | 548
PACZ | kNN_100 | 70 | 100 | 1375233136245 | 0.0777245 | 69.3681 | 0 | 204
PACZ | kNN_100 | 71 | 100 | 1315191243162 | 0.158707 | 69.3681 | 0 | 495
PACZ | kNN_100 | 72 | 100 | 1045968600564 | 0.121673 | 69.3681 | 0 | 424
PACZ | kNN_100 | 73 | 100 | 1024850017398 | 0.201066 | 69.3681 | 0 | 609
PACZ | kNN_100 | 74 | 100 | 1184122431972 | 0.291348 | 69.3681 | 0 | 837
PACZ | kNN_100 | 75 | 100 | 1584262453674 | 0.301361 | 69.3681 | 0 | 665
PACZ | kNN_100 | 76 | 100 | 793168032219 | 0.219027 | 69.3681 | 0 | 699
PACZ | kNN_100 | 77 | 100 | 1385105626743 | 0.128667 | 69.3681 | 0 | 366
PACZ | kNN_100 | 78 | 100 | 1136061155202 | 0.23063 | 69.3681 | 0 | 714
PACZ | kNN_100 | 79 | 100 | 804142026927 | 0.12366 | 69.3681 | 0 | 387
PACZ | kNN_100 | 80 | 100 | 983235170907 | 0.142336 | 69.3681 | 0 | 398
PACZ | kNN_100 | 81 | 100 | 1067694111516 | 0.219027 | 69.3681 | 0 | 701
PACZ | kNN_100 | 82 | 100 | 1230928534452 | 0.194311 | 69.3681 | 0 | 606
PACZ | kNN_100 | 83 | 100 | 1448163137430 | 0.20504 | 69.3681 | 0 | 749
PACZ | kNN_100 | 84 | 100 | 1300424499930 | 0.255346 | 69.3681 | 0 | 831
PACZ | kNN_100 | 85 | 100 | 1275957473301 | 0.171264 | 69.3681 | 0 | 642
PACZ | kNN_100 | 86 | 100 | 1024075277742 | 0.13868 | 69.3681 | 0 | 464
PACZ | kNN_100 | 87 | 100 | 1026724121517 | 0.200033 | 69.3681 | 0 | 621
PACZ | kNN_100 | 88 | 100 | 1299434508165 | 0.181993 | 69.3681 | 0 | 520
PACZ | kNN_100 | 89 | 100 | 1188073974363 | 0.168959 | 69.3681 | 0 | 511
PACZ | kNN_100 | 90 | 100 | 1120109510226 | 0.165621 | 69.3681 | 0 | 511
PACZ | kNN_100 | 91 | 100 | 1407879024504 | 0.222286 | 69.3681 | 0 | 610
PACZ | kNN_100 | 92 | 100 | 607407974568 | 0.223319 | 69.3681 | 0 | 743
PACZ | kNN_100 | 93 | 100 | 1042005832254 | 0.232697 | 69.3681 | 0 | 794
PACZ | kNN_100 | 94 | 100 | 1201209049920 | 0.311057 | 69.3681 | 0 | 989
PACZ | kNN_100 | 95 | 100 | 1298036041668 | 0.207345 | 69.3681 | 0 | 712
PACZ | kNN_100 | 96 | 100 | 1407267835941 | 0.285705 | 69.3681 | 0 | 869
PACZ | kNN_100 | 97 | 100 | 1240168098261 | 0.222047 | 69.3681 | 0 | 567
PACZ | kNN_100 | 98 | 100 | 1024829311353 | 0.188033 | 69.3681 | 0 | 545
PACZ | kNN_100 | 99 | 100 | 1119536181012 | 0.217994 | 69.3681 | 0 | 474
