Algo | QType | QID | Count | Hash | Time_ms | Mem_Tree_MB | Mem_Delta_MB | Nodes
PACZ | Range_Small | 0 | 3178 | 38257600652253 | 0.055631 | 52.2498 | 0 | 463
PACZ | Range_Small | 1 | 35 | 386186387676 | 0.00373522 | 52.2498 | 0 | 127
PACZ | Range_Small | 2 | 716 | 6455046202464 | 0.0162919 | 52.2498 | 0 | 283
PACZ | Range_Small | 3 | 1141 | 13933635361713 | 0.0173251 | 52.2498 | 0 | 323
PACZ | Range_Small | 4 | 1050 | 12578969438211 | 0.0227292 | 52.2498 | 0 | 361
PACZ | Range_Small | 5 | 257 | 2786194366854 | 0.00762939 | 52.2498 | 0 | 223
PACZ | Range_Small | 6 | 583 | 6915198621231 | 0.0166893 | 52.2498 | 0 | 289
PACZ | Range_Small | 7 | 9818 | 113822380850442 | 0.144958 | 52.2498 | 0 | 1275
PACZ | Range_Small | 8 | 3223 | 38107247778276 | 0.0387033 | 52.2498 | 0 | 451
PACZ | Range_Small | 9 | 1004 | 11889784993410 | 0.0216961 | 52.2498 | 0 | 273
PACZ | Range_Small | 10 | 3948 | 47643521299941 | 0.0480016 | 52.2498 | 0 | 611
PACZ | Range_Small | 11 | 104 | 1088146809648 | 0.00572205 | 52.2498 | 0 | 161
PACZ | Range_Small | 12 | 21187 | 253681017886578 | 0.230312 | 52.2498 | 0 | 2167
PACZ | Range_Small | 13 | 435 | 5475621657279 | 0.0113646 | 52.2498 | 0 | 299
PACZ | Range_Small | 14 | 1201 | 13516534927956 | 0.0173251 | 52.2498 | 0 | 337
PACZ | Range_Small | 15 | 825 | 10779237257877 | 0.015974 | 52.2498 | 0 | 321
PACZ | Range_Small | 16 | 479 | 5671475834202 | 0.00905991 | 52.2498 | 0 | 253
PACZ | Range_Small | 17 | 1706 | 18084711183057 | 0.0253518 | 52.2498 | 0 | 401
PACZ | Range_Small | 18 | 1555 | 16292022718893 | 0.023365 | 52.2498 | 0 | 437
PACZ | Range_Small | 19 | 19 | 168657363351 | 0.00365575 | 52.2498 | 0 | 129
PACZ | Range_Small | 20 | 2586 | 30956128422117 | 0.0280539 | 52.2498 | 0 | 451
PACZ | Range_Small | 21 | 7936 | 99544695228333 | 0.0780423 | 52.2498 | 0 | 973
PACZ | Range_Small | 22 | 805 | 9642873841245 | 0.0106494 | 52.2498 | 0 | 249
PACZ | Range_Small | 23 | 558 | 6269327277687 | 0.0143846 | 52.2498 | 0 | 335
PACZ | Range_Small | 24 | 522 | 4954740293502 | 0.0106494 | 52.2498 | 0 | 247
PACZ | Range_Small | 25 | 2144 | 30205135971927 | 0.0253518 | 52.2498 | 0 | 435
PACZ | Range_Small | 26 | 7594 | 93253781731620 | 0.0660419 | 52.2498 | 0 | 887
PACZ | Range_Small | 27 | 325 | 4612910603076 | 0.00699361 | 52.2498 | 0 | 217
PACZ | Range_Small | 28 | 59 | 522063350862 | 0.00492732 | 52.2498 | 0 | 175
PACZ | Range_Small | 29 | 974 | 15436374409644 | 0.0139872 | 52.2498 | 0 | 319
PACZ | Range_Small | 30 | 7593 | 91658895453312 | 0.0680288 | 52.2498 | 0 | 1009
PACZ | Range_Small | 31 | 265 | 3191997288663 | 0.00699361 | 52.2498 | 0 | 201
PACZ | Range_Small | 32 | 187 | 1911291348597 | 0.00762939 | 52.2498 | 0 | 227
PACZ | Range_Small | 33 | 969 | 12867731961507 | 0.0173251 | 52.2498 | 0 | 315
PACZ | Range_Small | 34 | 15132 | 189058421520021 | 0.161966 | 52.2498 | 0 | 1611
PACZ | Range_Small | 35 | 826 | 10183431495540 | 0.0173251 | 52.2498 | 0 | 277
PACZ | Range_Small | 36 | 1965 | 22696056017466 | 0.0293255 | 52.2498 | 0 | 417
PACZ | Range_Small | 37 | 610 | 8850418777365 | 0.0109673 | 52.2498 | 0 | 277
PACZ | Range_Small | 38 | 719 | 8569017757566 | 0.0136693 | 52.2498 | 0 | 293
PACZ | Range_Small | 39 | 1426 | 12052112063364 | 0.0253518 | 52.2498 | 0 | 411
PACZ | Range_Small | 40 | 1 | 8708670198 | 0.00603994 | 52.2498 | 0 | 51
PACZ | Range_Small | 41 | 577 | 5664386385336 | 0.0166893 | 52.2498 | 0 | 287
PACZ | Range_Small | 42 | 17 | 137264908290 | 0.0046889 | 52.2498 | 0 | 179
PACZ | Range_Small | 43 | 1198 | 8136582834810 | 0.017643 | 52.2498 | 0 | 325
PACZ | Range_Small | 44 | 924 | 11442185953503 | 0.015974 | 52.2498 | 0 | 317
PACZ | Range_Small | 45 | 478 | 6053331086502 | 0.0143051 | 52.2498 | 0 | 217
PACZ | Range_Small | 46 | 19855 | 241727771200803 | 0.224352 | 52.2498 | 0 | 2133
PACZ | Range_Small | 47 | 1887 | 24797346620640 | 0.0256697 | 52.2498 | 0 | 365
PACZ | Range_Small | 48 | 1954 | 24342007049937 | 0.0343323 | 52.2498 | 0 | 475
PACZ | Range_Small | 49 | 51 | 542905151595 | 0.00635783 | 52.2498 | 0 | 219
PACZ | Range_Small | 50 | 5520 | 69383408076480 | 0.0623067 | 52.2498 | 0 | 777
PACZ | Range_Small | 51 | 1696 | 20927518578423 | 0.0346502 | 52.2498 | 0 | 351
PACZ | Range_Small | 52 | 454 | 6313508781498 | 0.00961622 | 52.2498 | 0 | 269
PACZ | Range_Small | 53 | 7618 | 88136969236236 | 0.100295 | 52.2498 | 0 | 1103
PACZ | Range_Small | 54 | 948 | 11416906457451 | 0.0143051 | 52.2498 | 0 | 263
PACZ | Range_Small | 55 | 628 | 9432812530275 | 0.0147025 | 52.2498 | 0 | 285
PACZ | Range_Small | 56 | 1643 | 17693745569643 | 0.0399748 | 52.2498 | 0 | 403
PACZ | Range_Small | 57 | 745 | 8568175998759 | 0.014623 | 52.2498 | 0 | 295
PACZ | Range_Small | 58 | 3981 | 51829717620387 | 0.0332991 | 52.2498 | 0 | 469
PACZ | Range_Small | 59 | 312 | 3280281816171 | 0.00866254 | 52.2498 | 0 | 227
PACZ | Range_Small | 60 | 193 | 2282086131858 | 0.0073115 | 52.2498 | 0 | 193
PACZ | Range_Small | 61 | 1549 | 16072288632405 | 0.0223319 | 52.2498 | 0 | 411
PACZ | Range_Small | 62 | 333 | 4557429250596 | 0.0123183 | 52.2498 | 0 | 297
PACZ | Range_Small | 63 | 665 | 7294049217684 | 0.0147025 | 52.2498 | 0 | 317
PACZ | Range_Small | 64 | 4815 | 64158682232025 | 0.0526905 | 52.2498 | 0 | 743
PACZ | Range_Small | 65 | 1719 | 18442216544751 | 0.0240008 | 52.2498 | 0 | 451
PACZ | Range_Small | 66 | 251 | 3481050974976 | 0.00699361 | 52.2498 | 0 | 191
PACZ | Range_Small | 67 | 507 | 5200185970113 | 0.0107288 | 52.2498 | 0 | 287
PACZ | Range_Small | 68 | 46 | 202455955389 | 0.0046889 | 52.2498 | 0 | 163
PACZ | Range_Small | 69 | 4398 | 50112691321005 | 0.0566641 | 52.2498 | 0 | 641
PACZ | Range_Small | 70 | 250 | 2987435921418 | 0.00770887 | 52.2498 | 0 | 213
PACZ | Range_Small | 71 | 1232 | 11568986106672 | 0.0230471 | 52.2498 | 0 | 365
PACZ | Range_Small | 72 | 933 | 11729304449007 | 0.0186761 | 52.2498 | 0 | 311
PACZ | Range_Small | 73 | 1724 | 20522286153402 | 0.0253518 | 52.2498 | 0 | 389
PACZ | Range_Small | 74 | 250 | 3683595076707 | 0.0126362 | 52.2498 | 0 | 231
PACZ | Range_Small | 75 | 13192 | 163950203833101 | 0.163635 | 52.2498 | 0 | 1521
PACZ | Range_Small | 76 | 281 | 3247997073282 | 0.0166893 | 52.2498 | 0 | 225
PACZ | Range_Small | 77 | 227 | 1827687081609 | 0.00866254 | 52.2498 | 0 | 209
PACZ | Range_Small | 78 | 605 | 7378849896021 | 0.0120004 | 52.2498 | 0 | 277
PACZ | Range_Small | 79 | 3288 | 40011796349703 | 0.0543594 | 52.2498 | 0 | 589
PACZ | Range_Small | 80 | 592 | 6641719538337 | 0.0229677 | 52.2498 | 0 | 329
PACZ | Range_Small | 81 | 17734 | 219277320826854 | 0.179688 | 52.2498 | 0 | 1875
PACZ | Range_Small | 82 | 1637 | 19516165076700 | 0.0296434 | 52.2498 | 0 | 365
PACZ | Range_Small | 83 | 267 | 3759291259071 | 0.0136693 | 52.2498 | 0 | 247
PACZ | Range_Small | 84 | 332 | 2403651564612 | 0.00969569 | 52.2498 | 0 | 245
PACZ | Range_Small | 85 | 565 | 5860889494191 | 0.0112851 | 52.2498 | 0 | 259
PACZ | Range_Small | 86 | 7210 | 91685592130503 | 0.0866254 | 52.2498 | 0 | 889
PACZ | Range_Small | 87 | 3111 | 34107689176359 | 0.0436306 | 52.2498 | 0 | 505
PACZ | Range_Small | 88 | 635 | 7783756257555 | 0.0110467 | 52.2498 | 0 | 277
PACZ | Range_Small | 89 | 1512 | 17922179540661 | 0.0213782 | 52.2498 | 0 | 377
PACZ | Range_Small | 90 | 1993 | 23880567704124 | 0.0276566 | 52.2498 | 0 | 393
PACZ | Range_Small | 91 | 814 | 10291350456393 | 0.0150204 | 52.2498 | 0 | 257
PACZ | Range_Small | 92 | 10834 | 136069195323630 | 0.102361 | 52.2498 | 0 | 1173
PACZ | Range_Small | 93 | 131 | 1930201984407 | 0.00540415 | 52.2498 | 0 | 179
PACZ | Range_Small | 94 | 523 | 7167812938365 | 0.00929832 | 52.2498 | 0 | 213
PACZ | Range_Small | 95 | 358 | 4542412411560 | 0.00826518 | 52.2498 | 0 | 243
PACZ | Range_Small | 96 | 7701 | 93159773017425 | 0.0762939 | 52.2498 | 0 | 999
PACZ | Range_Small | 97 | 317 | 4378167486123 | 0.00770887 | 52.2498 | 0 | 233
PACZ | Range_Small | 98 | 53 | 683966241555 | 0.00564257 | 52.2498 | 0 | 195
PACZ | Range_Small | 99 | 41 | 222974215212 | 0.00500679 | 52.2498 | 0 | 189
PACZ | Range_Medium | 0 | 15994 | 184589801343672 | 0.136296 | 52.2498 | 0 | 1569
PACZ | Range_Medium | 1 | 45889 | 643610364088104 | 0.480334 | 52.2498 | 0 | 4093
PACZ | Range_Medium | 2 | 37625 | 416371480361889 | 0.336647 | 52.2498 | 0 | 3459
PACZ | Range_Medium | 3 | 43013 | 533280685056207 | 0.386318 | 52.2498 | 0 | 3903
PACZ | Range_Medium | 4 | 187 | 932883405438 | 0.0109673 | 52.2498 | 0 | 161
PACZ | Range_Medium | 5 | 18628 | 203191216942398 | 0.174681 | 52.2498 | 0 | 2027
PACZ | Range_Medium | 6 | 15110 | 160290111950952 | 0.108719 | 52.2498 | 0 | 1695
PACZ | Range_Medium | 7 | 64475 | 678707849707188 | 0.589689 | 52.2498 | 0 | 5467
PACZ | Range_Medium | 8 | 46762 | 655630656844893 | 0.406663 | 52.2498 | 0 | 4173
PACZ | Range_Medium | 9 | 123817 | 1460285075118393 | 1.20099 | 52.2498 | 0 | 10245
PACZ | Range_Medium | 10 | 30919 | 378727222830057 | 0.260671 | 52.2498 | 0 | 3055
PACZ | Range_Medium | 11 | 7320 | 96456661130208 | 0.0679493 | 52.2498 | 0 | 847
PACZ | Range_Medium | 12 | 100939 | 1204140118361319 | 1.01463 | 52.2498 | 0 | 8389
PACZ | Range_Medium | 13 | 16681 | 188465994570525 | 0.157674 | 52.2498 | 0 | 1815
PACZ | Range_Medium | 14 | 123832 | 1460428236437058 | 1.266 | 52.2498 | 0 | 10249
PACZ | Range_Medium | 15 | 17546 | 202123517928420 | 0.162363 | 52.2498 | 0 | 1755
PACZ | Range_Medium | 16 | 67103 | 721744435860444 | 0.734965 | 52.2498 | 0 | 5899
PACZ | Range_Medium | 17 | 45712 | 507493117408569 | 0.458399 | 52.2498 | 0 | 4171
PACZ | Range_Medium | 18 | 47841 | 670988390482314 | 0.463963 | 52.2498 | 0 | 4259
PACZ | Range_Medium | 19 | 13330 | 161248569022116 | 0.125329 | 52.2498 | 0 | 1307
PACZ | Range_Medium | 20 | 37079 | 470163989402496 | 0.366688 | 52.2498 | 0 | 3321
PACZ | Range_Medium | 21 | 115 | 691251223857 | 0.00834465 | 52.2498 | 0 | 189
PACZ | Range_Medium | 22 | 51750 | 540028481661801 | 0.53827 | 52.2498 | 0 | 4707
PACZ | Range_Medium | 23 | 38849 | 467389510736211 | 0.387987 | 52.2498 | 0 | 3555
PACZ | Range_Medium | 24 | 10032 | 119575655703297 | 0.10697 | 52.2498 | 0 | 1267
PACZ | Range_Medium | 25 | 24651 | 315647107376781 | 0.233014 | 52.2498 | 0 | 2281
PACZ | Range_Medium | 26 | 111408 | 1324623793066290 | 1.19464 | 52.2498 | 0 | 9313
PACZ | Range_Medium | 27 | 98785 | 1178991580807419 | 1.04467 | 52.2498 | 0 | 8297
PACZ | Range_Medium | 28 | 113366 | 1350889547462781 | 1.17993 | 52.2498 | 0 | 9429
PACZ | Range_Medium | 29 | 5924 | 68177853722838 | 0.0669956 | 52.2498 | 0 | 779
PACZ | Range_Medium | 30 | 35002 | 354265892199075 | 0.353654 | 52.2498 | 0 | 3179
PACZ | Range_Medium | 31 | 78670 | 884925353360886 | 0.861645 | 52.2498 | 0 | 6817
PACZ | Range_Medium | 32 | 6095 | 48591585671304 | 0.0793934 | 52.2498 | 0 | 901
PACZ | Range_Medium | 33 | 14459 | 183221370191940 | 0.145674 | 52.2498 | 0 | 1461
PACZ | Range_Medium | 34 | 34718 | 351375874450734 | 0.343402 | 52.2498 | 0 | 3123
PACZ | Range_Medium | 35 | 58599 | 606095166117384 | 0.638008 | 52.2498 | 0 | 5223
PACZ | Range_Medium | 36 | 30674 | 376216834228578 | 0.292699 | 52.2498 | 0 | 2857
PACZ | Range_Medium | 37 | 23877 | 277442646539532 | 0.223637 | 52.2498 | 0 | 2281
PACZ | Range_Medium | 38 | 39848 | 435843727316676 | 0.420014 | 52.2498 | 0 | 3609
PACZ | Range_Medium | 39 | 111806 | 1325819374236501 | 1.30661 | 52.2498 | 0 | 9301
PACZ | Range_Medium | 40 | 41177 | 508693622628189 | 0.450373 | 52.2498 | 0 | 3701
PACZ | Range_Medium | 41 | 25850 | 312084787824324 | 0.276963 | 52.2498 | 0 | 2609
PACZ | Range_Medium | 42 | 27379 | 318987895875498 | 0.273307 | 52.2498 | 0 | 2543
PACZ | Range_Medium | 43 | 113749 | 1348048232664471 | 1.30963 | 52.2498 | 0 | 9337
PACZ | Range_Medium | 44 | 22997 | 265506205584243 | 0.262022 | 52.2498 | 0 | 2415
PACZ | Range_Medium | 45 | 28082 | 328468919054577 | 0.301361 | 52.2498 | 0 | 2737
PACZ | Range_Medium | 46 | 27460 | 310562360891487 | 0.326316 | 52.2498 | 0 | 2781
PACZ | Range_Medium | 47 | 72176 | 827908094206245 | 0.828981 | 52.2498 | 0 | 6267
PACZ | Range_Medium | 48 | 95837 | 1157292081799377 | 1.091 | 52.2498 | 0 | 8263
PACZ | Range_Medium | 49 | 41454 | 433839283503243 | 0.425975 | 52.2498 | 0 | 3795
PACZ | Range_Medium | 50 | 36554 | 410485113022113 | 0.406027 | 52.2498 | 0 | 3413
PACZ | Range_Medium | 51 | 111805 | 1329763105282308 | 1.2753 | 52.2498 | 0 | 9397
PACZ | Range_Medium | 52 | 57349 | 589394719331685 | 0.605981 | 52.2498 | 0 | 4967
PACZ | Range_Medium | 53 | 23292 | 263273227826640 | 0.252644 | 52.2498 | 0 | 2459
PACZ | Range_Medium | 54 | 13415 | 162284353036182 | 0.134706 | 52.2498 | 0 | 1321
PACZ | Range_Medium | 55 | 24359 | 282674267885436 | 0.248988 | 52.2498 | 0 | 2409
PACZ | Range_Medium | 56 | 6707 | 75991906171335 | 0.0739892 | 52.2498 | 0 | 785
PACZ | Range_Medium | 57 | 13141 | 144345099748245 | 0.144641 | 52.2498 | 0 | 1461
PACZ | Range_Medium | 58 | 28693 | 378230611068816 | 0.304619 | 52.2498 | 0 | 2819
PACZ | Range_Medium | 59 | 39697 | 485726867884443 | 0.419378 | 52.2498 | 0 | 3661
PACZ | Range_Medium | 60 | 30615 | 321061747706400 | 0.323057 | 52.2498 | 0 | 2871
PACZ | Range_Medium | 61 | 18354 | 221315610697377 | 0.18994 | 52.2498 | 0 | 1849
PACZ | Range_Medium | 62 | 82939 | 923721067670574 | 0.937303 | 52.2498 | 0 | 7091
PACZ | Range_Medium | 63 | 50829 | 618033574417230 | 0.570059 | 52.2498 | 0 | 4445
PACZ | Range_Medium | 64 | 42440 | 456653759302104 | 0.447273 | 52.2498 | 0 | 3821
PACZ | Range_Medium | 65 | 113601 | 1353541360676646 | 1.27602 | 52.2498 | 0 | 9429
PACZ | Range_Medium | 66 | 51545 | 538705795149237 | 0.567675 | 52.2498 | 0 | 4661
PACZ | Range_Medium | 67 | 44736 | 534321844333452 | 0.464996 | 52.2498 | 0 | 3917
PACZ | Range_Medium | 68 | 111740 | 1327391828408298 | 1.32966 | 52.2498 | 0 | 9267
PACZ | Range_Medium | 69 | 35075 | 417290543594115 | 0.372012 | 52.2498 | 0 | 3269
PACZ | Range_Medium | 70 | 14142 | 167312947748412 | 0.154018 | 52.2498 | 0 | 1483
PACZ | Range_Medium | 71 | 36562 | 387484819111314 | 0.42669 | 52.2498 | 0 | 3427
PACZ | Range_Medium | 72 | 8439 | 102998879159511 | 0.102679 | 52.2498 | 0 | 1103
PACZ | Range_Medium | 73 | 21637 | 233757821990781 | 0.240962 | 52.2498 | 0 | 2221
PACZ | Range_Medium | 74 | 62401 | 649845499377834 | 0.677268 | 52.2498 | 0 | 5533
PACZ | Range_Medium | 75 | 115920 | 1385505257298459 | 1.32203 | 52.2498 | 0 | 9591
PACZ | Range_Medium | 76 | 42076 | 458850636584430 | 0.447989 | 52.2498 | 0 | 3851
PACZ | Range_Medium | 77 | 114068 | 1357451598821295 | 1.26529 | 52.2498 | 0 | 9439
PACZ | Range_Medium | 78 | 24546 | 291445031322258 | 0.267665 | 52.2498 | 0 | 2611
PACZ | Range_Medium | 79 | 48192 | 577332674524779 | 0.506004 | 52.2498 | 0 | 4205
PACZ | Range_Medium | 80 | 3373 | 43733536827003 | 0.0469685 | 52.2498 | 0 | 543
PACZ | Range_Medium | 81 | 8304 | 101457468883473 | 0.0940164 | 52.2498 | 0 | 1003
PACZ | Range_Medium | 82 | 3877 | 49443885835122 | 0.0480016 | 52.2498 | 0 | 599
PACZ | Range_Medium | 83 | 22082 | 237184206643710 | 0.240326 | 52.2498 | 0 | 2215
PACZ | Range_Medium | 84 | 4421 | 56534643829869 | 0.0573794 | 52.2498 | 0 | 633
PACZ | Range_Medium | 85 | 103503 | 1221717885869769 | 1.19972 | 52.2498 | 0 | 8699
PACZ | Range_Medium | 86 | 13119 | 158654163052545 | 0.128667 | 52.2498 | 0 | 1287
PACZ | Range_Medium | 87 | 10888 | 133920476162280 | 0.121673 | 52.2498 | 0 | 1259
PACZ | Range_Medium | 88 | 5671 | 64132576272768 | 0.0669956 | 52.2498 | 0 | 755
PACZ | Range_Medium | 89 | 25523 | 286703159868684 | 0.256697 | 52.2498 | 0 | 2297
PACZ | Range_Medium | 90 | 17000 | 203025947479404 | 0.166019 | 52.2498 | 0 | 1691
PACZ | Range_Medium | 91 | 53464 | 734734155915270 | 0.597397 | 52.2498 | 0 | 4647
PACZ | Range_Medium | 92 | 234 | 2093174400096 | 0.0129541 | 52.2498 | 0 | 255
PACZ | Range_Medium | 93 | 2327 | 26251798601247 | 0.0296434 | 52.2498 | 0 | 387
PACZ | Range_Medium | 94 | 28096 | 333563379313002 | 0.302633 | 52.2498 | 0 | 2631
PACZ | Range_Medium | 95 | 49735 | 692612852362362 | 0.545979 | 52.2498 | 0 | 4391
PACZ | Range_Medium | 96 | 40726 | 469237682864205 | 0.43265 | 52.2498 | 0 | 3763
PACZ | Range_Medium | 97 | 21681 | 251438587088955 | 0.228326 | 52.2498 | 0 | 2207
PACZ | Range_Medium | 98 | 7018 | 79339094890650 | 0.0827312 | 52.2498 | 0 | 897
PACZ | Range_Medium | 99 | 54211 | 649526951239281 | 0.574986 | 52.2498 | 0 | 4639
PACZ | Range_Large | 0 | 599002 | 7156794706314720 | 6.881 | 52.2498 | 0 | 47607
PACZ | Range_Large | 1 | 480596 | 5605659549061017 | 5.55468 | 52.2498 | 0 | 38295
PACZ | Range_Large | 2 | 293859 | 3348322881507993 | 3.41264 | 52.2498 | 0 | 24129
PACZ | Range_Large | 3 | 745659 | 8812557986094564 | 8.57703 | 52.2498 | 0 | 59067
PACZ | Range_Large | 4 | 600948 | 7179946877383293 | 6.90667 | 52.2498 | 0 | 47673
PACZ | Range_Large | 5 | 470514 | 5502365908914165 | 5.42061 | 52.2498 | 0 | 37499
PACZ | Range_Large | 6 | 544540 | 6535126845425811 | 6.34201 | 52.2498 | 0 | 43241
PACZ | Range_Large | 7 | 558959 | 6700794746983092 | 6.43762 | 52.2498 | 0 | 44553
PACZ | Range_Large | 8 | 482379 | 5797144836878400 | 5.59664 | 52.2498 | 0 | 38263
PACZ | Range_Large | 9 | 443577 | 5210032592002473 | 5.15135 | 52.2498 | 0 | 35319
PACZ | Range_Large | 10 | 360971 | 4129584021755250 | 4.16096 | 52.2498 | 0 | 28803
PACZ | Range_Large | 11 | 494443 | 5941847236299450 | 5.72999 | 52.2498 | 0 | 39367
PACZ | Range_Large | 12 | 544279 | 6531687995837385 | 6.26198 | 52.2498 | 0 | 43227
PACZ | Range_Large | 13 | 540738 | 6476774789707626 | 6.20166 | 52.2498 | 0 | 42929
PACZ | Range_Large | 14 | 600379 | 7175237265188286 | 6.95666 | 52.2498 | 0 | 47657
PACZ | Range_Large | 15 | 495466 | 5943400445903196 | 5.63002 | 52.2498 | 0 | 39265
PACZ | Range_Large | 16 | 480391 | 5472496304259672 | 5.59433 | 52.2498 | 0 | 38611
PACZ | Range_Large | 17 | 317013 | 3630250654614891 | 3.66537 | 52.2498 | 0 | 25799
PACZ | Range_Large | 18 | 536052 | 6431199631700349 | 6.21128 | 52.2498 | 0 | 42663
PACZ | Range_Large | 19 | 536666 | 6429963840007926 | 6.11329 | 52.2498 | 0 | 42443
PACZ | Range_Large | 20 | 605053 | 7225934372241306 | 6.98972 | 52.2498 | 0 | 47969
PACZ | Range_Large | 21 | 497384 | 5968070469872586 | 5.71529 | 52.2498 | 0 | 39419
PACZ | Range_Large | 22 | 536391 | 6426365233003041 | 6.20031 | 52.2498 | 0 | 42439
PACZ | Range_Large | 23 | 458570 | 5365798817201412 | 5.24672 | 52.2498 | 0 | 36605
PACZ | Range_Large | 24 | 472753 | 5527419002936940 | 5.41663 | 52.2498 | 0 | 37631
PACZ | Range_Large | 25 | 644770 | 7581679507947516 | 7.47101 | 52.2498 | 0 | 51855
PACZ | Range_Large | 26 | 558088 | 6698681715161742 | 6.48467 | 52.2498 | 0 | 44447
PACZ | Range_Large | 27 | 516434 | 6183721630180518 | 6.05734 | 52.2498 | 0 | 41031
PACZ | Range_Large | 28 | 445420 | 5108829633618123 | 5.37737 | 52.2498 | 0 | 36157
PACZ | Range_Large | 29 | 750015 | 8871690287652474 | 8.73232 | 52.2498 | 0 | 59473
PACZ | Range_Large | 30 | 491593 | 5735718654511941 | 5.61301 | 52.2498 | 0 | 38921
PACZ | Range_Large | 31 | 600848 | 7180110834025953 | 6.88736 | 52.2498 | 0 | 47737
PACZ | Range_Large | 32 | 499437 | 5997442585897896 | 5.62366 | 52.2498 | 0 | 39571
PACZ | Range_Large | 33 | 746843 | 8825348478562248 | 8.44701 | 52.2498 | 0 | 59123
PACZ | Range_Large | 34 | 500284 | 5996763358462770 | 5.59004 | 52.2498 | 0 | 39699
PACZ | Range_Large | 35 | 599845 | 7168335763145433 | 6.84961 | 52.2498 | 0 | 47639
PACZ | Range_Large | 36 | 756462 | 8945683077282591 | 8.69528 | 52.2498 | 0 | 59919
PACZ | Range_Large | 37 | 464429 | 5439065690822244 | 5.36235 | 52.2498 | 0 | 37055
PACZ | Range_Large | 38 | 628916 | 7405754721304752 | 7.33399 | 52.2498 | 0 | 49995
PACZ | Range_Large | 39 | 661896 | 7784938261156698 | 7.56971 | 52.2498 | 0 | 52519
PACZ | Range_Large | 40 | 464013 | 5435553216996537 | 5.35035 | 52.2498 | 0 | 37049
PACZ | Range_Large | 41 | 546010 | 6532967004708858 | 6.284 | 52.2498 | 0 | 43359
PACZ | Range_Large | 42 | 424264 | 4956721302920685 | 4.89473 | 52.2498 | 0 | 34093
PACZ | Range_Large | 43 | 493318 | 5917777165609050 | 5.65998 | 52.2498 | 0 | 39179
PACZ | Range_Large | 44 | 597861 | 7038346753787541 | 7.04892 | 52.2498 | 0 | 47721
PACZ | Range_Large | 45 | 510905 | 6118684192906278 | 6.02428 | 52.2498 | 0 | 40433
PACZ | Range_Large | 46 | 504275 | 6061816310036640 | 5.88433 | 52.2498 | 0 | 40093
PACZ | Range_Large | 47 | 515128 | 6188016300185967 | 5.95903 | 52.2498 | 0 | 41031
PACZ | Range_Large | 48 | 567143 | 6791610755265147 | 6.59966 | 52.2498 | 0 | 45001
PACZ | Range_Large | 49 | 462159 | 5334971628634023 | 5.40137 | 52.2498 | 0 | 37651
PACZ | Range_Large | 50 | 365255 | 4163336308279380 | 4.30338 | 52.2498 | 0 | 29901
PACZ | Range_Large | 51 | 807564 | 9506928025217673 | 9.31462 | 52.2498 | 0 | 63821
PACZ | Range_Large | 52 | 738171 | 8727299187854226 | 8.5303 | 52.2498 | 0 | 58507
PACZ | Range_Large | 53 | 816650 | 9602649810054372 | 9.30874 | 52.2498 | 0 | 64395
PACZ | Range_Large | 54 | 732475 | 8670263717675787 | 8.48635 | 52.2498 | 0 | 58047
PACZ | Range_Large | 55 | 728459 | 8630345090907792 | 8.42166 | 52.2498 | 0 | 57855
PACZ | Range_Large | 56 | 541946 | 6490836266049849 | 6.31205 | 52.2498 | 0 | 43067
PACZ | Range_Large | 57 | 467070 | 5468923858788369 | 5.37666 | 52.2498 | 0 | 37273
PACZ | Range_Large | 58 | 512549 | 5998180454483316 | 5.9557 | 52.2498 | 0 | 40719
PACZ | Range_Large | 59 | 490247 | 5709573861127896 | 5.62731 | 52.2498 | 0 | 38977
PACZ | Range_Large | 60 | 458260 | 5371763000911116 | 5.26428 | 52.2498 | 0 | 36479
PACZ | Range_Large | 61 | 549473 | 6584348495993988 | 6.40464 | 52.2498 | 0 | 43849
PACZ | Range_Large | 62 | 516563 | 6185469763249983 | 5.98439 | 52.2498 | 0 | 41041
PACZ | Range_Large | 63 | 541000 | 6479877714851856 | 6.2 | 52.2498 | 0 | 42927
PACZ | Range_Large | 64 | 493801 | 5754173213788995 | 5.70202 | 52.2498 | 0 | 39203
PACZ | Range_Large | 65 | 674088 | 7919790320912355 | 7.73692 | 52.2498 | 0 | 53579
PACZ | Range_Large | 66 | 593623 | 7095500814524559 | 6.87798 | 52.2498 | 0 | 47197
PACZ | Range_Large | 67 | 815332 | 9590127120701865 | 9.41571 | 52.2498 | 0 | 64341
PACZ | Range_Large | 68 | 456710 | 5356456707511434 | 5.17567 | 52.2498 | 0 | 36339
PACZ | Range_Large | 69 | 472654 | 5525519741657574 | 5.45232 | 52.2498 | 0 | 37639
PACZ | Range_Large | 70 | 756221 | 8932226072175240 | 8.68861 | 52.2498 | 0 | 59741
PACZ | Range_Large | 71 | 504062 | 6060215277497418 | 5.8136 | 52.2498 | 0 | 40115
PACZ | Range_Large | 72 | 477396 | 5577278759332008 | 5.48498 | 52.2498 | 0 | 38141
PACZ | Range_Large | 73 | 467945 | 5465868596960229 | 5.39597 | 52.2498 | 0 | 37291
PACZ | Range_Large | 74 | 608283 | 7259199327992943 | 7.28599 | 52.2498 | 0 | 48057
PACZ | Range_Large | 75 | 601862 | 7195406320966623 | 6.99703 | 52.2498 | 0 | 47803
PACZ | Range_Large | 76 | 399126 | 4632785719339083 | 4.60132 | 52.2498 | 0 | 31797
PACZ | Range_Large | 77 | 537036 | 6429509451289911 | 6.15406 | 52.2498 | 0 | 42781
PACZ | Range_Large | 78 | 417022 | 4880704385154024 | 4.79301 | 52.2498 | 0 | 33423
PACZ | Range_Large | 79 | 765697 | 9037304950860393 | 8.86035 | 52.2498 | 0 | 60511
PACZ | Range_Large | 80 | 557563 | 6692061760512555 | 6.42665 | 52.2498 | 0 | 44285
PACZ | Range_Large | 81 | 595326 | 7002869411339904 | 6.85938 | 52.2498 | 0 | 47369
PACZ | Range_Large | 82 | 555594 | 6662080224709809 | 6.37738 | 52.2498 | 0 | 44269
PACZ | Range_Large | 83 | 630242 | 7410336135869157 | 7.29402 | 52.2498 | 0 | 50241
PACZ | Range_Large | 84 | 476994 | 5566896760890186 | 5.47298 | 52.2498 | 0 | 37955
PACZ | Range_Large | 85 | 601954 | 7191853388968692 | 6.95761 | 52.2498 | 0 | 47785
PACZ | Range_Large | 86 | 464085 | 5435181796549641 | 5.35965 | 52.2498 | 0 | 37001
PACZ | Range_Large | 87 | 785624 | 9249359603636757 | 9.06467 | 52.2498 | 0 | 62021
PACZ | Range_Large | 88 | 570943 | 6832763246336727 | 6.55301 | 52.2498 | 0 | 45341
PACZ | Range_Large | 89 | 480896 | 5608286285495382 | 5.49738 | 52.2498 | 0 | 38199
PACZ | Range_Large | 90 | 612200 | 7303197450099312 | 7.00768 | 52.2498 | 0 | 48867
PACZ | Range_Large | 91 | 752383 | 8886032841099006 | 8.66437 | 52.2498 | 0 | 59647
PACZ | Range_Large | 92 | 545039 | 6520865920774251 | 6.35632 | 52.2498 | 0 | 43323
PACZ | Range_Large | 93 | 500489 | 6017254301904756 | 5.71402 | 52.2498 | 0 | 39761
PACZ | Range_Large | 94 | 611796 | 7203083080758507 | 7.11234 | 52.2498 | 0 | 48801
PACZ | Range_Large | 95 | 481612 | 5778737056749681 | 5.54395 | 52.2498 | 0 | 38211
PACZ | Range_Large | 96 | 550473 | 6579631338784686 | 6.34774 | 52.2498 | 0 | 43773
PACZ | Range_Large | 97 | 740209 | 8750270878775850 | 8.5903 | 52.2498 | 0 | 58687
PACZ | Range_Large | 98 | 786547 | 9257213791347111 | 9.23101 | 52.2498 | 0 | 62057
PACZ | Range_Large | 99 | 761563 | 8989780420021584 | 8.76268 | 52.2498 | 0 | 60285
PACZ | kNN_10 | 0 | 10 | 112144833135 | 0.0326633 | 52.2498 | 0 | 245
PACZ | kNN_10 | 1 | 10 | 57837105345 | 0.0373522 | 52.2498 | 0 | 328
PACZ | kNN_10 | 2 | 10 | 122073263436 | 0.0316302 | 52.2498 | 0 | 206
PACZ | kNN_10 | 3 | 10 | 137333861196 | 0.0216166 | 52.2498 | 0 | 159
PACZ | kNN_10 | 4 | 10 | 86886483231 | 0.0343323 | 52.2498 | 0 | 316
PACZ | kNN_10 | 5 | 10 | 145420439232 | 0.0429948 | 52.2498 | 0 | 372
PACZ | kNN_10 | 6 | 10 | 85011938154 | 0.0323455 | 52.2498 | 0 | 295
PACZ | kNN_10 | 7 | 10 | 123238970361 | 0.0429948 | 52.2498 | 0 | 300
PACZ | kNN_10 | 8 | 10 | 119994585330 | 0.0449816 | 52.2498 | 0 | 336
PACZ | kNN_10 | 9 | 10 | 9500163483 | 0.00961622 | 52.2498 | 0 | 87
PACZ | kNN_10 | 10 | 10 | 122074599444 | 0.0363191 | 52.2498 | 0 | 249
PACZ | kNN_10 | 11 | 10 | 124354491489 | 0.0299613 | 52.2498 | 0 | 239
PACZ | kNN_10 | 12 | 10 | 137276999031 | 0.0247161 | 52.2498 | 0 | 160
PACZ | kNN_10 | 13 | 10 | 102356298222 | 0.0360012 | 52.2498 | 0 | 314
PACZ | kNN_10 | 14 | 10 | 76052109720 | 0.0269413 | 52.2498 | 0 | 232
PACZ | kNN_10 | 15 | 10 | 111915182595 | 0.0522931 | 52.2498 | 0 | 393
PACZ | kNN_10 | 16 | 10 | 131131116768 | 0.0483195 | 52.2498 | 0 | 388
PACZ | kNN_10 | 17 | 10 | 135635435193 | 0.0616709 | 52.2498 | 0 | 544
PACZ | kNN_10 | 18 | 10 | 123288587295 | 0.0352859 | 52.2498 | 0 | 284
PACZ | kNN_10 | 19 | 10 | 138306992565 | 0.0286897 | 52.2498 | 0 | 252
PACZ | kNN_10 | 20 | 10 | 125521068330 | 0.026385 | 52.2498 | 0 | 281
PACZ | kNN_10 | 21 | 10 | 90139306791 | 0.0360012 | 52.2498 | 0 | 289
PACZ | kNN_10 | 22 | 10 | 135070243197 | 0.0627041 | 52.2498 | 0 | 541
PACZ | kNN_10 | 23 | 10 | 158769651468 | 0.0393391 | 52.2498 | 0 | 327
PACZ | kNN_10 | 24 | 10 | 120358750155 | 0.058651 | 52.2498 | 0 | 480
PACZ | kNN_10 | 25 | 10 | 90107661846 | 0.0403722 | 52.2498 | 0 | 334
PACZ | kNN_10 | 26 | 10 | 120167142777 | 0.0340144 | 52.2498 | 0 | 267
PACZ | kNN_10 | 27 | 10 | 123185267892 | 0.0436306 | 52.2498 | 0 | 291
PACZ | kNN_10 | 28 | 10 | 137151553755 | 0.0533263 | 52.2498 | 0 | 467
PACZ | kNN_10 | 29 | 10 | 122862934398 | 0.0376701 | 52.2498 | 0 | 279
PACZ | kNN_10 | 30 | 10 | 110267751567 | 0.0470479 | 52.2498 | 0 | 379
PACZ | kNN_10 | 31 | 10 | 138363941439 | 0.0823339 | 52.2498 | 0 | 652
PACZ | kNN_10 | 32 | 10 | 119295301635 | 0.0216166 | 52.2498 | 0 | 217
PACZ | kNN_10 | 33 | 10 | 127574285415 | 0.0393391 | 52.2498 | 0 | 386
PACZ | kNN_10 | 34 | 10 | 110289623070 | 0.0646909 | 52.2498 | 0 | 539
PACZ | kNN_10 | 35 | 10 | 123243287280 | 0.0333786 | 52.2498 | 0 | 276
PACZ | kNN_10 | 36 | 10 | 125377053930 | 0.0519753 | 52.2498 | 0 | 287
PACZ | kNN_10 | 37 | 10 | 138794134524 | 0.025034 | 52.2498 | 0 | 195
PACZ | kNN_10 | 38 | 10 | 138934547283 | 0.0650088 | 52.2498 | 0 | 556
PACZ | kNN_10 | 39 | 10 | 137277741147 | 0.0259876 | 52.2498 | 0 | 164
PACZ | kNN_10 | 40 | 10 | 130164824274 | 0.0373522 | 52.2498 | 0 | 313
PACZ | kNN_10 | 41 | 10 | 107801382537 | 0.044028 | 52.2498 | 0 | 364
PACZ | kNN_10 | 42 | 10 | 111007644117 | 0.0727177 | 52.2498 | 0 | 599
PACZ | kNN_10 | 43 | 10 | 123093708882 | 0.0347296 | 52.2498 | 0 | 279
PACZ | kNN_10 | 44 | 10 | 115691216805 | 0.0736713 | 52.2498 | 0 | 630
PACZ | kNN_10 | 45 | 10 | 105661489779 | 0.0293255 | 52.2498 | 0 | 270
PACZ | kNN_10 | 46 | 10 | 127872105894 | 0.0437101 | 52.2498 | 0 | 413
PACZ | kNN_10 | 47 | 10 | 139841614980 | 0.0576973 | 52.2498 | 0 | 468
PACZ | kNN_10 | 48 | 10 | 102188338227 | 0.0413259 | 52.2498 | 0 | 339
PACZ | kNN_10 | 49 | 10 | 156154063371 | 0.0326633 | 52.2498 | 0 | 334
PACZ | kNN_10 | 50 | 10 | 118030011615 | 0.0383059 | 52.2498 | 0 | 350
PACZ | kNN_10 | 51 | 10 | 120451166805 | 0.018994 | 52.2498 | 0 | 189
PACZ | kNN_10 | 52 | 10 | 78191125287 | 0.0139872 | 52.2498 | 0 | 82
PACZ | kNN_10 | 53 | 10 | 113909134335 | 0.0360012 | 52.2498 | 0 | 284
PACZ | kNN_10 | 54 | 10 | 125450841390 | 0.0493526 | 52.2498 | 0 | 435
PACZ | kNN_10 | 55 | 10 | 93635741046 | 0.0286897 | 52.2498 | 0 | 247
PACZ | kNN_10 | 56 | 10 | 110541951465 | 0.0186761 | 52.2498 | 0 | 180
PACZ | kNN_10 | 57 | 10 | 110973572103 | 0.0665983 | 52.2498 | 0 | 594
PACZ | kNN_10 | 58 | 10 | 131306910768 | 0.05428 | 52.2498 | 0 | 461
PACZ | kNN_10 | 59 | 10 | 145420477110 | 0.0317097 | 52.2498 | 0 | 307
PACZ | kNN_10 | 60 | 10 | 131410946166 | 0.0420411 | 52.2498 | 0 | 347
PACZ | kNN_10 | 61 | 10 | 130409632080 | 0.0200272 | 52.2498 | 0 | 171
PACZ | kNN_10 | 62 | 10 | 139156750818 | 0.0186761 | 52.2498 | 0 | 166
PACZ | kNN_10 | 63 | 10 | 151178646969 | 0.0236829 | 52.2498 | 0 | 196
PACZ | kNN_10 | 64 | 10 | 122665978035 | 0.0330607 | 52.2498 | 0 | 260
PACZ | kNN_10 | 65 | 10 | 120103093896 | 0.0560284 | 52.2498 | 0 | 443
PACZ | kNN_10 | 66 | 10 | 123263535036 | 0.0519753 | 52.2498 | 0 | 474
PACZ | kNN_10 | 67 | 10 | 142527575889 | 0.0263055 | 52.2498 | 0 | 182
PACZ | kNN_10 | 68 | 10 | 103809862962 | 0.0293255 | 52.2498 | 0 | 255
PACZ | kNN_10 | 69 | 10 | 90109103655 | 0.039657 | 52.2498 | 0 | 313
PACZ | kNN_10 | 70 | 10 | 112806992838 | 0.0383059 | 52.2498 | 0 | 338
PACZ | kNN_10 | 71 | 10 | 137759324493 | 0.0243187 | 52.2498 | 0 | 248
PACZ | kNN_10 | 72 | 10 | 109140399861 | 0.0317097 | 52.2498 | 0 | 330
PACZ | kNN_10 | 73 | 10 | 146034568590 | 0.0286897 | 52.2498 | 0 | 288
PACZ | kNN_10 | 74 | 10 | 128390067618 | 0.0646114 | 52.2498 | 0 | 598
PACZ | kNN_10 | 75 | 10 | 126446777919 | 0.0386238 | 52.2498 | 0 | 401
PACZ | kNN_10 | 76 | 10 | 90152701317 | 0.0369549 | 52.2498 | 0 | 309
PACZ | kNN_10 | 77 | 10 | 125599919157 | 0.0449816 | 52.2498 | 0 | 364
PACZ | kNN_10 | 78 | 10 | 122072909358 | 0.025034 | 52.2498 | 0 | 193
PACZ | kNN_10 | 79 | 10 | 44012798451 | 0.0513395 | 52.2498 | 0 | 411
PACZ | kNN_10 | 80 | 10 | 129815961555 | 0.041008 | 52.2498 | 0 | 421
PACZ | kNN_10 | 81 | 10 | 122108574615 | 0.0267029 | 52.2498 | 0 | 227
PACZ | kNN_10 | 82 | 10 | 123093219495 | 0.0443459 | 52.2498 | 0 | 388
PACZ | kNN_10 | 83 | 10 | 76050202389 | 0.0383854 | 52.2498 | 0 | 322
PACZ | kNN_10 | 84 | 10 | 97373233146 | 0.0446637 | 52.2498 | 0 | 413
PACZ | kNN_10 | 85 | 10 | 99208160253 | 0.0263055 | 52.2498 | 0 | 229
PACZ | kNN_10 | 86 | 10 | 119993583453 | 0.0429948 | 52.2498 | 0 | 324
PACZ | kNN_10 | 87 | 10 | 140415928668 | 0.0513395 | 52.2498 | 0 | 409
PACZ | kNN_10 | 88 | 10 | 130030029891 | 0.0516574 | 52.2498 | 0 | 449
PACZ | kNN_10 | 89 | 10 | 90162720390 | 0.0333786 | 52.2498 | 0 | 342
PACZ | kNN_10 | 90 | 10 | 126943947774 | 0.0413259 | 52.2498 | 0 | 442
PACZ | kNN_10 | 91 | 10 | 124315386900 | 0.0229677 | 52.2498 | 0 | 258
PACZ | kNN_10 | 92 | 10 | 158426555016 | 0.05428 | 52.2498 | 0 | 408
PACZ | kNN_10 | 93 | 10 | 120503315967 | 0.0270208 | 52.2498 | 0 | 249
PACZ | kNN_10 | 94 | 10 | 150047249013 | 0.0313123 | 52.2498 | 0 | 332
PACZ | kNN_10 | 95 | 10 | 120042673977 | 0.0399748 | 52.2498 | 0 | 347
PACZ | kNN_10 | 96 | 10 | 141195881454 | 0.0363191 | 52.2498 | 0 | 332
PACZ | kNN_10 | 97 | 10 | 137982168186 | 0.0463327 | 52.2498 | 0 | 473
PACZ | kNN_10 | 98 | 10 | 123288444600 | 0.037988 | 52.2498 | 0 | 293
PACZ | kNN_10 | 99 | 10 | 133337739897 | 0.0336965 | 52.2498 | 0 | 293
PACZ | kNN_100 | 0 | 100 | 1175737807986 | 0.151634 | 52.2498 | 0 | 422
PACZ | kNN_100 | 1 | 100 | 572201604264 | 0.236352 | 52.2498 | 0 | 704
PACZ | kNN_100 | 2 | 100 | 1220728828896 | 0.172615 | 52.2498 | 0 | 434
PACZ | kNN_100 | 3 | 100 | 1373338534479 | 0.126998 | 52.2498 | 0 | 293
PACZ | kNN_100 | 4 | 100 | 866114248881 | 0.174363 | 52.2498 | 0 | 549
PACZ | kNN_100 | 5 | 100 | 1331663118564 | 0.263929 | 52.2498 | 0 | 726
PACZ | kNN_100 | 6 | 100 | 868369679586 | 0.185331 | 52.2498 | 0 | 537
PACZ | kNN_100 | 7 | 100 | 1232390092410 | 0.259717 | 52.2498 | 0 | 619
PACZ | kNN_100 | 8 | 100 | 1199950485171 | 0.239372 | 52.2498 | 0 | 528
PACZ | kNN_100 | 9 | 100 | 117215432376 | 0.0666777 | 52.2498 | 0 | 181
PACZ | kNN_100 | 10 | 100 | 1220745995106 | 0.204325 | 52.2498 | 0 | 488
PACZ | kNN_100 | 11 | 100 | 1236246880824 | 0.204325 | 52.2498 | 0 | 525
PACZ | kNN_100 | 12 | 100 | 1372769993646 | 0.108639 | 52.2498 | 0 | 244
PACZ | kNN_100 | 13 | 100 | 1103539392951 | 0.222047 | 52.2498 | 0 | 628
PACZ | kNN_100 | 14 | 100 | 975931404261 | 0.169357 | 52.2498 | 0 | 460
PACZ | kNN_100 | 15 | 100 | 1126322362275 | 0.245969 | 52.2498 | 0 | 655
PACZ | kNN_100 | 16 | 100 | 1267749179076 | 0.292301 | 52.2498 | 0 | 808
PACZ | kNN_100 | 17 | 100 | 1356354334239 | 0.320673 | 52.2498 | 0 | 957
PACZ | kNN_100 | 18 | 100 | 1232884601502 | 0.246366 | 52.2498 | 0 | 618
PACZ | kNN_100 | 19 | 100 | 1384101148014 | 0.158628 | 52.2498 | 0 | 460
PACZ | kNN_100 | 20 | 100 | 1255209521679 | 0.159661 | 52.2498 | 0 | 550
PACZ | kNN_100 | 21 | 100 | 829564049034 | 0.211716 | 52.2498 | 0 | 623
PACZ | kNN_100 | 22 | 100 | 1350702418488 | 0.307322 | 52.2498 | 0 | 1019
PACZ | kNN_100 | 23 | 100 | 1587696539985 | 0.215689 | 52.2498 | 0 | 578
PACZ | kNN_100 | 24 | 100 | 1193677868664 | 0.27736 | 52.2498 | 0 | 772
PACZ | kNN_100 | 25 | 100 | 901076639673 | 0.20504 | 52.2498 | 0 | 653
PACZ | kNN_100 | 26 | 100 | 1326408986886 | 0.15831 | 52.2498 | 0 | 429
PACZ | kNN_100 | 27 | 100 | 1232044340142 | 0.250657 | 52.2498 | 0 | 620
PACZ | kNN_100 | 28 | 100 | 1362916287126 | 0.242392 | 52.2498 | 0 | 805
PACZ | kNN_100 | 29 | 100 | 1228624848684 | 0.194311 | 52.2498 | 0 | 558
PACZ | kNN_100 | 30 | 100 | 1151243058639 | 0.225623 | 52.2498 | 0 | 752
PACZ | kNN_100 | 31 | 100 | 1349465690895 | 0.328302 | 52.2498 | 0 | 1127
PACZ | kNN_100 | 32 | 100 | 1192953146760 | 0.13566 | 52.2498 | 0 | 443
PACZ | kNN_100 | 33 | 100 | 1275742863384 | 0.264009 | 52.2498 | 0 | 721
PACZ | kNN_100 | 34 | 100 | 1220204325087 | 0.319719 | 52.2498 | 0 | 1039
PACZ | kNN_100 | 35 | 100 | 1270305516690 | 0.187635 | 52.2498 | 0 | 552
PACZ | kNN_100 | 36 | 100 | 1253770602891 | 0.164986 | 52.2498 | 0 | 591
PACZ | kNN_100 | 37 | 100 | 1387941352614 | 0.166019 | 52.2498 | 0 | 349
PACZ | kNN_100 | 38 | 100 | 1379383743165 | 0.291983 | 52.2498 | 0 | 1027
PACZ | kNN_100 | 39 | 100 | 1372776464697 | 0.0993411 | 52.2498 | 0 | 246
PACZ | kNN_100 | 40 | 100 | 1301648267709 | 0.211954 | 52.2498 | 0 | 521
PACZ | kNN_100 | 41 | 100 | 1078013821488 | 0.202338 | 52.2498 | 0 | 656
PACZ | kNN_100 | 42 | 100 | 1154009338029 | 0.334978 | 52.2498 | 0 | 1078
PACZ | kNN_100 | 43 | 100 | 1230939072195 | 0.174284 | 52.2498 | 0 | 566
PACZ | kNN_100 | 44 | 100 | 977481372354 | 0.324329 | 52.2498 | 0 | 1117
PACZ | kNN_100 | 45 | 100 | 1069361284101 | 0.222683 | 52.2498 | 0 | 657
PACZ | kNN_100 | 46 | 100 | 1278721102341 | 0.223955 | 52.2498 | 0 | 777
PACZ | kNN_100 | 47 | 100 | 1349069612322 | 0.383933 | 52.2498 | 0 | 905
PACZ | kNN_100 | 48 | 100 | 1280243396559 | 0.187 | 52.2498 | 0 | 614
PACZ | kNN_100 | 49 | 100 | 1542726368448 | 0.199715 | 52.2498 | 0 | 711
PACZ | kNN_100 | 50 | 100 | 1217963562816 | 0.193357 | 52.2498 | 0 | 645
PACZ | kNN_100 | 51 | 100 | 1204511666091 | 0.11301 | 52.2498 | 0 | 289
PACZ | kNN_100 | 52 | 100 | 867038951760 | 0.0490348 | 52.2498 | 0 | 132
PACZ | kNN_100 | 53 | 100 | 1171939609251 | 0.153701 | 52.2498 | 0 | 427
PACZ | kNN_100 | 54 | 100 | 1294645141380 | 0.213385 | 52.2498 | 0 | 751
PACZ | kNN_100 | 55 | 100 | 576730049535 | 0.128349 | 52.2498 | 0 | 373
PACZ | kNN_100 | 56 | 100 | 1105419494892 | 0.096639 | 52.2498 | 0 | 275
PACZ | kNN_100 | 57 | 100 | 1069726649274 | 0.447989 | 52.2498 | 0 | 1131
PACZ | kNN_100 | 58 | 100 | 1168814741391 | 0.318607 | 52.2498 | 0 | 861
PACZ | kNN_100 | 59 | 100 | 1454204773848 | 0.158946 | 52.2498 | 0 | 574
PACZ | kNN_100 | 60 | 100 | 1313358667431 | 0.195662 | 52.2498 | 0 | 654
PACZ | kNN_100 | 61 | 100 | 1293840943806 | 0.0783602 | 52.2498 | 0 | 251
PACZ | kNN_100 | 62 | 100 | 1391485155867 | 0.082016 | 52.2498 | 0 | 261
PACZ | kNN_100 | 63 | 100 | 1511270794458 | 0.110706 | 52.2498 | 0 | 306
PACZ | kNN_100 | 64 | 100 | 1226659942428 | 0.179688 | 52.2498 | 0 | 520
PACZ | kNN_100 | 65 | 100 | 1201030300860 | 0.300328 | 52.2498 | 0 | 882
PACZ | kNN_100 | 66 | 100 | 1234187292501 | 0.351667 | 52.2498 | 0 | 1002
PACZ | kNN_100 | 67 | 100 | 1390276880793 | 0.110706 | 52.2498 | 0 | 283
PACZ | kNN_100 | 68 | 100 | 1038966396516 | 0.194391 | 52.2498 | 0 | 496
PACZ | kNN_100 | 69 | 100 | 901091038023 | 0.265996 | 52.2498 | 0 | 644
PACZ | kNN_100 | 70 | 100 | 1173055228416 | 0.215928 | 52.2498 | 0 | 675
PACZ | kNN_100 | 71 | 100 | 1381817515872 | 0.137329 | 52.2498 | 0 | 461
PACZ | kNN_100 | 72 | 100 | 1091404001334 | 0.211 | 52.2498 | 0 | 652
PACZ | kNN_100 | 73 | 100 | 1456076166756 | 0.188271 | 52.2498 | 0 | 593
PACZ | kNN_100 | 74 | 100 | 1177127863305 | 0.293016 | 52.2498 | 0 | 1031
PACZ | kNN_100 | 75 | 100 | 1264358498694 | 0.204007 | 52.2498 | 0 | 756
PACZ | kNN_100 | 76 | 100 | 901525428690 | 0.204007 | 52.2498 | 0 | 605
PACZ | kNN_100 | 77 | 100 | 1028851968456 | 0.255664 | 52.2498 | 0 | 675
PACZ | kNN_100 | 78 | 100 | 1220729115954 | 0.166337 | 52.2498 | 0 | 426
PACZ | kNN_100 | 79 | 100 | 510188007852 | 0.209729 | 52.2498 | 0 | 731
PACZ | kNN_100 | 80 | 100 | 1278114810699 | 0.216007 | 52.2498 | 0 | 785
PACZ | kNN_100 | 81 | 100 | 1163438601672 | 0.164032 | 52.2498 | 0 | 521
PACZ | kNN_100 | 82 | 100 | 1119321135084 | 0.208696 | 52.2498 | 0 | 699
PACZ | kNN_100 | 83 | 100 | 1019828279691 | 0.162999 | 52.2498 | 0 | 491
PACZ | kNN_100 | 84 | 100 | 1076622103230 | 0.213305 | 52.2498 | 0 | 741
PACZ | kNN_100 | 85 | 100 | 1080310329138 | 0.137329 | 52.2498 | 0 | 381
PACZ | kNN_100 | 86 | 100 | 1199941975641 | 0.200669 | 52.2498 | 0 | 543
PACZ | kNN_100 | 87 | 100 | 1398881494668 | 0.268698 | 52.2498 | 0 | 709
PACZ | kNN_100 | 88 | 100 | 1190670188532 | 0.279983 | 52.2498 | 0 | 882
PACZ | kNN_100 | 89 | 100 | 843649558764 | 0.231981 | 52.2498 | 0 | 753
PACZ | kNN_100 | 90 | 100 | 1211063366034 | 0.312408 | 52.2498 | 0 | 877
PACZ | kNN_100 | 91 | 100 | 1180129609347 | 0.137329 | 52.2498 | 0 | 519
PACZ | kNN_100 | 92 | 100 | 1584265547919 | 0.247637 | 52.2498 | 0 | 651
PACZ | kNN_100 | 93 | 100 | 1240924881858 | 0.188033 | 52.2498 | 0 | 509
PACZ | kNN_100 | 94 | 100 | 1166657774637 | 0.174681 | 52.2498 | 0 | 666
PACZ | kNN_100 | 95 | 100 | 1200425626998 | 0.234604 | 52.2498 | 0 | 547
PACZ | kNN_100 | 96 | 100 | 1413049159395 | 0.216643 | 52.2498 | 0 | 608
PACZ | kNN_100 | 97 | 100 | 1364797075119 | 0.278711 | 52.2498 | 0 | 846
PACZ | kNN_100 | 98 | 100 | 1232883742185 | 0.255664 | 52.2498 | 0 | 580
PACZ | kNN_100 | 99 | 100 | 1287513692544 | 0.168324 | 52.2498 | 0 | 496
