Algo | QType | QID | Count | Hash | Time_ms | Mem_Tree_MB | Mem_Delta_MB | Nodes
PACZ | Range_Small | 0 | 865 | 8899415417787 | 0.0246366 | 73.2685 | 0 | 305
PACZ | Range_Small | 1 | 5 | 32164021620 | 0.0026226 | 73.2685 | 0 | 105
PACZ | Range_Small | 2 | 943 | 11846497830510 | 0.0209808 | 73.2685 | 0 | 313
PACZ | Range_Small | 3 | 2602 | 26408266885833 | 0.0429948 | 73.2685 | 0 | 471
PACZ | Range_Small | 4 | 138 | 965687201796 | 0.00596046 | 73.2685 | 0 | 183
PACZ | Range_Small | 5 | 1521 | 21843008212710 | 0.0232855 | 73.2685 | 0 | 391
PACZ | Range_Small | 6 | 1034 | 14267239386444 | 0.0163714 | 73.2685 | 0 | 275
PACZ | Range_Small | 7 | 73 | 756601697484 | 0.00500679 | 73.2685 | 0 | 171
PACZ | Range_Small | 8 | 18677 | 224553629848437 | 0.21402 | 73.2685 | 0 | 2177
PACZ | Range_Small | 9 | 3015 | 39252159539418 | 0.0343323 | 73.2685 | 0 | 431
PACZ | Range_Small | 10 | 9473 | 117615065804550 | 0.136375 | 73.2685 | 0 | 1303
PACZ | Range_Small | 11 | 1105 | 8015719996758 | 0.0256697 | 73.2685 | 0 | 345
PACZ | Range_Small | 12 | 1403 | 19722087449556 | 0.0243187 | 73.2685 | 0 | 389
PACZ | Range_Small | 13 | 18548 | 218167614666504 | 0.181357 | 73.2685 | 0 | 2019
PACZ | Range_Small | 14 | 3206 | 39488490270918 | 0.0343323 | 73.2685 | 0 | 489
PACZ | Range_Small | 15 | 476 | 4883510694012 | 0.0186761 | 73.2685 | 0 | 341
PACZ | Range_Small | 16 | 495 | 7005666314928 | 0.00929832 | 73.2685 | 0 | 207
PACZ | Range_Small | 17 | 232 | 2418453407754 | 0.0112851 | 73.2685 | 0 | 237
PACZ | Range_Small | 18 | 212 | 2588282734599 | 0.00802676 | 73.2685 | 0 | 231
PACZ | Range_Small | 19 | 5333 | 65897774271795 | 0.0773271 | 73.2685 | 0 | 815
PACZ | Range_Small | 20 | 2593 | 28740011315316 | 0.04673 | 73.2685 | 0 | 445
PACZ | Range_Small | 21 | 197 | 1927872400611 | 0.0130335 | 73.2685 | 0 | 191
PACZ | Range_Small | 22 | 2009 | 21122890946385 | 0.0343323 | 73.2685 | 0 | 417
PACZ | Range_Small | 23 | 333 | 3964495827732 | 0.0107288 | 73.2685 | 0 | 245
PACZ | Range_Small | 24 | 8 | 62596654329 | 0.00397364 | 73.2685 | 0 | 137
PACZ | Range_Small | 25 | 93 | 1109461848912 | 0.00596046 | 73.2685 | 0 | 183
PACZ | Range_Small | 26 | 79 | 818197998021 | 0.00397364 | 73.2685 | 0 | 145
PACZ | Range_Small | 27 | 475 | 6600771567504 | 0.0103315 | 73.2685 | 0 | 279
PACZ | Range_Small | 28 | 1046 | 12393516307233 | 0.0236034 | 73.2685 | 0 | 335
PACZ | Range_Small | 29 | 1397 | 16937406228690 | 0.0263055 | 73.2685 | 0 | 331
PACZ | Range_Small | 30 | 58 | 600964864197 | 0.00762939 | 73.2685 | 0 | 109
PACZ | Range_Small | 31 | 609 | 7427140856181 | 0.0200272 | 73.2685 | 0 | 307
PACZ | Range_Small | 32 | 1098 | 13820221890948 | 0.0273387 | 73.2685 | 0 | 321
PACZ | Range_Small | 33 | 3696 | 42566979341829 | 0.0636578 | 73.2685 | 0 | 591
PACZ | Range_Small | 34 | 2689 | 27922405339938 | 0.0420411 | 73.2685 | 0 | 463
PACZ | Range_Small | 35 | 879 | 10827472754052 | 0.0179609 | 73.2685 | 0 | 383
PACZ | Range_Small | 36 | 1344 | 18788458095201 | 0.0193119 | 73.2685 | 0 | 405
PACZ | Range_Small | 37 | 1388 | 21983189949216 | 0.0320276 | 73.2685 | 0 | 359
PACZ | Range_Small | 38 | 414 | 4282447722996 | 0.0139872 | 73.2685 | 0 | 237
PACZ | Range_Small | 39 | 992 | 13929109716117 | 0.0202656 | 73.2685 | 0 | 345
PACZ | Range_Small | 40 | 577 | 8062591366713 | 0.0112851 | 73.2685 | 0 | 309
PACZ | Range_Small | 41 | 724 | 9913784698929 | 0.0156562 | 73.2685 | 0 | 313
PACZ | Range_Small | 42 | 918 | 10809132450780 | 0.0156562 | 73.2685 | 0 | 305
PACZ | Range_Small | 43 | 434 | 5651807326554 | 0.0100136 | 73.2685 | 0 | 245
PACZ | Range_Small | 44 | 14 | 125798066517 | 0.00333786 | 73.2685 | 0 | 139
PACZ | Range_Small | 45 | 250 | 1205419495317 | 0.00905991 | 73.2685 | 0 | 221
PACZ | Range_Small | 46 | 353 | 4640143331355 | 0.0109673 | 73.2685 | 0 | 247
PACZ | Range_Small | 47 | 2975 | 36468239262171 | 0.0420411 | 73.2685 | 0 | 475
PACZ | Range_Small | 48 | 466 | 5569275782985 | 0.0140667 | 73.2685 | 0 | 235
PACZ | Range_Small | 49 | 654 | 9006711904200 | 0.0162919 | 73.2685 | 0 | 297
PACZ | Range_Small | 50 | 1761 | 24482891197668 | 0.0290076 | 73.2685 | 0 | 397
PACZ | Range_Small | 51 | 15 | 113837136651 | 0.00532468 | 73.2685 | 0 | 181
PACZ | Range_Small | 52 | 1782 | 22318953263319 | 0.0363191 | 73.2685 | 0 | 401
PACZ | Range_Small | 53 | 115 | 1145388183900 | 0.00866254 | 73.2685 | 0 | 219
PACZ | Range_Small | 54 | 648 | 6647706770898 | 0.0226498 | 73.2685 | 0 | 329
PACZ | Range_Small | 55 | 1070 | 14782795667553 | 0.0246366 | 73.2685 | 0 | 349
PACZ | Range_Small | 56 | 787 | 9913083169494 | 0.0170072 | 73.2685 | 0 | 251
PACZ | Range_Small | 57 | 2161 | 25753590303906 | 0.0323455 | 73.2685 | 0 | 437
PACZ | Range_Small | 58 | 1177 | 14727720016563 | 0.015974 | 73.2685 | 0 | 329
PACZ | Range_Small | 59 | 1604 | 16752670195197 | 0.0317097 | 73.2685 | 0 | 421
PACZ | Range_Small | 60 | 18030 | 218079080081235 | 0.218312 | 73.2685 | 0 | 2149
PACZ | Range_Small | 61 | 1258 | 13879869566766 | 0.0216961 | 73.2685 | 0 | 299
PACZ | Range_Small | 62 | 417 | 5977653480474 | 0.0129541 | 73.2685 | 0 | 217
PACZ | Range_Small | 63 | 1614 | 22570234782444 | 0.018994 | 73.2685 | 0 | 391
PACZ | Range_Small | 64 | 1952 | 23580433202673 | 0.0293255 | 73.2685 | 0 | 443
PACZ | Range_Small | 65 | 13 | 128514626658 | 0.00429153 | 73.2685 | 0 | 133
PACZ | Range_Small | 66 | 3695 | 45340898549436 | 0.0520547 | 73.2685 | 0 | 639
PACZ | Range_Small | 67 | 610 | 7386306054603 | 0.0256697 | 73.2685 | 0 | 271
PACZ | Range_Small | 68 | 576 | 6910183831950 | 0.0160535 | 73.2685 | 0 | 279
PACZ | Range_Small | 69 | 397 | 4769583550608 | 0.0153383 | 73.2685 | 0 | 267
PACZ | Range_Small | 70 | 2739 | 28202871186315 | 0.0449816 | 73.2685 | 0 | 485
PACZ | Range_Small | 71 | 1961 | 17538643115229 | 0.0363191 | 73.2685 | 0 | 431
PACZ | Range_Small | 72 | 20144 | 242398493630451 | 0.25932 | 73.2685 | 0 | 2311
PACZ | Range_Small | 73 | 3862 | 47697755696106 | 0.05428 | 73.2685 | 0 | 737
PACZ | Range_Small | 74 | 1692 | 26863683877698 | 0.0323455 | 73.2685 | 0 | 395
PACZ | Range_Small | 75 | 978 | 12287651923206 | 0.0253518 | 73.2685 | 0 | 315
PACZ | Range_Small | 76 | 935 | 9991942759800 | 0.0270208 | 73.2685 | 0 | 385
PACZ | Range_Small | 77 | 462 | 5650349660913 | 0.0156562 | 73.2685 | 0 | 253
PACZ | Range_Small | 78 | 5157 | 63312939510465 | 0.0720024 | 73.2685 | 0 | 845
PACZ | Range_Small | 79 | 543 | 3977848041303 | 0.0129541 | 73.2685 | 0 | 263
PACZ | Range_Small | 80 | 1770 | 17884056255765 | 0.0397364 | 73.2685 | 0 | 485
PACZ | Range_Small | 81 | 520 | 5398045687284 | 0.0106494 | 73.2685 | 0 | 253
PACZ | Range_Small | 82 | 146 | 1209900120420 | 0.00627836 | 73.2685 | 0 | 179
PACZ | Range_Small | 83 | 230 | 2542719140724 | 0.0170072 | 73.2685 | 0 | 227
PACZ | Range_Small | 84 | 5303 | 65040303460767 | 0.0723203 | 73.2685 | 0 | 753
PACZ | Range_Small | 85 | 449 | 4293388645737 | 0.0186761 | 73.2685 | 0 | 239
PACZ | Range_Small | 86 | 643 | 7592367431877 | 0.0229677 | 73.2685 | 0 | 319
PACZ | Range_Small | 87 | 7 | 44856329331 | 0.00301997 | 73.2685 | 0 | 99
PACZ | Range_Small | 88 | 2066 | 25657554586137 | 0.0347296 | 73.2685 | 0 | 421
PACZ | Range_Small | 89 | 6307 | 76008662267865 | 0.0859896 | 73.2685 | 0 | 939
PACZ | Range_Small | 90 | 411 | 3226180904550 | 0.0153383 | 73.2685 | 0 | 225
PACZ | Range_Small | 91 | 1738 | 17179724408679 | 0.0223319 | 73.2685 | 0 | 373
PACZ | Range_Small | 92 | 2138 | 25786628038641 | 0.0356833 | 73.2685 | 0 | 401
PACZ | Range_Small | 93 | 27 | 284577202590 | 0.0093778 | 73.2685 | 0 | 179
PACZ | Range_Small | 94 | 822 | 11379653013570 | 0.0123183 | 73.2685 | 0 | 247
PACZ | Range_Small | 95 | 1488 | 18507397771485 | 0.0319481 | 73.2685 | 0 | 421
PACZ | Range_Small | 96 | 92 | 1094516908407 | 0.00961622 | 73.2685 | 0 | 185
PACZ | Range_Small | 97 | 1012 | 9867006463422 | 0.0173251 | 73.2685 | 0 | 335
PACZ | Range_Small | 98 | 1216 | 14647577115207 | 0.0166893 | 73.2685 | 0 | 321
PACZ | Range_Small | 99 | 1627 | 18676540227300 | 0.018994 | 73.2685 | 0 | 321
PACZ | Range_Medium | 0 | 23838 | 284772852283761 | 0.218312 | 73.2685 | 0 | 2315
PACZ | Range_Medium | 1 | 51428 | 704697204365823 | 0.494639 | 73.2685 | 0 | 4439
PACZ | Range_Medium | 2 | 43568 | 602854759981461 | 0.372648 | 73.2685 | 0 | 3927
PACZ | Range_Medium | 3 | 2376 | 29674985208213 | 0.0236829 | 73.2685 | 0 | 341
PACZ | Range_Medium | 4 | 21391 | 231843474566022 | 0.215689 | 73.2685 | 0 | 2115
PACZ | Range_Medium | 5 | 88273 | 1037099106242934 | 0.9257 | 73.2685 | 0 | 8081
PACZ | Range_Medium | 6 | 34190 | 367636491168690 | 0.29095 | 73.2685 | 0 | 3377
PACZ | Range_Medium | 7 | 82077 | 966939693246528 | 0.849009 | 73.2685 | 0 | 7763
PACZ | Range_Medium | 8 | 12946 | 156462410819640 | 0.10999 | 73.2685 | 0 | 1279
PACZ | Range_Medium | 9 | 1254 | 10642147586085 | 0.0149409 | 73.2685 | 0 | 293
PACZ | Range_Medium | 10 | 9311 | 110041038545391 | 0.0816186 | 73.2685 | 0 | 947
PACZ | Range_Medium | 11 | 12987 | 147934841384475 | 0.113964 | 73.2685 | 0 | 1331
PACZ | Range_Medium | 12 | 15931 | 182148525475689 | 0.146389 | 73.2685 | 0 | 1603
PACZ | Range_Medium | 13 | 26747 | 284837971628565 | 0.223637 | 73.2685 | 0 | 2543
PACZ | Range_Medium | 14 | 46329 | 505709849887740 | 0.436306 | 73.2685 | 0 | 4207
PACZ | Range_Medium | 15 | 34772 | 404786930110581 | 0.331004 | 73.2685 | 0 | 3471
PACZ | Range_Medium | 16 | 50669 | 693334313220324 | 0.45236 | 73.2685 | 0 | 4359
PACZ | Range_Medium | 17 | 75150 | 816055258008843 | 0.813007 | 73.2685 | 0 | 6583
PACZ | Range_Medium | 18 | 71545 | 772379254768356 | 0.706355 | 73.2685 | 0 | 6329
PACZ | Range_Medium | 19 | 40346 | 422212015693719 | 0.41763 | 73.2685 | 0 | 3883
PACZ | Range_Medium | 20 | 22676 | 262130421430206 | 0.237703 | 73.2685 | 0 | 2417
PACZ | Range_Medium | 21 | 94571 | 1109611795587672 | 1.11866 | 73.2685 | 0 | 8707
PACZ | Range_Medium | 22 | 43756 | 495438970455951 | 0.432968 | 73.2685 | 0 | 4037
PACZ | Range_Medium | 23 | 65339 | 682313886018471 | 0.698646 | 73.2685 | 0 | 5841
PACZ | Range_Medium | 24 | 692 | 4904905206177 | 0.0113646 | 73.2685 | 0 | 203
PACZ | Range_Medium | 25 | 6055 | 69750529540221 | 0.0747045 | 73.2685 | 0 | 769
PACZ | Range_Medium | 26 | 23810 | 251309769431091 | 0.243028 | 73.2685 | 0 | 2267
PACZ | Range_Medium | 27 | 98756 | 1162891321316463 | 1.15863 | 73.2685 | 0 | 9029
PACZ | Range_Medium | 28 | 6237 | 78176466889614 | 0.0680288 | 73.2685 | 0 | 777
PACZ | Range_Medium | 29 | 87662 | 1032506682930054 | 0.975927 | 73.2685 | 0 | 8109
PACZ | Range_Medium | 30 | 6320 | 77431382686356 | 0.0749429 | 73.2685 | 0 | 849
PACZ | Range_Medium | 31 | 28011 | 376619023891722 | 0.281016 | 73.2685 | 0 | 2685
PACZ | Range_Medium | 32 | 9232 | 99059895915426 | 0.108719 | 73.2685 | 0 | 1137
PACZ | Range_Medium | 33 | 99086 | 1164905541316722 | 1.14298 | 73.2685 | 0 | 8973
PACZ | Range_Medium | 34 | 67437 | 777701430180768 | 0.739654 | 73.2685 | 0 | 5967
PACZ | Range_Medium | 35 | 43992 | 496789202285049 | 0.475645 | 73.2685 | 0 | 4005
PACZ | Range_Medium | 36 | 67049 | 772212984747150 | 0.710328 | 73.2685 | 0 | 5941
PACZ | Range_Medium | 37 | 98770 | 1162511887521618 | 1.24868 | 73.2685 | 0 | 9035
PACZ | Range_Medium | 38 | 16045 | 192084820962492 | 0.169675 | 73.2685 | 0 | 1499
PACZ | Range_Medium | 39 | 63012 | 732434512311048 | 0.734965 | 73.2685 | 0 | 5575
PACZ | Range_Medium | 40 | 57134 | 587928311901981 | 0.624339 | 73.2685 | 0 | 5077
PACZ | Range_Medium | 41 | 26152 | 296677878293442 | 0.286341 | 73.2685 | 0 | 2751
PACZ | Range_Medium | 42 | 88075 | 1036285983359310 | 1.11103 | 73.2685 | 0 | 8113
PACZ | Range_Medium | 43 | 86653 | 1012893394698597 | 1.00764 | 73.2685 | 0 | 8105
PACZ | Range_Medium | 44 | 52467 | 548227184906508 | 0.587622 | 73.2685 | 0 | 4685
PACZ | Range_Medium | 45 | 16389 | 195854085939699 | 0.182708 | 73.2685 | 0 | 1777
PACZ | Range_Medium | 46 | 12399 | 140951912299236 | 0.144005 | 73.2685 | 0 | 1457
PACZ | Range_Medium | 47 | 52371 | 712792267504971 | 0.562986 | 73.2685 | 0 | 4545
PACZ | Range_Medium | 48 | 62221 | 641674660340049 | 0.705322 | 73.2685 | 0 | 5623
PACZ | Range_Medium | 49 | 4170 | 49770182082687 | 0.0493526 | 73.2685 | 0 | 557
PACZ | Range_Medium | 50 | 19194 | 222739853691186 | 0.200351 | 73.2685 | 0 | 1967
PACZ | Range_Medium | 51 | 64630 | 690597980530224 | 0.682672 | 73.2685 | 0 | 5615
PACZ | Range_Medium | 52 | 1 | 13072934046 | 0.00206629 | 73.2685 | 0 | 49
PACZ | Range_Medium | 53 | 26691 | 319316907096489 | 0.269651 | 73.2685 | 0 | 2611
PACZ | Range_Medium | 54 | 22074 | 267543514045365 | 0.208298 | 73.2685 | 0 | 2229
PACZ | Range_Medium | 55 | 83488 | 970546732850166 | 1.00303 | 73.2685 | 0 | 7795
PACZ | Range_Medium | 56 | 65576 | 672337529909148 | 0.712951 | 73.2685 | 0 | 5825
PACZ | Range_Medium | 57 | 63550 | 724914147048810 | 0.73727 | 73.2685 | 0 | 6059
PACZ | Range_Medium | 58 | 70854 | 754314295234989 | 0.836372 | 73.2685 | 0 | 6203
PACZ | Range_Medium | 59 | 48608 | 681691833796059 | 0.510057 | 73.2685 | 0 | 4313
PACZ | Range_Medium | 60 | 22455 | 244893757986681 | 0.234683 | 73.2685 | 0 | 2101
PACZ | Range_Medium | 61 | 5152 | 64046582448879 | 0.0650088 | 73.2685 | 0 | 711
PACZ | Range_Medium | 62 | 17273 | 193959154874739 | 0.174999 | 73.2685 | 0 | 1693
PACZ | Range_Medium | 63 | 16338 | 216888398202288 | 0.185331 | 73.2685 | 0 | 1743
PACZ | Range_Medium | 64 | 43434 | 568772026124541 | 0.473022 | 73.2685 | 0 | 3829
PACZ | Range_Medium | 65 | 7005 | 79601032302345 | 0.0856717 | 73.2685 | 0 | 927
PACZ | Range_Medium | 66 | 10659 | 126858863733021 | 0.11603 | 73.2685 | 0 | 1165
PACZ | Range_Medium | 67 | 25598 | 298839691466385 | 0.273307 | 73.2685 | 0 | 2471
PACZ | Range_Medium | 68 | 37574 | 464628427912305 | 0.430346 | 73.2685 | 0 | 3555
PACZ | Range_Medium | 69 | 20836 | 247883972231964 | 0.232061 | 73.2685 | 0 | 2163
PACZ | Range_Medium | 70 | 7327 | 82101998782635 | 0.0836849 | 73.2685 | 0 | 913
PACZ | Range_Medium | 71 | 5824 | 62909439822585 | 0.0666777 | 73.2685 | 0 | 737
PACZ | Range_Medium | 72 | 13010 | 157204208912106 | 0.122706 | 73.2685 | 0 | 1293
PACZ | Range_Medium | 73 | 65132 | 686174878310439 | 0.74331 | 73.2685 | 0 | 5703
PACZ | Range_Medium | 74 | 24403 | 290179607475447 | 0.258048 | 73.2685 | 0 | 2381
PACZ | Range_Medium | 75 | 49365 | 600002918686254 | 0.546376 | 73.2685 | 0 | 4319
PACZ | Range_Medium | 76 | 24748 | 286892241043539 | 0.252644 | 73.2685 | 0 | 2315
PACZ | Range_Medium | 77 | 72765 | 829951651004085 | 0.821988 | 73.2685 | 0 | 6319
PACZ | Range_Medium | 78 | 6184 | 66505143309543 | 0.0713666 | 73.2685 | 0 | 787
PACZ | Range_Medium | 79 | 3203 | 44127439158282 | 0.0425975 | 73.2685 | 0 | 493
PACZ | Range_Medium | 80 | 94504 | 1105641496166583 | 1.17636 | 73.2685 | 0 | 8721
PACZ | Range_Medium | 81 | 64174 | 675567306326667 | 0.70262 | 73.2685 | 0 | 5527
PACZ | Range_Medium | 82 | 25641 | 299510254278372 | 0.263611 | 73.2685 | 0 | 2475
PACZ | Range_Medium | 83 | 87022 | 1026392723272875 | 1.0883 | 73.2685 | 0 | 8113
PACZ | Range_Medium | 84 | 57490 | 675647810972196 | 0.631015 | 73.2685 | 0 | 5175
PACZ | Range_Medium | 85 | 2661 | 23101735346826 | 0.0367165 | 73.2685 | 0 | 453
PACZ | Range_Medium | 86 | 2 | 28495012899 | 0.00230471 | 73.2685 | 0 | 53
PACZ | Range_Medium | 87 | 42106 | 559325361860943 | 0.450293 | 73.2685 | 0 | 3827
PACZ | Range_Medium | 88 | 286 | 3410189922504 | 0.013272 | 73.2685 | 0 | 233
PACZ | Range_Medium | 89 | 68000 | 783295872542145 | 0.796954 | 73.2685 | 0 | 6001
PACZ | Range_Medium | 90 | 6842 | 88809794769615 | 0.0797113 | 73.2685 | 0 | 793
PACZ | Range_Medium | 91 | 15969 | 204255909551868 | 0.174046 | 73.2685 | 0 | 1639
PACZ | Range_Medium | 92 | 26277 | 313861591891758 | 0.285387 | 73.2685 | 0 | 2669
PACZ | Range_Medium | 93 | 63947 | 651334327450185 | 0.71605 | 73.2685 | 0 | 5675
PACZ | Range_Medium | 94 | 5466 | 68369752021803 | 0.0653267 | 73.2685 | 0 | 719
PACZ | Range_Medium | 95 | 52590 | 552152836440915 | 0.566324 | 73.2685 | 0 | 4775
PACZ | Range_Medium | 96 | 50341 | 689458531494210 | 0.543038 | 73.2685 | 0 | 4331
PACZ | Range_Medium | 97 | 5642 | 67789927734546 | 0.0706514 | 73.2685 | 0 | 833
PACZ | Range_Medium | 98 | 39036 | 463303896400962 | 0.432332 | 73.2685 | 0 | 3739
PACZ | Range_Medium | 99 | 46472 | 490527036506925 | 0.509977 | 73.2685 | 0 | 4295
PACZ | Range_Large | 0 | 669594 | 7851397211752560 | 7.98098 | 73.2685 | 0 | 54303
PACZ | Range_Large | 1 | 687858 | 8118514753704210 | 8.20494 | 73.2685 | 0 | 56101
PACZ | Range_Large | 2 | 499765 | 5946550603133709 | 6.02762 | 73.2685 | 0 | 40799
PACZ | Range_Large | 3 | 739580 | 8664867027606627 | 8.77937 | 73.2685 | 0 | 59773
PACZ | Range_Large | 4 | 466334 | 5444694695315943 | 5.47735 | 73.2685 | 0 | 37515
PACZ | Range_Large | 5 | 603950 | 7094439309933327 | 7.13627 | 73.2685 | 0 | 49015
PACZ | Range_Large | 6 | 474988 | 5541237038878785 | 5.60633 | 73.2685 | 0 | 38293
PACZ | Range_Large | 7 | 748370 | 8772204322279110 | 8.8733 | 73.2685 | 0 | 60401
PACZ | Range_Large | 8 | 579089 | 6883557589687671 | 6.99162 | 73.2685 | 0 | 47325
PACZ | Range_Large | 9 | 442192 | 5174946447340818 | 5.16733 | 73.2685 | 0 | 35511
PACZ | Range_Large | 10 | 466904 | 5578215454253127 | 5.57939 | 73.2685 | 0 | 38197
PACZ | Range_Large | 11 | 449580 | 5380651612680231 | 5.38929 | 73.2685 | 0 | 36745
PACZ | Range_Large | 12 | 654507 | 7729566287084025 | 7.75035 | 73.2685 | 0 | 53151
PACZ | Range_Large | 13 | 371704 | 4284143287877799 | 4.29336 | 73.2685 | 0 | 29857
PACZ | Range_Large | 14 | 490614 | 5847332003633796 | 5.84634 | 73.2685 | 0 | 40143
PACZ | Range_Large | 15 | 731613 | 8603220639455826 | 8.68901 | 73.2685 | 0 | 59381
PACZ | Range_Large | 16 | 770256 | 9044687913097167 | 9.12937 | 73.2685 | 0 | 62155
PACZ | Range_Large | 17 | 698796 | 8201814482036970 | 8.52362 | 73.2685 | 0 | 56797
PACZ | Range_Large | 18 | 571790 | 6809458598959668 | 6.93162 | 73.2685 | 0 | 46589
PACZ | Range_Large | 19 | 455029 | 5148768148516545 | 5.45971 | 73.2685 | 0 | 37691
PACZ | Range_Large | 20 | 448802 | 5250532333934214 | 5.22661 | 73.2685 | 0 | 35943
PACZ | Range_Large | 21 | 441689 | 5169392587833852 | 5.1566 | 73.2685 | 0 | 35495
PACZ | Range_Large | 22 | 569424 | 6674410912175244 | 6.76394 | 73.2685 | 0 | 46553
PACZ | Range_Large | 23 | 580274 | 6814405669133304 | 6.83467 | 73.2685 | 0 | 47383
PACZ | Range_Large | 24 | 579895 | 6810184242267615 | 6.88767 | 73.2685 | 0 | 47335
PACZ | Range_Large | 25 | 580779 | 6903358345905396 | 6.86502 | 73.2685 | 0 | 47469
PACZ | Range_Large | 26 | 551450 | 6469448519531802 | 6.63336 | 73.2685 | 0 | 45121
PACZ | Range_Large | 27 | 468504 | 5594416449115125 | 5.67834 | 73.2685 | 0 | 38301
PACZ | Range_Large | 28 | 691344 | 8145630703158921 | 8.36039 | 73.2685 | 0 | 56717
PACZ | Range_Large | 29 | 342985 | 3920935929110661 | 4.15166 | 73.2685 | 0 | 27719
PACZ | Range_Large | 30 | 468036 | 5602198762290114 | 5.75002 | 73.2685 | 0 | 38329
PACZ | Range_Large | 31 | 626127 | 7347534002473872 | 7.56963 | 73.2685 | 0 | 50913
PACZ | Range_Large | 32 | 479078 | 5588889241231104 | 5.53433 | 73.2685 | 0 | 38431
PACZ | Range_Large | 33 | 454241 | 5436032798044695 | 5.5906 | 73.2685 | 0 | 37161
PACZ | Range_Large | 34 | 473600 | 5513889567222801 | 5.52567 | 73.2685 | 0 | 38063
PACZ | Range_Large | 35 | 569287 | 6775709290872297 | 6.6456 | 73.2685 | 0 | 46379
PACZ | Range_Large | 36 | 546389 | 6521698140051132 | 6.39931 | 73.2685 | 0 | 44601
PACZ | Range_Large | 37 | 578535 | 6875363016086877 | 6.6913 | 73.2685 | 0 | 47241
PACZ | Range_Large | 38 | 386434 | 4443630717642306 | 4.78633 | 73.2685 | 0 | 32733
PACZ | Range_Large | 39 | 703933 | 8232433448081514 | 8.42905 | 73.2685 | 0 | 57127
PACZ | Range_Large | 40 | 573275 | 6821662630562070 | 6.79135 | 73.2685 | 0 | 46637
PACZ | Range_Large | 41 | 441801 | 5180554449816933 | 5.18632 | 73.2685 | 0 | 35541
PACZ | Range_Large | 42 | 436175 | 5114544556181676 | 5.07164 | 73.2685 | 0 | 35127
PACZ | Range_Large | 43 | 365467 | 4224772066797960 | 4.21031 | 73.2685 | 0 | 29501
PACZ | Range_Large | 44 | 520926 | 6204593023328508 | 6.21033 | 73.2685 | 0 | 42539
PACZ | Range_Large | 45 | 747882 | 8767510192438791 | 8.82936 | 73.2685 | 0 | 60355
PACZ | Range_Large | 46 | 475330 | 5665245858857679 | 5.60602 | 73.2685 | 0 | 38883
PACZ | Range_Large | 47 | 490486 | 5848207452370017 | 5.93535 | 73.2685 | 0 | 40095
PACZ | Range_Large | 48 | 694645 | 8190118632747774 | 8.40934 | 73.2685 | 0 | 56331
PACZ | Range_Large | 49 | 546532 | 6516795505286859 | 6.48499 | 73.2685 | 0 | 44597
PACZ | Range_Large | 50 | 511347 | 6101829919432065 | 6.12632 | 73.2685 | 0 | 41779
PACZ | Range_Large | 51 | 696696 | 8229185120926929 | 8.37803 | 73.2685 | 0 | 56587
PACZ | Range_Large | 52 | 569066 | 6774224205224064 | 6.76465 | 73.2685 | 0 | 46381
PACZ | Range_Large | 53 | 574765 | 6738235888809063 | 6.80359 | 73.2685 | 0 | 46917
PACZ | Range_Large | 54 | 501995 | 5998927143600999 | 6.00465 | 73.2685 | 0 | 41095
PACZ | Range_Large | 55 | 466750 | 5441193148475634 | 5.47568 | 73.2685 | 0 | 37549
PACZ | Range_Large | 56 | 470660 | 5484561972954132 | 5.51963 | 73.2685 | 0 | 37795
PACZ | Range_Large | 57 | 502255 | 5999940866355351 | 6.03731 | 73.2685 | 0 | 41101
PACZ | Range_Large | 58 | 535526 | 6390830275643448 | 6.37436 | 73.2685 | 0 | 43787
PACZ | Range_Large | 59 | 453738 | 5310417809984190 | 5.32603 | 73.2685 | 0 | 36551
PACZ | Range_Large | 60 | 435374 | 5107240217746110 | 5.05463 | 73.2685 | 0 | 35167
PACZ | Range_Large | 61 | 330847 | 3791835767535240 | 4.09667 | 73.2685 | 0 | 27857
PACZ | Range_Large | 62 | 569495 | 6782921758368408 | 6.70966 | 73.2685 | 0 | 46477
PACZ | Range_Large | 63 | 730896 | 8592979975861011 | 8.69497 | 73.2685 | 0 | 59319
PACZ | Range_Large | 64 | 515761 | 6145541561727813 | 6.35266 | 73.2685 | 0 | 42175
PACZ | Range_Large | 65 | 712526 | 8403696336165441 | 8.65706 | 73.2685 | 0 | 57765
PACZ | Range_Large | 66 | 477375 | 5568388735885488 | 5.57264 | 73.2685 | 0 | 38307
PACZ | Range_Large | 67 | 454386 | 5427527034067989 | 5.36672 | 73.2685 | 0 | 37123
PACZ | Range_Large | 68 | 71186 | 788753310369069 | 0.849644 | 73.2685 | 0 | 6419
PACZ | Range_Large | 69 | 385105 | 4465895975984796 | 4.486 | 73.2685 | 0 | 31009
PACZ | Range_Large | 70 | 682994 | 8059146553469226 | 8.14239 | 73.2685 | 0 | 55483
PACZ | Range_Large | 71 | 479571 | 5595463960969422 | 5.55563 | 73.2685 | 0 | 38467
PACZ | Range_Large | 72 | 447112 | 5236650974935470 | 5.28836 | 73.2685 | 0 | 35889
PACZ | Range_Large | 73 | 715706 | 8420635133083233 | 8.5063 | 73.2685 | 0 | 58075
PACZ | Range_Large | 74 | 704277 | 8309413917094491 | 8.59873 | 73.2685 | 0 | 57161
PACZ | Range_Large | 75 | 475166 | 5530680222920520 | 5.64329 | 73.2685 | 0 | 38133
PACZ | Range_Large | 76 | 455792 | 5331026262684411 | 5.28836 | 73.2685 | 0 | 36709
PACZ | Range_Large | 77 | 449797 | 5383229505878790 | 5.36903 | 73.2685 | 0 | 36835
PACZ | Range_Large | 78 | 461159 | 5385979418144631 | 5.40034 | 73.2685 | 0 | 37183
PACZ | Range_Large | 79 | 693572 | 8129584902288699 | 8.243 | 73.2685 | 0 | 56203
PACZ | Range_Large | 80 | 367822 | 4256340697060926 | 4.24131 | 73.2685 | 0 | 29651
PACZ | Range_Large | 81 | 540090 | 6442884393894411 | 6.44795 | 73.2685 | 0 | 44159
PACZ | Range_Large | 82 | 710109 | 8331957005386260 | 8.41395 | 73.2685 | 0 | 57471
PACZ | Range_Large | 83 | 358890 | 4106362987753014 | 4.41806 | 73.2685 | 0 | 29935
PACZ | Range_Large | 84 | 438172 | 5135297241554190 | 5.09397 | 73.2685 | 0 | 35213
PACZ | Range_Large | 85 | 464179 | 5553704015096493 | 5.54673 | 73.2685 | 0 | 37967
PACZ | Range_Large | 86 | 578678 | 6878423080919454 | 6.86566 | 73.2685 | 0 | 47229
PACZ | Range_Large | 87 | 452974 | 5420895745692474 | 5.44699 | 73.2685 | 0 | 37083
PACZ | Range_Large | 88 | 573317 | 6813831622839771 | 6.91533 | 73.2685 | 0 | 46611
PACZ | Range_Large | 89 | 463737 | 5402784008649843 | 5.42903 | 73.2685 | 0 | 37525
PACZ | Range_Large | 90 | 695728 | 8133551021097330 | 8.27265 | 73.2685 | 0 | 56449
PACZ | Range_Large | 91 | 460703 | 5504416976548263 | 5.51995 | 73.2685 | 0 | 37713
PACZ | Range_Large | 92 | 529829 | 6329017730895411 | 6.31968 | 73.2685 | 0 | 43389
PACZ | Range_Large | 93 | 512286 | 6129327343588650 | 6.12768 | 73.2685 | 0 | 41877
PACZ | Range_Large | 94 | 453571 | 5308910970060651 | 5.29472 | 73.2685 | 0 | 36539
PACZ | Range_Large | 95 | 444363 | 5206110751405497 | 5.21096 | 73.2685 | 0 | 35699
PACZ | Range_Large | 96 | 478285 | 5568467749488234 | 5.59235 | 73.2685 | 0 | 38327
PACZ | Range_Large | 97 | 530309 | 6335652319877850 | 6.32437 | 73.2685 | 0 | 43367
PACZ | Range_Large | 98 | 493746 | 5885539509315306 | 5.85032 | 73.2685 | 0 | 40463
PACZ | Range_Large | 99 | 474219 | 5520388835109567 | 5.55372 | 73.2685 | 0 | 38099
PACZ | kNN_10 | 0 | 10 | 121929649188 | 0.0420411 | 73.2685 | 0 | 244
PACZ | kNN_10 | 1 | 10 | 119289454587 | 0.0480016 | 73.2685 | 0 | 335
PACZ | kNN_10 | 2 | 10 | 126944986287 | 0.0553926 | 73.2685 | 0 | 408
PACZ | kNN_10 | 3 | 10 | 119787171606 | 0.0563463 | 73.2685 | 0 | 438
PACZ | kNN_10 | 4 | 10 | 158689946124 | 0.0609557 | 73.2685 | 0 | 396
PACZ | kNN_10 | 5 | 10 | 137276282433 | 0.0290076 | 73.2685 | 0 | 169
PACZ | kNN_10 | 6 | 10 | 126321881892 | 0.0762939 | 73.2685 | 0 | 597
PACZ | kNN_10 | 7 | 10 | 122263353951 | 0.0256697 | 73.2685 | 0 | 238
PACZ | kNN_10 | 8 | 10 | 131301097023 | 0.0270208 | 73.2685 | 0 | 231
PACZ | kNN_10 | 9 | 10 | 102715697475 | 0.041008 | 73.2685 | 0 | 371
PACZ | kNN_10 | 10 | 10 | 158274096789 | 0.0549952 | 73.2685 | 0 | 471
PACZ | kNN_10 | 11 | 10 | 90107665068 | 0.0429948 | 73.2685 | 0 | 355
PACZ | kNN_10 | 12 | 10 | 105661069035 | 0.0332991 | 73.2685 | 0 | 314
PACZ | kNN_10 | 13 | 10 | 103808161653 | 0.0433127 | 73.2685 | 0 | 294
PACZ | kNN_10 | 14 | 10 | 129032661246 | 0.0499884 | 73.2685 | 0 | 420
PACZ | kNN_10 | 15 | 10 | 124289814930 | 0.0323455 | 73.2685 | 0 | 305
PACZ | kNN_10 | 16 | 10 | 102709717245 | 0.0393391 | 73.2685 | 0 | 369
PACZ | kNN_10 | 17 | 10 | 60946265664 | 0.0549952 | 73.2685 | 0 | 520
PACZ | kNN_10 | 18 | 10 | 149361401301 | 0.0443459 | 73.2685 | 0 | 327
PACZ | kNN_10 | 19 | 10 | 128593475238 | 0.0390212 | 73.2685 | 0 | 342
PACZ | kNN_10 | 20 | 10 | 125386847049 | 0.0363191 | 73.2685 | 0 | 314
PACZ | kNN_10 | 21 | 10 | 129819980418 | 0.0543594 | 73.2685 | 0 | 455
PACZ | kNN_10 | 22 | 10 | 124323590673 | 0.0390212 | 73.2685 | 0 | 356
PACZ | kNN_10 | 23 | 10 | 123388196571 | 0.0343323 | 73.2685 | 0 | 350
PACZ | kNN_10 | 24 | 10 | 123093101403 | 0.0437101 | 73.2685 | 0 | 342
PACZ | kNN_10 | 25 | 10 | 67402118514 | 0.0402927 | 73.2685 | 0 | 341
PACZ | kNN_10 | 26 | 10 | 145474754373 | 0.063022 | 73.2685 | 0 | 519
PACZ | kNN_10 | 27 | 10 | 66325125096 | 0.0226498 | 73.2685 | 0 | 189
PACZ | kNN_10 | 28 | 10 | 123091877091 | 0.0486374 | 73.2685 | 0 | 367
PACZ | kNN_10 | 29 | 10 | 102698416740 | 0.0460148 | 73.2685 | 0 | 391
PACZ | kNN_10 | 30 | 10 | 125374643514 | 0.022014 | 73.2685 | 0 | 210
PACZ | kNN_10 | 31 | 10 | 147488821425 | 0.0367165 | 73.2685 | 0 | 329
PACZ | kNN_10 | 32 | 10 | 126413127684 | 0.0572999 | 73.2685 | 0 | 477
PACZ | kNN_10 | 33 | 10 | 119779296174 | 0.0673135 | 73.2685 | 0 | 488
PACZ | kNN_10 | 34 | 10 | 126362705658 | 0.0419617 | 73.2685 | 0 | 409
PACZ | kNN_10 | 35 | 10 | 90154322088 | 0.0429948 | 73.2685 | 0 | 316
PACZ | kNN_10 | 36 | 10 | 125521072119 | 0.0296434 | 73.2685 | 0 | 310
PACZ | kNN_10 | 37 | 10 | 122664690738 | 0.0346502 | 73.2685 | 0 | 259
PACZ | kNN_10 | 38 | 10 | 104111429652 | 0.0460148 | 73.2685 | 0 | 388
PACZ | kNN_10 | 39 | 10 | 119787122343 | 0.0456174 | 73.2685 | 0 | 408
PACZ | kNN_10 | 40 | 10 | 116316847491 | 0.0402927 | 73.2685 | 0 | 311
PACZ | kNN_10 | 41 | 10 | 119294122338 | 0.0202656 | 73.2685 | 0 | 192
PACZ | kNN_10 | 42 | 10 | 104946024276 | 0.0480016 | 73.2685 | 0 | 398
PACZ | kNN_10 | 43 | 10 | 64328047104 | 0.0226498 | 73.2685 | 0 | 232
PACZ | kNN_10 | 44 | 10 | 131424040887 | 0.0279744 | 73.2685 | 0 | 238
PACZ | kNN_10 | 45 | 10 | 123244743135 | 0.0402927 | 73.2685 | 0 | 299
PACZ | kNN_10 | 46 | 10 | 111953745123 | 0.0243187 | 73.2685 | 0 | 237
PACZ | kNN_10 | 47 | 10 | 126997334721 | 0.0456174 | 73.2685 | 0 | 412
PACZ | kNN_10 | 48 | 10 | 59618723181 | 0.0319481 | 73.2685 | 0 | 310
PACZ | kNN_10 | 49 | 10 | 102554827251 | 0.0456174 | 73.2685 | 0 | 391
PACZ | kNN_10 | 50 | 10 | 139841492331 | 0.064373 | 73.2685 | 0 | 489
PACZ | kNN_10 | 51 | 10 | 124249316118 | 0.0793139 | 73.2685 | 0 | 632
PACZ | kNN_10 | 52 | 10 | 126317313174 | 0.0706514 | 73.2685 | 0 | 557
PACZ | kNN_10 | 53 | 10 | 120467679885 | 0.0329812 | 73.2685 | 0 | 273
PACZ | kNN_10 | 54 | 10 | 102502292961 | 0.0439485 | 73.2685 | 0 | 331
PACZ | kNN_10 | 55 | 10 | 119251980507 | 0.0313123 | 73.2685 | 0 | 270
PACZ | kNN_10 | 56 | 10 | 118802013120 | 0.0513395 | 73.2685 | 0 | 389
PACZ | kNN_10 | 57 | 10 | 119287357854 | 0.0329812 | 73.2685 | 0 | 272
PACZ | kNN_10 | 58 | 10 | 107075048403 | 0.045379 | 73.2685 | 0 | 404
PACZ | kNN_10 | 59 | 10 | 120102113079 | 0.0400543 | 73.2685 | 0 | 324
PACZ | kNN_10 | 60 | 10 | 131617525281 | 0.0326633 | 73.2685 | 0 | 316
PACZ | kNN_10 | 61 | 10 | 123241258956 | 0.0339349 | 73.2685 | 0 | 269
PACZ | kNN_10 | 62 | 10 | 158689961184 | 0.0449816 | 73.2685 | 0 | 355
PACZ | kNN_10 | 63 | 10 | 156442682823 | 0.0523726 | 73.2685 | 0 | 386
PACZ | kNN_10 | 64 | 10 | 59618670564 | 0.0330607 | 73.2685 | 0 | 280
PACZ | kNN_10 | 65 | 10 | 75355423332 | 0.0703335 | 73.2685 | 0 | 583
PACZ | kNN_10 | 66 | 10 | 124961028585 | 0.0373522 | 73.2685 | 0 | 368
PACZ | kNN_10 | 67 | 10 | 124346744016 | 0.0367165 | 73.2685 | 0 | 335
PACZ | kNN_10 | 68 | 10 | 94571993643 | 0.0406901 | 73.2685 | 0 | 348
PACZ | kNN_10 | 69 | 10 | 145298408385 | 0.0263055 | 73.2685 | 0 | 270
PACZ | kNN_10 | 70 | 10 | 150027283215 | 0.0402927 | 73.2685 | 0 | 374
PACZ | kNN_10 | 71 | 10 | 123180418509 | 0.0386238 | 73.2685 | 0 | 305
PACZ | kNN_10 | 72 | 10 | 119306116125 | 0.0305971 | 73.2685 | 0 | 263
PACZ | kNN_10 | 73 | 10 | 145474847277 | 0.0469685 | 73.2685 | 0 | 392
PACZ | kNN_10 | 74 | 10 | 59648348484 | 0.0516574 | 73.2685 | 0 | 465
PACZ | kNN_10 | 75 | 10 | 106671444285 | 0.0449816 | 73.2685 | 0 | 377
PACZ | kNN_10 | 76 | 10 | 43055663052 | 0.023365 | 73.2685 | 0 | 207
PACZ | kNN_10 | 77 | 10 | 90036212682 | 0.0356833 | 73.2685 | 0 | 319
PACZ | kNN_10 | 78 | 10 | 137860197015 | 0.041008 | 73.2685 | 0 | 341
PACZ | kNN_10 | 79 | 10 | 140787823443 | 0.0503063 | 73.2685 | 0 | 382
PACZ | kNN_10 | 80 | 10 | 139931561943 | 0.0610352 | 73.2685 | 0 | 509
PACZ | kNN_10 | 81 | 10 | 119288291274 | 0.0300407 | 73.2685 | 0 | 224
PACZ | kNN_10 | 82 | 10 | 111953598477 | 0.0253518 | 73.2685 | 0 | 240
PACZ | kNN_10 | 83 | 10 | 145480949700 | 0.0752608 | 73.2685 | 0 | 599
PACZ | kNN_10 | 84 | 10 | 130170310179 | 0.0463327 | 73.2685 | 0 | 341
PACZ | kNN_10 | 85 | 10 | 123294208068 | 0.0313918 | 73.2685 | 0 | 266
PACZ | kNN_10 | 86 | 10 | 90036206706 | 0.0283718 | 73.2685 | 0 | 285
PACZ | kNN_10 | 87 | 10 | 104479422591 | 0.0350475 | 73.2685 | 0 | 338
PACZ | kNN_10 | 88 | 10 | 142760496246 | 0.041008 | 73.2685 | 0 | 355
PACZ | kNN_10 | 89 | 10 | 131598546165 | 0.0383854 | 73.2685 | 0 | 292
PACZ | kNN_10 | 90 | 10 | 120334867083 | 0.0306765 | 73.2685 | 0 | 255
PACZ | kNN_10 | 91 | 10 | 134996108937 | 0.0336965 | 73.2685 | 0 | 322
PACZ | kNN_10 | 92 | 10 | 130244102547 | 0.0563463 | 73.2685 | 0 | 454
PACZ | kNN_10 | 93 | 10 | 137337692511 | 0.0186761 | 73.2685 | 0 | 128
PACZ | kNN_10 | 94 | 10 | 137162541099 | 0.0376701 | 73.2685 | 0 | 315
PACZ | kNN_10 | 95 | 10 | 80892506067 | 0.0290076 | 73.2685 | 0 | 301
PACZ | kNN_10 | 96 | 10 | 90152701857 | 0.0480016 | 73.2685 | 0 | 366
PACZ | kNN_10 | 97 | 10 | 131737919103 | 0.0446637 | 73.2685 | 0 | 314
PACZ | kNN_10 | 98 | 10 | 139840997721 | 0.0596841 | 73.2685 | 0 | 488
PACZ | kNN_10 | 99 | 10 | 118789044078 | 0.039657 | 73.2685 | 0 | 376
PACZ | kNN_100 | 0 | 100 | 1219296666819 | 0.199636 | 73.2685 | 0 | 457
PACZ | kNN_100 | 1 | 100 | 1192894575387 | 0.259638 | 73.2685 | 0 | 543
PACZ | kNN_100 | 2 | 100 | 1210691590164 | 0.293016 | 73.2685 | 0 | 753
PACZ | kNN_100 | 3 | 100 | 1197872701908 | 0.307719 | 73.2685 | 0 | 762
PACZ | kNN_100 | 4 | 100 | 1586899567098 | 0.291983 | 73.2685 | 0 | 605
PACZ | kNN_100 | 5 | 100 | 1372762792026 | 0.142336 | 73.2685 | 0 | 242
PACZ | kNN_100 | 6 | 100 | 1229614213074 | 0.461976 | 73.2685 | 0 | 1212
PACZ | kNN_100 | 7 | 100 | 1307341882977 | 0.151634 | 73.2685 | 0 | 426
PACZ | kNN_100 | 8 | 100 | 1293612401139 | 0.163635 | 73.2685 | 0 | 402
PACZ | kNN_100 | 9 | 100 | 1027156796418 | 0.267665 | 73.2685 | 0 | 770
PACZ | kNN_100 | 10 | 100 | 1427053874424 | 0.303666 | 73.2685 | 0 | 918
PACZ | kNN_100 | 11 | 100 | 901076642358 | 0.241677 | 73.2685 | 0 | 649
PACZ | kNN_100 | 12 | 100 | 1072545509352 | 0.219663 | 73.2685 | 0 | 634
PACZ | kNN_100 | 13 | 100 | 1053482005062 | 0.217994 | 73.2685 | 0 | 512
PACZ | kNN_100 | 14 | 100 | 1270069610454 | 0.256618 | 73.2685 | 0 | 698
PACZ | kNN_100 | 15 | 100 | 1242898133745 | 0.195026 | 73.2685 | 0 | 566
PACZ | kNN_100 | 16 | 100 | 1027097153823 | 0.256379 | 73.2685 | 0 | 792
PACZ | kNN_100 | 17 | 100 | 609492893745 | 0.299374 | 73.2685 | 0 | 965
PACZ | kNN_100 | 18 | 100 | 1477622167437 | 0.187635 | 73.2685 | 0 | 495
PACZ | kNN_100 | 19 | 100 | 1132651795044 | 0.204325 | 73.2685 | 0 | 631
PACZ | kNN_100 | 20 | 100 | 1253868463401 | 0.239372 | 73.2685 | 0 | 612
PACZ | kNN_100 | 21 | 100 | 1274699092368 | 0.290632 | 73.2685 | 0 | 854
PACZ | kNN_100 | 22 | 100 | 1243144239615 | 0.223319 | 73.2685 | 0 | 691
PACZ | kNN_100 | 23 | 100 | 1275613537290 | 0.206629 | 73.2685 | 0 | 667
PACZ | kNN_100 | 24 | 100 | 1224914951361 | 0.209332 | 73.2685 | 0 | 614
PACZ | kNN_100 | 25 | 100 | 712980042531 | 0.204643 | 73.2685 | 0 | 602
PACZ | kNN_100 | 26 | 100 | 1455006210360 | 0.329336 | 73.2685 | 0 | 932
PACZ | kNN_100 | 27 | 100 | 579439557225 | 0.10705 | 73.2685 | 0 | 303
PACZ | kNN_100 | 28 | 100 | 1240176543726 | 0.217994 | 73.2685 | 0 | 620
PACZ | kNN_100 | 29 | 100 | 1026984218733 | 0.248671 | 73.2685 | 0 | 797
PACZ | kNN_100 | 30 | 100 | 1253746230495 | 0.153701 | 73.2685 | 0 | 430
PACZ | kNN_100 | 31 | 100 | 1475049750474 | 0.193993 | 73.2685 | 0 | 638
PACZ | kNN_100 | 32 | 100 | 1253709360963 | 0.286976 | 73.2685 | 0 | 867
PACZ | kNN_100 | 33 | 100 | 1218428689590 | 0.321309 | 73.2685 | 0 | 776
PACZ | kNN_100 | 34 | 100 | 1264383690267 | 0.206391 | 73.2685 | 0 | 746
PACZ | kNN_100 | 35 | 100 | 901543217442 | 0.22165 | 73.2685 | 0 | 599
PACZ | kNN_100 | 36 | 100 | 1255210738869 | 0.156323 | 73.2685 | 0 | 531
PACZ | kNN_100 | 37 | 100 | 1231195649466 | 0.267347 | 73.2685 | 0 | 487
PACZ | kNN_100 | 38 | 100 | 1054283980548 | 0.288645 | 73.2685 | 0 | 737
PACZ | kNN_100 | 39 | 100 | 1197871722936 | 0.300646 | 73.2685 | 0 | 740
PACZ | kNN_100 | 40 | 100 | 976740295929 | 0.205676 | 73.2685 | 0 | 561
PACZ | kNN_100 | 41 | 100 | 1203586217649 | 0.0993411 | 73.2685 | 0 | 295
PACZ | kNN_100 | 42 | 100 | 979190926902 | 0.257015 | 73.2685 | 0 | 815
PACZ | kNN_100 | 43 | 100 | 694908428451 | 0.125011 | 73.2685 | 0 | 468
PACZ | kNN_100 | 44 | 100 | 1220874534615 | 0.168403 | 73.2685 | 0 | 487
PACZ | kNN_100 | 45 | 100 | 1232429638800 | 0.220696 | 73.2685 | 0 | 578
PACZ | kNN_100 | 46 | 100 | 1119537527538 | 0.140349 | 73.2685 | 0 | 443
PACZ | kNN_100 | 47 | 100 | 1278683419527 | 0.217358 | 73.2685 | 0 | 708
PACZ | kNN_100 | 48 | 100 | 586539476232 | 0.17937 | 73.2685 | 0 | 617
PACZ | kNN_100 | 49 | 100 | 1025583122244 | 0.291983 | 73.2685 | 0 | 766
PACZ | kNN_100 | 50 | 100 | 1398412521711 | 0.343959 | 73.2685 | 0 | 871
PACZ | kNN_100 | 51 | 100 | 1270585235274 | 0.398636 | 73.2685 | 0 | 1128
PACZ | kNN_100 | 52 | 100 | 1263218405640 | 0.347614 | 73.2685 | 0 | 1121
PACZ | kNN_100 | 53 | 100 | 1207383238815 | 0.144641 | 73.2685 | 0 | 409
PACZ | kNN_100 | 54 | 100 | 1024924288671 | 0.186284 | 73.2685 | 0 | 579
PACZ | kNN_100 | 55 | 100 | 1192519837056 | 0.15529 | 73.2685 | 0 | 420
PACZ | kNN_100 | 56 | 100 | 1190651056782 | 0.29707 | 73.2685 | 0 | 865
PACZ | kNN_100 | 57 | 100 | 1192873579839 | 0.15831 | 73.2685 | 0 | 432
PACZ | kNN_100 | 58 | 100 | 1133877933933 | 0.209332 | 73.2685 | 0 | 699
PACZ | kNN_100 | 59 | 100 | 1201021143840 | 0.225306 | 73.2685 | 0 | 596
PACZ | kNN_100 | 60 | 100 | 1316175236055 | 0.199318 | 73.2685 | 0 | 552
PACZ | kNN_100 | 61 | 100 | 1232412647223 | 0.18096 | 73.2685 | 0 | 493
PACZ | kNN_100 | 62 | 100 | 1586899516710 | 0.228008 | 73.2685 | 0 | 572
PACZ | kNN_100 | 63 | 100 | 1508637407262 | 0.199954 | 73.2685 | 0 | 617
PACZ | kNN_100 | 64 | 100 | 737319763095 | 0.146945 | 73.2685 | 0 | 515
PACZ | kNN_100 | 65 | 100 | 626168069928 | 0.315348 | 73.2685 | 0 | 1073
PACZ | kNN_100 | 66 | 100 | 1243070099517 | 0.249704 | 73.2685 | 0 | 680
PACZ | kNN_100 | 67 | 100 | 1243467422496 | 0.217994 | 73.2685 | 0 | 735
PACZ | kNN_100 | 68 | 100 | 1164998012931 | 0.229597 | 73.2685 | 0 | 640
PACZ | kNN_100 | 69 | 100 | 1441983275718 | 0.150998 | 73.2685 | 0 | 431
PACZ | kNN_100 | 70 | 100 | 1500272834250 | 0.192324 | 73.2685 | 0 | 652
PACZ | kNN_100 | 71 | 100 | 1231804117416 | 0.246286 | 73.2685 | 0 | 573
PACZ | kNN_100 | 72 | 100 | 1319877870168 | 0.154734 | 73.2685 | 0 | 485
PACZ | kNN_100 | 73 | 100 | 1454748469065 | 0.232697 | 73.2685 | 0 | 761
PACZ | kNN_100 | 74 | 100 | 972461419773 | 0.257651 | 73.2685 | 0 | 890
PACZ | kNN_100 | 75 | 100 | 1086572543583 | 0.263691 | 73.2685 | 0 | 804
PACZ | kNN_100 | 76 | 100 | 435741166629 | 0.10697 | 73.2685 | 0 | 326
PACZ | kNN_100 | 77 | 100 | 900362318151 | 0.168959 | 73.2685 | 0 | 562
PACZ | kNN_100 | 78 | 100 | 958538616162 | 0.180006 | 73.2685 | 0 | 569
PACZ | kNN_100 | 79 | 100 | 1407878275836 | 0.245651 | 73.2685 | 0 | 639
PACZ | kNN_100 | 80 | 100 | 1399315686324 | 0.329971 | 73.2685 | 0 | 861
PACZ | kNN_100 | 81 | 100 | 1192882743048 | 0.159979 | 73.2685 | 0 | 325
PACZ | kNN_100 | 82 | 100 | 1119535987161 | 0.12668 | 73.2685 | 0 | 417
PACZ | kNN_100 | 83 | 100 | 1452840457284 | 0.350316 | 73.2685 | 0 | 1092
PACZ | kNN_100 | 84 | 100 | 1301696629791 | 0.249386 | 73.2685 | 0 | 670
PACZ | kNN_100 | 85 | 100 | 1232942299794 | 0.188986 | 73.2685 | 0 | 529
PACZ | kNN_100 | 86 | 100 | 961284889911 | 0.154336 | 73.2685 | 0 | 554
PACZ | kNN_100 | 87 | 100 | 1075952553483 | 0.231028 | 73.2685 | 0 | 720
PACZ | kNN_100 | 88 | 100 | 1406247032907 | 0.202338 | 73.2685 | 0 | 612
PACZ | kNN_100 | 89 | 100 | 1315985653698 | 0.188033 | 73.2685 | 0 | 517
PACZ | kNN_100 | 90 | 100 | 1229011907043 | 0.171741 | 73.2685 | 0 | 511
PACZ | kNN_100 | 91 | 100 | 1359668245242 | 0.159025 | 73.2685 | 0 | 545
PACZ | kNN_100 | 92 | 100 | 1261188019908 | 0.307004 | 73.2685 | 0 | 857
PACZ | kNN_100 | 93 | 100 | 1415530698204 | 0.0743866 | 73.2685 | 0 | 210
PACZ | kNN_100 | 94 | 100 | 1390875254061 | 0.231663 | 73.2685 | 0 | 561
PACZ | kNN_100 | 95 | 100 | 854263567398 | 0.212987 | 73.2685 | 0 | 547
PACZ | kNN_100 | 96 | 100 | 947739395151 | 0.203053 | 73.2685 | 0 | 615
PACZ | kNN_100 | 97 | 100 | 1328135785854 | 0.162681 | 73.2685 | 0 | 467
PACZ | kNN_100 | 98 | 100 | 1398409649325 | 0.28038 | 73.2685 | 0 | 864
PACZ | kNN_100 | 99 | 100 | 1268563943706 | 0.220696 | 73.2685 | 0 | 787
