Algo | QType | QID | Count | Hash | Time_ms | Mem_Tree_MB | Mem_Delta_MB | Nodes
PACZ | Range_Small | 0 | 9 | 60367546941 | 0.00762939 | 121.839 | 0 | 167
PACZ | Range_Small | 1 | 182 | 1509643621320 | 0.0046889 | 121.839 | 0 | 151
PACZ | Range_Small | 2 | 628 | 7281240530019 | 0.0120004 | 121.839 | 0 | 245
PACZ | Range_Small | 3 | 1627 | 19731347369418 | 0.0276566 | 121.839 | 0 | 339
PACZ | Range_Small | 4 | 763 | 9589612109304 | 0.0193119 | 121.839 | 0 | 323
PACZ | Range_Small | 5 | 609 | 4927487379471 | 0.0290076 | 121.839 | 0 | 301
PACZ | Range_Small | 6 | 1200 | 14979560610291 | 0.023365 | 121.839 | 0 | 379
PACZ | Range_Small | 7 | 4311 | 58124646669102 | 0.0623067 | 121.839 | 0 | 587
PACZ | Range_Small | 8 | 523 | 6239345003106 | 0.0163714 | 121.839 | 0 | 283
PACZ | Range_Small | 9 | 1430 | 14762564149959 | 0.0280539 | 121.839 | 0 | 401
PACZ | Range_Small | 10 | 11342 | 138955677405615 | 0.18096 | 121.839 | 0 | 1411
PACZ | Range_Small | 11 | 3559 | 47691279841545 | 0.0576178 | 121.839 | 0 | 655
PACZ | Range_Small | 12 | 32 | 140824166121 | 0.00365575 | 121.839 | 0 | 117
PACZ | Range_Small | 13 | 300 | 4420203694050 | 0.0103315 | 121.839 | 0 | 229
PACZ | Range_Small | 14 | 818 | 11238925186767 | 0.0202656 | 121.839 | 0 | 323
PACZ | Range_Small | 15 | 39 | 480656125932 | 0.00596046 | 121.839 | 0 | 193
PACZ | Range_Small | 16 | 235 | 2576736092325 | 0.018994 | 121.839 | 0 | 245
PACZ | Range_Small | 17 | 287 | 2967699382950 | 0.0133514 | 121.839 | 0 | 251
PACZ | Range_Small | 18 | 329 | 2801848775409 | 0.0106494 | 121.839 | 0 | 233
PACZ | Range_Small | 19 | 159 | 1993602201618 | 0.00866254 | 121.839 | 0 | 229
PACZ | Range_Small | 20 | 18762 | 221726543444739 | 0.240008 | 121.839 | 0 | 2167
PACZ | Range_Small | 21 | 1338 | 8050455013950 | 0.0180403 | 121.839 | 0 | 307
PACZ | Range_Small | 22 | 639 | 8199859170372 | 0.0147025 | 121.839 | 0 | 301
PACZ | Range_Small | 23 | 568 | 5270028402594 | 0.0106494 | 121.839 | 0 | 259
PACZ | Range_Small | 24 | 2117 | 26045667274896 | 0.0389417 | 121.839 | 0 | 459
PACZ | Range_Small | 25 | 1985 | 22912923008946 | 0.0340144 | 121.839 | 0 | 433
PACZ | Range_Small | 26 | 350 | 3362248497093 | 0.0109673 | 121.839 | 0 | 169
PACZ | Range_Small | 27 | 1119 | 15825913871667 | 0.0163714 | 121.839 | 0 | 299
PACZ | Range_Small | 28 | 565 | 7048191224112 | 0.0162919 | 121.839 | 0 | 273
PACZ | Range_Small | 29 | 1810 | 18791328187623 | 0.036637 | 121.839 | 0 | 455
PACZ | Range_Small | 30 | 778 | 10690659598071 | 0.0139872 | 121.839 | 0 | 243
PACZ | Range_Small | 31 | 1987 | 23925888408984 | 0.0340144 | 121.839 | 0 | 403
PACZ | Range_Small | 32 | 715 | 8388169965861 | 0.0153383 | 121.839 | 0 | 247
PACZ | Range_Small | 33 | 1950 | 24309074077986 | 0.0303586 | 121.839 | 0 | 441
PACZ | Range_Small | 34 | 7 | 46974846234 | 0.00437101 | 121.839 | 0 | 157
PACZ | Range_Small | 35 | 1422 | 17776917723963 | 0.0306765 | 121.839 | 0 | 363
PACZ | Range_Small | 36 | 558 | 7004416082460 | 0.0110467 | 121.839 | 0 | 255
PACZ | Range_Small | 37 | 339 | 4041448659432 | 0.0109673 | 121.839 | 0 | 281
PACZ | Range_Small | 38 | 5165 | 63823223932323 | 0.0723203 | 121.839 | 0 | 749
PACZ | Range_Small | 39 | 438 | 5225352288834 | 0.0116825 | 121.839 | 0 | 297
PACZ | Range_Small | 40 | 293 | 3573889127124 | 0.0106494 | 121.839 | 0 | 233
PACZ | Range_Small | 41 | 562 | 5456970249924 | 0.0103315 | 121.839 | 0 | 249
PACZ | Range_Small | 42 | 134 | 1727560092174 | 0.00770887 | 121.839 | 0 | 177
PACZ | Range_Small | 43 | 959 | 13401545125101 | 0.017643 | 121.839 | 0 | 343
PACZ | Range_Small | 44 | 765 | 9616729073070 | 0.0136693 | 121.839 | 0 | 313
PACZ | Range_Small | 45 | 1245 | 14939864341074 | 0.0212987 | 121.839 | 0 | 307
PACZ | Range_Small | 46 | 249 | 3040916506044 | 0.0109673 | 121.839 | 0 | 275
PACZ | Range_Small | 47 | 628 | 7294838214930 | 0.0149409 | 121.839 | 0 | 241
PACZ | Range_Small | 48 | 25 | 141909252651 | 0.00429153 | 121.839 | 0 | 155
PACZ | Range_Small | 49 | 1025 | 10855080457854 | 0.0173251 | 121.839 | 0 | 323
PACZ | Range_Small | 50 | 114 | 811171455318 | 0.00667572 | 121.839 | 0 | 171
PACZ | Range_Small | 51 | 97 | 573403318491 | 0.0046889 | 121.839 | 0 | 143
PACZ | Range_Small | 52 | 569 | 7386010848831 | 0.0183582 | 121.839 | 0 | 337
PACZ | Range_Small | 53 | 8578 | 106023816145971 | 0.109673 | 121.839 | 0 | 1145
PACZ | Range_Small | 54 | 11431 | 139915092537372 | 0.146945 | 121.839 | 0 | 1501
PACZ | Range_Small | 55 | 1087 | 15008305160955 | 0.018994 | 121.839 | 0 | 349
PACZ | Range_Small | 56 | 189 | 2626642901289 | 0.0073115 | 121.839 | 0 | 197
PACZ | Range_Small | 57 | 367 | 4304314602381 | 0.00961622 | 121.839 | 0 | 227
PACZ | Range_Small | 58 | 1154 | 15808226396724 | 0.0256697 | 121.839 | 0 | 295
PACZ | Range_Small | 59 | 1153 | 13677020635854 | 0.0272592 | 121.839 | 0 | 341
PACZ | Range_Small | 60 | 397 | 4913572952172 | 0.00898043 | 121.839 | 0 | 215
PACZ | Range_Small | 61 | 139 | 1705057342683 | 0.00739098 | 121.839 | 0 | 207
PACZ | Range_Small | 62 | 2406 | 21142522699695 | 0.0436306 | 121.839 | 0 | 467
PACZ | Range_Small | 63 | 146 | 1906136848371 | 0.00866254 | 121.839 | 0 | 259
PACZ | Range_Small | 64 | 2517 | 31117974003720 | 0.0403722 | 121.839 | 0 | 525
PACZ | Range_Small | 65 | 35 | 419980614063 | 0.00500679 | 121.839 | 0 | 183
PACZ | Range_Small | 66 | 653 | 8294114867004 | 0.0267029 | 121.839 | 0 | 279
PACZ | Range_Small | 67 | 702 | 8111609611701 | 0.0130335 | 121.839 | 0 | 283
PACZ | Range_Small | 68 | 830 | 10457808760440 | 0.0156562 | 121.839 | 0 | 287
PACZ | Range_Small | 69 | 2637 | 32506925732268 | 0.0343323 | 121.839 | 0 | 501
PACZ | Range_Small | 70 | 543 | 6694596687948 | 0.0116825 | 121.839 | 0 | 269
PACZ | Range_Small | 71 | 1574 | 19234451315508 | 0.023365 | 121.839 | 0 | 435
PACZ | Range_Small | 72 | 565 | 6639403320216 | 0.0106494 | 121.839 | 0 | 249
PACZ | Range_Small | 73 | 1331 | 16599806803347 | 0.0226498 | 121.839 | 0 | 415
PACZ | Range_Small | 74 | 4533 | 57032240351571 | 0.0496705 | 121.839 | 0 | 685
PACZ | Range_Small | 75 | 486 | 6715446384099 | 0.0123183 | 121.839 | 0 | 249
PACZ | Range_Small | 76 | 234 | 2874979190298 | 0.00969569 | 121.839 | 0 | 219
PACZ | Range_Small | 77 | 420 | 4877405758221 | 0.00802676 | 121.839 | 0 | 225
PACZ | Range_Small | 78 | 620 | 7051156686624 | 0.0173251 | 121.839 | 0 | 353
PACZ | Range_Small | 79 | 495 | 5222681944689 | 0.0112851 | 121.839 | 0 | 229
PACZ | Range_Small | 80 | 16713 | 200422699826841 | 0.22467 | 121.839 | 0 | 1987
PACZ | Range_Small | 81 | 592 | 7666298925678 | 0.0136693 | 121.839 | 0 | 297
PACZ | Range_Small | 82 | 702 | 8663385695103 | 0.0150204 | 121.839 | 0 | 293
PACZ | Range_Small | 83 | 195 | 2403272634693 | 0.00603994 | 121.839 | 0 | 211
PACZ | Range_Small | 84 | 314 | 3993049465428 | 0.0150204 | 121.839 | 0 | 255
PACZ | Range_Small | 85 | 646 | 8985654130317 | 0.0113646 | 121.839 | 0 | 277
PACZ | Range_Small | 86 | 865 | 12454575995415 | 0.0273387 | 121.839 | 0 | 369
PACZ | Range_Small | 87 | 363 | 4548782558580 | 0.0179609 | 121.839 | 0 | 311
PACZ | Range_Small | 88 | 717 | 9332741196693 | 0.018994 | 121.839 | 0 | 241
PACZ | Range_Small | 89 | 695 | 8218988135103 | 0.0166893 | 121.839 | 0 | 273
PACZ | Range_Small | 90 | 444 | 5842934338560 | 0.0116825 | 121.839 | 0 | 255
PACZ | Range_Small | 91 | 1585 | 18756870693996 | 0.0350475 | 121.839 | 0 | 381
PACZ | Range_Small | 92 | 1970 | 24765357904404 | 0.0336965 | 121.839 | 0 | 461
PACZ | Range_Small | 93 | 564 | 7668215917989 | 0.0173251 | 121.839 | 0 | 227
PACZ | Range_Small | 94 | 892 | 10990362239679 | 0.0213782 | 121.839 | 0 | 337
PACZ | Range_Small | 95 | 437 | 2486852354562 | 0.0147025 | 121.839 | 0 | 235
PACZ | Range_Small | 96 | 422 | 4204696159362 | 0.0100136 | 121.839 | 0 | 223
PACZ | Range_Small | 97 | 2366 | 30637516098084 | 0.0360012 | 121.839 | 0 | 433
PACZ | Range_Small | 98 | 1693 | 22177521237126 | 0.0260671 | 121.839 | 0 | 359
PACZ | Range_Small | 99 | 241 | 2138681061171 | 0.00834465 | 121.839 | 0 | 229
PACZ | Range_Medium | 0 | 50178 | 589270357820421 | 0.609716 | 121.839 | 0 | 4697
PACZ | Range_Medium | 1 | 6236 | 70051289012319 | 0.0709693 | 121.839 | 0 | 949
PACZ | Range_Medium | 2 | 8807 | 98418043442658 | 0.0819365 | 121.839 | 0 | 1023
PACZ | Range_Medium | 3 | 30366 | 348366892489359 | 0.304699 | 121.839 | 0 | 3259
PACZ | Range_Medium | 4 | 5875 | 69046801290438 | 0.0519753 | 121.839 | 0 | 749
PACZ | Range_Medium | 5 | 89969 | 1064219231902632 | 1.127 | 121.839 | 0 | 8493
PACZ | Range_Medium | 6 | 89713 | 1061849927766750 | 0.924985 | 121.839 | 0 | 8525
PACZ | Range_Medium | 7 | 26260 | 282792509393574 | 0.255028 | 121.839 | 0 | 2823
PACZ | Range_Medium | 8 | 60014 | 687996475571202 | 0.679334 | 121.839 | 0 | 5647
PACZ | Range_Medium | 9 | 13606 | 162361478593941 | 0.126998 | 121.839 | 0 | 1417
PACZ | Range_Medium | 10 | 42296 | 438375852742311 | 0.437657 | 121.839 | 0 | 4301
PACZ | Range_Medium | 11 | 27900 | 290315168766165 | 0.279665 | 121.839 | 0 | 2815
PACZ | Range_Medium | 12 | 858 | 8389186193379 | 0.0150204 | 121.839 | 0 | 261
PACZ | Range_Medium | 13 | 17770 | 205754018851518 | 0.182629 | 121.839 | 0 | 1975
PACZ | Range_Medium | 14 | 4899 | 63682010247942 | 0.0580152 | 121.839 | 0 | 723
PACZ | Range_Medium | 15 | 88514 | 1045300019306865 | 1.04038 | 121.839 | 0 | 8469
PACZ | Range_Medium | 16 | 3002 | 38309257019040 | 0.033617 | 121.839 | 0 | 439
PACZ | Range_Medium | 17 | 40540 | 482506099156980 | 0.405629 | 121.839 | 0 | 3819
PACZ | Range_Medium | 18 | 8946 | 100147030608324 | 0.0929832 | 121.839 | 0 | 1003
PACZ | Range_Medium | 19 | 4774 | 30990279116565 | 0.0549952 | 121.839 | 0 | 643
PACZ | Range_Medium | 20 | 23809 | 286723085228391 | 0.244697 | 121.839 | 0 | 2487
PACZ | Range_Medium | 21 | 5270 | 65789728391499 | 0.0689824 | 121.839 | 0 | 683
PACZ | Range_Medium | 22 | 20657 | 245070827008044 | 0.213703 | 121.839 | 0 | 2195
PACZ | Range_Medium | 23 | 88054 | 1038686445979140 | 1.06637 | 121.839 | 0 | 8341
PACZ | Range_Medium | 24 | 38172 | 518714749997646 | 0.408967 | 121.839 | 0 | 3823
PACZ | Range_Medium | 25 | 1205 | 10344659064720 | 0.0243187 | 121.839 | 0 | 349
PACZ | Range_Medium | 26 | 2928 | 32882620300308 | 0.037988 | 121.839 | 0 | 473
PACZ | Range_Medium | 27 | 52586 | 555402886675821 | 0.602007 | 121.839 | 0 | 5153
PACZ | Range_Medium | 28 | 28224 | 335121997278198 | 0.334263 | 121.839 | 0 | 3113
PACZ | Range_Medium | 29 | 20339 | 273026867532300 | 0.241359 | 121.839 | 0 | 2329
PACZ | Range_Medium | 30 | 20609 | 243057282125526 | 0.236352 | 121.839 | 0 | 2149
PACZ | Range_Medium | 31 | 13889 | 158261722845882 | 0.153939 | 121.839 | 0 | 1539
PACZ | Range_Medium | 32 | 46060 | 549740329832901 | 0.519355 | 121.839 | 0 | 4215
PACZ | Range_Medium | 33 | 21278 | 227888393673735 | 0.254631 | 121.839 | 0 | 2383
PACZ | Range_Medium | 34 | 19806 | 227458207169871 | 0.22769 | 121.839 | 0 | 2277
PACZ | Range_Medium | 35 | 9650 | 106981104599532 | 0.126044 | 121.839 | 0 | 1237
PACZ | Range_Medium | 36 | 37604 | 519728213355564 | 0.447353 | 121.839 | 0 | 3873
PACZ | Range_Medium | 37 | 20609 | 247373069164095 | 0.241041 | 121.839 | 0 | 2355
PACZ | Range_Medium | 38 | 31198 | 333865861590480 | 0.356356 | 121.839 | 0 | 3095
PACZ | Range_Medium | 39 | 38648 | 523738185256362 | 0.428994 | 121.839 | 0 | 3815
PACZ | Range_Medium | 40 | 4883 | 59830313476479 | 0.0596841 | 121.839 | 0 | 625
PACZ | Range_Medium | 41 | 21018 | 231748518648036 | 0.228405 | 121.839 | 0 | 2219
PACZ | Range_Medium | 42 | 9899 | 113774830175853 | 0.105699 | 121.839 | 0 | 1135
PACZ | Range_Medium | 43 | 1 | 6798845658 | 0.00198682 | 121.839 | 0 | 51
PACZ | Range_Medium | 44 | 11226 | 134813830460706 | 0.120322 | 121.839 | 0 | 1181
PACZ | Range_Medium | 45 | 28461 | 295334351884305 | 0.329733 | 121.839 | 0 | 2803
PACZ | Range_Medium | 46 | 3255 | 45063884612823 | 0.039657 | 121.839 | 0 | 469
PACZ | Range_Medium | 47 | 2555 | 30975009192282 | 0.0290076 | 121.839 | 0 | 341
PACZ | Range_Medium | 48 | 3621 | 45985111395228 | 0.0470479 | 121.839 | 0 | 547
PACZ | Range_Medium | 49 | 14475 | 174108770691540 | 0.15831 | 121.839 | 0 | 1623
PACZ | Range_Medium | 50 | 30129 | 322313892070554 | 0.333309 | 121.839 | 0 | 3023
PACZ | Range_Medium | 51 | 6546 | 79165020773796 | 0.0876586 | 121.839 | 0 | 921
PACZ | Range_Medium | 52 | 14294 | 168240260281635 | 0.16133 | 121.839 | 0 | 1649
PACZ | Range_Medium | 53 | 30507 | 426173780835168 | 0.341972 | 121.839 | 0 | 3225
PACZ | Range_Medium | 54 | 2811 | 39392633037444 | 0.0356038 | 121.839 | 0 | 425
PACZ | Range_Medium | 55 | 5449 | 63285688584597 | 0.0733534 | 121.839 | 0 | 835
PACZ | Range_Medium | 56 | 5290 | 61782730702476 | 0.0636578 | 121.839 | 0 | 745
PACZ | Range_Medium | 57 | 36650 | 405542218225029 | 0.401656 | 121.839 | 0 | 3663
PACZ | Range_Medium | 58 | 18657 | 248283551704464 | 0.200272 | 121.839 | 0 | 1945
PACZ | Range_Medium | 59 | 22380 | 302005623398289 | 0.253995 | 121.839 | 0 | 2571
PACZ | Range_Medium | 60 | 49398 | 520970837429808 | 0.583331 | 121.839 | 0 | 4763
PACZ | Range_Medium | 61 | 89648 | 1060895589344232 | 1.09601 | 121.839 | 0 | 8525
PACZ | Range_Medium | 62 | 55386 | 575872119722193 | 0.634273 | 121.839 | 0 | 5351
PACZ | Range_Medium | 63 | 32608 | 370048012542801 | 0.359933 | 121.839 | 0 | 3379
PACZ | Range_Medium | 64 | 49175 | 511977311922195 | 0.540336 | 121.839 | 0 | 4773
PACZ | Range_Medium | 65 | 90536 | 1054853812201755 | 1.13901 | 121.839 | 0 | 8657
PACZ | Range_Medium | 66 | 39745 | 541449801069108 | 0.430346 | 121.839 | 0 | 3935
PACZ | Range_Medium | 67 | 9935 | 120989466114168 | 0.118653 | 121.839 | 0 | 1187
PACZ | Range_Medium | 68 | 34721 | 478783909746801 | 0.399669 | 121.839 | 0 | 3595
PACZ | Range_Medium | 69 | 3860 | 42902204201328 | 0.0519753 | 121.839 | 0 | 619
PACZ | Range_Medium | 70 | 9411 | 111943041899646 | 0.110626 | 121.839 | 0 | 1195
PACZ | Range_Medium | 71 | 56690 | 605677100002155 | 0.665983 | 121.839 | 0 | 5429
PACZ | Range_Medium | 72 | 12936 | 170255323275120 | 0.137011 | 121.839 | 0 | 1321
PACZ | Range_Medium | 73 | 88758 | 1037597431573152 | 1.16563 | 121.839 | 0 | 8523
PACZ | Range_Medium | 74 | 16326 | 180745943632395 | 0.184298 | 121.839 | 0 | 1853
PACZ | Range_Medium | 75 | 39210 | 475490202808314 | 0.464678 | 121.839 | 0 | 4169
PACZ | Range_Medium | 76 | 23133 | 280976113818189 | 0.282288 | 121.839 | 0 | 2681
PACZ | Range_Medium | 77 | 3463 | 39512434151700 | 0.0449816 | 121.839 | 0 | 481
PACZ | Range_Medium | 78 | 5696 | 70781913327219 | 0.0653267 | 121.839 | 0 | 703
PACZ | Range_Medium | 79 | 19054 | 222376531208562 | 0.190655 | 121.839 | 0 | 2077
PACZ | Range_Medium | 80 | 13881 | 158028445835286 | 0.145992 | 121.839 | 0 | 1461
PACZ | Range_Medium | 81 | 20105 | 221574473048985 | 0.221014 | 121.839 | 0 | 2167
PACZ | Range_Medium | 82 | 15396 | 207229798853949 | 0.200351 | 121.839 | 0 | 1923
PACZ | Range_Medium | 83 | 46286 | 551399231638665 | 0.543038 | 121.839 | 0 | 4287
PACZ | Range_Medium | 84 | 340 | 2024066290722 | 0.0143051 | 121.839 | 0 | 243
PACZ | Range_Medium | 85 | 90445 | 1070945573638710 | 1.13463 | 121.839 | 0 | 8421
PACZ | Range_Medium | 86 | 11165 | 130256352769644 | 0.119289 | 121.839 | 0 | 1261
PACZ | Range_Medium | 87 | 40399 | 492324807825426 | 0.45832 | 121.839 | 0 | 4155
PACZ | Range_Medium | 88 | 24933 | 332131509431475 | 0.300328 | 121.839 | 0 | 2801
PACZ | Range_Medium | 89 | 48031 | 567106920729261 | 0.554959 | 121.839 | 0 | 4539
PACZ | Range_Medium | 90 | 47690 | 565402589548413 | 0.495672 | 121.839 | 0 | 4389
PACZ | Range_Medium | 91 | 69291 | 822516793768647 | 0.868003 | 121.839 | 0 | 6867
PACZ | Range_Medium | 92 | 10841 | 145128346521921 | 0.133038 | 121.839 | 0 | 1431
PACZ | Range_Medium | 93 | 30557 | 371664848069889 | 0.334024 | 121.839 | 0 | 3325
PACZ | Range_Medium | 94 | 5332 | 58727801299161 | 0.0723203 | 121.839 | 0 | 779
PACZ | Range_Medium | 95 | 2029 | 25208963652090 | 0.0383059 | 121.839 | 0 | 567
PACZ | Range_Medium | 96 | 8101 | 109281398010297 | 0.0933806 | 121.839 | 0 | 1095
PACZ | Range_Medium | 97 | 10444 | 122111019464469 | 0.139634 | 121.839 | 0 | 1355
PACZ | Range_Medium | 98 | 86798 | 1024260593370579 | 1.10563 | 121.839 | 0 | 8223
PACZ | Range_Medium | 99 | 86009 | 999330382688052 | 1.08639 | 121.839 | 0 | 8225
PACZ | Range_Large | 0 | 529118 | 6203155407323673 | 6.69066 | 121.839 | 0 | 46537
PACZ | Range_Large | 1 | 435014 | 5183840494590720 | 5.58098 | 121.839 | 0 | 38559
PACZ | Range_Large | 2 | 314368 | 3615137773369200 | 4.04565 | 121.839 | 0 | 27239
PACZ | Range_Large | 3 | 631957 | 7390576454720148 | 8.13866 | 121.839 | 0 | 55097
PACZ | Range_Large | 4 | 488784 | 5803416502955922 | 6.35235 | 121.839 | 0 | 43059
PACZ | Range_Large | 5 | 445979 | 5318533132930806 | 5.81241 | 121.839 | 0 | 39535
PACZ | Range_Large | 6 | 412389 | 4903337729212827 | 5.30299 | 121.839 | 0 | 36567
PACZ | Range_Large | 7 | 376621 | 4495568429931621 | 5.02102 | 121.839 | 0 | 33463
PACZ | Range_Large | 8 | 593007 | 6984717769596234 | 7.72063 | 121.839 | 0 | 52213
PACZ | Range_Large | 9 | 322394 | 3726855258490722 | 4.16597 | 121.839 | 0 | 28079
PACZ | Range_Large | 10 | 595810 | 7005193086107604 | 7.66905 | 121.839 | 0 | 52249
PACZ | Range_Large | 11 | 575884 | 6741544795663257 | 7.514 | 121.839 | 0 | 50643
PACZ | Range_Large | 12 | 582166 | 6855078264000972 | 7.64998 | 121.839 | 0 | 51115
PACZ | Range_Large | 13 | 3 | 25731985797 | 0.0029405 | 121.839 | 0 | 51
PACZ | Range_Large | 14 | 436636 | 5192849458079166 | 5.67929 | 121.839 | 0 | 38691
PACZ | Range_Large | 15 | 371634 | 4332639659492550 | 4.74167 | 121.839 | 0 | 32337
PACZ | Range_Large | 16 | 624616 | 7326737948879493 | 8.01762 | 121.839 | 0 | 54673
PACZ | Range_Large | 17 | 347130 | 4042552978800252 | 4.48465 | 121.839 | 0 | 30415
PACZ | Range_Large | 18 | 398732 | 4641096314644368 | 5.09469 | 121.839 | 0 | 34667
PACZ | Range_Large | 19 | 420841 | 5005547144092479 | 5.55333 | 121.839 | 0 | 37251
PACZ | Range_Large | 20 | 622935 | 7289570141942478 | 7.99505 | 121.839 | 0 | 54495
PACZ | Range_Large | 21 | 295063 | 3378759202526559 | 3.6823 | 121.839 | 0 | 25637
PACZ | Range_Large | 22 | 434111 | 5168350107906858 | 5.5364 | 121.839 | 0 | 38461
PACZ | Range_Large | 23 | 314644 | 3618900049058295 | 3.93732 | 121.839 | 0 | 27375
PACZ | Range_Large | 24 | 456941 | 5441216453547171 | 5.84539 | 121.839 | 0 | 40435
PACZ | Range_Large | 25 | 481442 | 5721822231091956 | 6.23695 | 121.839 | 0 | 42569
PACZ | Range_Large | 26 | 8 | 58048208547 | 0.0026226 | 121.839 | 0 | 47
PACZ | Range_Large | 27 | 481312 | 5722010237020314 | 6.19968 | 121.839 | 0 | 42559
PACZ | Range_Large | 28 | 513416 | 6020609462490420 | 6.62629 | 121.839 | 0 | 45253
PACZ | Range_Large | 29 | 380325 | 4421970913243350 | 4.86573 | 121.839 | 0 | 33107
PACZ | Range_Large | 30 | 591510 | 6974262044622981 | 7.66762 | 121.839 | 0 | 51933
PACZ | Range_Large | 31 | 621352 | 7294165557130197 | 8.05966 | 121.839 | 0 | 54467
PACZ | Range_Large | 32 | 297611 | 3401112459429666 | 3.78863 | 121.839 | 0 | 25825
PACZ | Range_Large | 33 | 626348 | 7344627458185380 | 7.98472 | 121.839 | 0 | 54785
PACZ | Range_Large | 34 | 386843 | 4491433485001461 | 4.82066 | 121.839 | 0 | 33631
PACZ | Range_Large | 35 | 442497 | 5259730401426648 | 5.61134 | 121.839 | 0 | 39091
PACZ | Range_Large | 36 | 341550 | 3972690901040652 | 4.20539 | 121.839 | 0 | 29897
PACZ | Range_Large | 37 | 439860 | 5247334498115295 | 5.70869 | 121.839 | 0 | 38887
PACZ | Range_Large | 38 | 389459 | 4642169213106579 | 4.98565 | 121.839 | 0 | 34497
PACZ | Range_Large | 39 | 367414 | 4264803466962477 | 4.74334 | 121.839 | 0 | 32257
PACZ | Range_Large | 40 | 263681 | 3015981564914817 | 3.42441 | 121.839 | 0 | 23739
PACZ | Range_Large | 41 | 485821 | 5772100590667068 | 6.32167 | 121.839 | 0 | 42881
PACZ | Range_Large | 42 | 446058 | 5319212429210082 | 5.86232 | 121.839 | 0 | 39575
PACZ | Range_Large | 43 | 649796 | 7604075559205737 | 8.4397 | 121.839 | 0 | 56849
PACZ | Range_Large | 44 | 598425 | 7033819500954360 | 7.74137 | 121.839 | 0 | 52557
PACZ | Range_Large | 45 | 599645 | 7045317732008409 | 7.68367 | 121.839 | 0 | 52511
PACZ | Range_Large | 46 | 420972 | 5007414898794222 | 5.5337 | 121.839 | 0 | 37301
PACZ | Range_Large | 47 | 648039 | 7570490695567191 | 8.31135 | 121.839 | 0 | 56577
PACZ | Range_Large | 48 | 606467 | 7124549452314849 | 7.79637 | 121.839 | 0 | 53099
PACZ | Range_Large | 49 | 493862 | 5859777938587068 | 6.47767 | 121.839 | 0 | 43857
PACZ | Range_Large | 50 | 438806 | 5240112425293896 | 5.70933 | 121.839 | 0 | 38953
PACZ | Range_Large | 51 | 327733 | 3799143845219973 | 4.22104 | 121.839 | 0 | 28539
PACZ | Range_Large | 52 | 321053 | 3711201999439173 | 4.03698 | 121.839 | 0 | 27953
PACZ | Range_Large | 53 | 434511 | 5171814346449519 | 5.60538 | 121.839 | 0 | 38485
PACZ | Range_Large | 54 | 480406 | 5717479478188755 | 6.24434 | 121.839 | 0 | 42391
PACZ | Range_Large | 55 | 443651 | 5285545566212664 | 5.78936 | 121.839 | 0 | 39343
PACZ | Range_Large | 56 | 285415 | 3325068238765896 | 3.70765 | 121.839 | 0 | 25841
PACZ | Range_Large | 57 | 414020 | 4940633632407987 | 5.33867 | 121.839 | 0 | 36775
PACZ | Range_Large | 58 | 521306 | 6111702666989190 | 6.742 | 121.839 | 0 | 45937
PACZ | Range_Large | 59 | 399545 | 4764071539326531 | 5.19101 | 121.839 | 0 | 35401
PACZ | Range_Large | 60 | 594145 | 7002113938453737 | 7.61199 | 121.839 | 0 | 52151
PACZ | Range_Large | 61 | 412648 | 4918259156105574 | 5.37435 | 121.839 | 0 | 36545
PACZ | Range_Large | 62 | 431975 | 5155595629236903 | 5.58567 | 121.839 | 0 | 38305
PACZ | Range_Large | 63 | 460848 | 5403652210176282 | 5.96968 | 121.839 | 0 | 40619
PACZ | Range_Large | 64 | 486845 | 5700329110473228 | 6.30299 | 121.839 | 0 | 42707
PACZ | Range_Large | 65 | 397296 | 4737538764559521 | 5.15 | 121.839 | 0 | 35161
PACZ | Range_Large | 66 | 591794 | 6939514363261647 | 7.60166 | 121.839 | 0 | 51993
PACZ | Range_Large | 67 | 485891 | 5771141955609741 | 6.26198 | 121.839 | 0 | 42881
PACZ | Range_Large | 68 | 486819 | 5784639873015774 | 6.33931 | 121.839 | 0 | 42973
PACZ | Range_Large | 69 | 407215 | 4843679557771095 | 5.20269 | 121.839 | 0 | 35985
PACZ | Range_Large | 70 | 489672 | 5812242205554393 | 6.35537 | 121.839 | 0 | 43119
PACZ | Range_Large | 71 | 579713 | 6841631404104375 | 7.46298 | 121.839 | 0 | 51053
PACZ | Range_Large | 72 | 399088 | 4633480394377626 | 5.16367 | 121.839 | 0 | 34717
PACZ | Range_Large | 73 | 485468 | 5772841595657295 | 6.27502 | 121.839 | 0 | 42897
PACZ | Range_Large | 74 | 490175 | 5819088190782087 | 6.27804 | 121.839 | 0 | 43113
PACZ | Range_Large | 75 | 589307 | 6950453420394099 | 7.55429 | 121.839 | 0 | 51779
PACZ | Range_Large | 76 | 409193 | 4826221073841726 | 5.30934 | 121.839 | 0 | 36599
PACZ | Range_Large | 77 | 395795 | 4597920805411860 | 5.24068 | 121.839 | 0 | 34439
PACZ | Range_Large | 78 | 590852 | 6913958624386047 | 7.54468 | 121.839 | 0 | 51761
PACZ | Range_Large | 79 | 484486 | 5754521619892173 | 6.12831 | 121.839 | 0 | 42741
PACZ | Range_Large | 80 | 457429 | 5357366722193112 | 5.79929 | 121.839 | 0 | 40219
PACZ | Range_Large | 81 | 436614 | 5193226069051605 | 5.55499 | 121.839 | 0 | 38657
PACZ | Range_Large | 82 | 480465 | 5710071919289100 | 6.21835 | 121.839 | 0 | 42439
PACZ | Range_Large | 83 | 400788 | 4773540396248118 | 5.04597 | 121.839 | 0 | 35397
PACZ | Range_Large | 84 | 510294 | 5986446378999021 | 6.49762 | 121.839 | 0 | 45159
PACZ | Range_Large | 85 | 319611 | 3689081915694810 | 4.02967 | 121.839 | 0 | 27817
PACZ | Range_Large | 86 | 609495 | 7157020116415755 | 7.90238 | 121.839 | 0 | 53405
PACZ | Range_Large | 87 | 540956 | 6332598951518904 | 6.95896 | 121.839 | 0 | 47671
PACZ | Range_Large | 88 | 613075 | 7195154802526143 | 7.96334 | 121.839 | 0 | 53715
PACZ | Range_Large | 89 | 456654 | 5437952014226760 | 5.94497 | 121.839 | 0 | 40421
PACZ | Range_Large | 90 | 614338 | 7212471615802788 | 7.76704 | 121.839 | 0 | 53753
PACZ | Range_Large | 91 | 399588 | 4646431335677508 | 4.99463 | 121.839 | 0 | 34703
PACZ | Range_Large | 92 | 382398 | 4444540024893444 | 4.71036 | 121.839 | 0 | 33271
PACZ | Range_Large | 93 | 407134 | 4859685410582793 | 5.21668 | 121.839 | 0 | 36097
PACZ | Range_Large | 94 | 270934 | 3090357573071337 | 3.55466 | 121.839 | 0 | 24401
PACZ | Range_Large | 95 | 417091 | 4868172533736681 | 5.37062 | 121.839 | 0 | 36591
PACZ | Range_Large | 96 | 598290 | 7030375988644269 | 7.60539 | 121.839 | 0 | 52441
PACZ | Range_Large | 97 | 605921 | 7116910216368402 | 7.71133 | 121.839 | 0 | 53163
PACZ | Range_Large | 98 | 205176 | 2562488366927352 | 2.57635 | 121.839 | 0 | 18641
PACZ | Range_Large | 99 | 392524 | 4675401899651205 | 4.91865 | 121.839 | 0 | 34809
PACZ | kNN_10 | 0 | 10 | 126337734864 | 0.0689824 | 121.839 | 0 | 512
PACZ | kNN_10 | 1 | 10 | 126889297710 | 0.0403722 | 121.839 | 0 | 423
PACZ | kNN_10 | 2 | 10 | 129845731518 | 0.0553131 | 121.839 | 0 | 465
PACZ | kNN_10 | 3 | 10 | 119787146679 | 0.0419617 | 121.839 | 0 | 401
PACZ | kNN_10 | 4 | 10 | 123295180002 | 0.0349681 | 121.839 | 0 | 275
PACZ | kNN_10 | 5 | 10 | 139174247970 | 0.0419617 | 121.839 | 0 | 395
PACZ | kNN_10 | 6 | 10 | 120335397696 | 0.0363191 | 121.839 | 0 | 275
PACZ | kNN_10 | 7 | 10 | 130159690557 | 0.0297228 | 121.839 | 0 | 308
PACZ | kNN_10 | 8 | 10 | 141004145499 | 0.0332991 | 121.839 | 0 | 324
PACZ | kNN_10 | 9 | 10 | 139278499728 | 0.0240008 | 121.839 | 0 | 200
PACZ | kNN_10 | 10 | 10 | 90108417816 | 0.044028 | 121.839 | 0 | 366
PACZ | kNN_10 | 11 | 10 | 99942498870 | 0.0306765 | 121.839 | 0 | 251
PACZ | kNN_10 | 12 | 10 | 98857393689 | 0.0126362 | 121.839 | 0 | 89
PACZ | kNN_10 | 13 | 10 | 118805999541 | 0.0390212 | 121.839 | 0 | 325
PACZ | kNN_10 | 14 | 10 | 136780537755 | 0.052611 | 121.839 | 0 | 404
PACZ | kNN_10 | 15 | 10 | 102502316067 | 0.0436306 | 121.839 | 0 | 322
PACZ | kNN_10 | 16 | 10 | 146071585878 | 0.0476042 | 121.839 | 0 | 416
PACZ | kNN_10 | 17 | 10 | 119302651113 | 0.0352859 | 121.839 | 0 | 309
PACZ | kNN_10 | 18 | 10 | 140757785781 | 0.0376701 | 121.839 | 0 | 353
PACZ | kNN_10 | 19 | 10 | 145474843818 | 0.0446637 | 121.839 | 0 | 392
PACZ | kNN_10 | 20 | 10 | 126434198112 | 0.0693798 | 121.839 | 0 | 622
PACZ | kNN_10 | 21 | 10 | 125519975754 | 0.0290076 | 121.839 | 0 | 305
PACZ | kNN_10 | 22 | 10 | 152577295269 | 0.0286102 | 121.839 | 0 | 256
PACZ | kNN_10 | 23 | 10 | 90136931145 | 0.0319481 | 121.839 | 0 | 241
PACZ | kNN_10 | 24 | 10 | 118804790718 | 0.0356833 | 121.839 | 0 | 320
PACZ | kNN_10 | 25 | 10 | 121767906558 | 0.0326633 | 121.839 | 0 | 252
PACZ | kNN_10 | 26 | 10 | 134897863773 | 0.0414054 | 121.839 | 0 | 403
PACZ | kNN_10 | 27 | 10 | 126430456149 | 0.039657 | 121.839 | 0 | 333
PACZ | kNN_10 | 28 | 10 | 137896178238 | 0.0360012 | 121.839 | 0 | 370
PACZ | kNN_10 | 29 | 10 | 129493256244 | 0.0486374 | 121.839 | 0 | 456
PACZ | kNN_10 | 30 | 10 | 112685672655 | 0.032266 | 121.839 | 0 | 333
PACZ | kNN_10 | 31 | 10 | 120102114873 | 0.0316302 | 121.839 | 0 | 301
PACZ | kNN_10 | 32 | 10 | 123289070178 | 0.037988 | 121.839 | 0 | 307
PACZ | kNN_10 | 33 | 10 | 106160021379 | 0.0543594 | 121.839 | 0 | 470
PACZ | kNN_10 | 34 | 10 | 118556483412 | 0.0546773 | 121.839 | 0 | 476
PACZ | kNN_10 | 35 | 10 | 139084610472 | 0.0263055 | 121.839 | 0 | 246
PACZ | kNN_10 | 36 | 10 | 119297529762 | 0.0489553 | 121.839 | 0 | 382
PACZ | kNN_10 | 37 | 10 | 85853231430 | 0.0229677 | 121.839 | 0 | 191
PACZ | kNN_10 | 38 | 10 | 124237104633 | 0.0592868 | 121.839 | 0 | 522
PACZ | kNN_10 | 39 | 10 | 126294267285 | 0.0373522 | 121.839 | 0 | 434
PACZ | kNN_10 | 40 | 10 | 145420423425 | 0.036637 | 121.839 | 0 | 358
PACZ | kNN_10 | 41 | 10 | 147343765593 | 0.0332991 | 121.839 | 0 | 256
PACZ | kNN_10 | 42 | 10 | 111931476933 | 0.0243187 | 121.839 | 0 | 243
PACZ | kNN_10 | 43 | 10 | 141002671755 | 0.0346502 | 121.839 | 0 | 286
PACZ | kNN_10 | 44 | 10 | 111923298528 | 0.0259876 | 121.839 | 0 | 261
PACZ | kNN_10 | 45 | 10 | 106160006703 | 0.0553131 | 121.839 | 0 | 497
PACZ | kNN_10 | 46 | 10 | 102482878563 | 0.0416438 | 121.839 | 0 | 341
PACZ | kNN_10 | 47 | 10 | 71380585407 | 0.017643 | 121.839 | 0 | 155
PACZ | kNN_10 | 48 | 10 | 120042034650 | 0.0420411 | 121.839 | 0 | 359
PACZ | kNN_10 | 49 | 10 | 120068185968 | 0.042359 | 121.839 | 0 | 322
PACZ | kNN_10 | 50 | 10 | 104323149867 | 0.0313918 | 121.839 | 0 | 341
PACZ | kNN_10 | 51 | 10 | 137164468227 | 0.0290076 | 121.839 | 0 | 284
PACZ | kNN_10 | 52 | 10 | 95960560785 | 0.0607173 | 121.839 | 0 | 572
PACZ | kNN_10 | 53 | 10 | 118155023859 | 0.0466506 | 121.839 | 0 | 448
PACZ | kNN_10 | 54 | 10 | 44012786295 | 0.0439485 | 121.839 | 0 | 385
PACZ | kNN_10 | 55 | 10 | 110244755460 | 0.0240008 | 121.839 | 0 | 214
PACZ | kNN_10 | 56 | 10 | 67566281385 | 0.0180403 | 121.839 | 0 | 172
PACZ | kNN_10 | 57 | 10 | 120467546661 | 0.022014 | 121.839 | 0 | 252
PACZ | kNN_10 | 58 | 10 | 126701397969 | 0.0446637 | 121.839 | 0 | 437
PACZ | kNN_10 | 59 | 10 | 129558256173 | 0.0513395 | 121.839 | 0 | 476
PACZ | kNN_10 | 60 | 10 | 129982899372 | 0.0510216 | 121.839 | 0 | 501
PACZ | kNN_10 | 61 | 10 | 90034999743 | 0.0293255 | 121.839 | 0 | 301
PACZ | kNN_10 | 62 | 10 | 123244745724 | 0.0390212 | 121.839 | 0 | 326
PACZ | kNN_10 | 63 | 10 | 120460948776 | 0.0286897 | 121.839 | 0 | 292
PACZ | kNN_10 | 64 | 10 | 111953648769 | 0.0259876 | 121.839 | 0 | 264
PACZ | kNN_10 | 65 | 10 | 119290995744 | 0.0309944 | 121.839 | 0 | 285
PACZ | kNN_10 | 66 | 10 | 126363574461 | 0.039657 | 121.839 | 0 | 455
PACZ | kNN_10 | 67 | 10 | 137266503867 | 0.0240008 | 121.839 | 0 | 186
PACZ | kNN_10 | 68 | 10 | 129032433900 | 0.0390212 | 121.839 | 0 | 413
PACZ | kNN_10 | 69 | 10 | 59610335736 | 0.0356833 | 121.839 | 0 | 368
PACZ | kNN_10 | 70 | 10 | 70271941356 | 0.0603199 | 121.839 | 0 | 576
PACZ | kNN_10 | 71 | 10 | 149859805362 | 0.0506242 | 121.839 | 0 | 463
PACZ | kNN_10 | 72 | 10 | 104342599872 | 0.036637 | 121.839 | 0 | 325
PACZ | kNN_10 | 73 | 10 | 129299097414 | 0.0393391 | 121.839 | 0 | 400
PACZ | kNN_10 | 74 | 10 | 128231131686 | 0.0639757 | 121.839 | 0 | 600
PACZ | kNN_10 | 75 | 10 | 139839662799 | 0.0433127 | 121.839 | 0 | 410
PACZ | kNN_10 | 76 | 10 | 103614636294 | 0.0183582 | 121.839 | 0 | 182
PACZ | kNN_10 | 77 | 10 | 126362692464 | 0.0403722 | 121.839 | 0 | 438
PACZ | kNN_10 | 78 | 10 | 120467546562 | 0.0200272 | 121.839 | 0 | 239
PACZ | kNN_10 | 79 | 10 | 146037641805 | 0.0446637 | 121.839 | 0 | 423
PACZ | kNN_10 | 80 | 10 | 84246886425 | 0.0356833 | 121.839 | 0 | 350
PACZ | kNN_10 | 81 | 10 | 126178463373 | 0.0490348 | 121.839 | 0 | 492
PACZ | kNN_10 | 82 | 10 | 120469014021 | 0.0243187 | 121.839 | 0 | 259
PACZ | kNN_10 | 83 | 10 | 126944976675 | 0.0499884 | 121.839 | 0 | 431
PACZ | kNN_10 | 84 | 10 | 126434687451 | 0.0696977 | 121.839 | 0 | 644
PACZ | kNN_10 | 85 | 10 | 150940830066 | 0.0216961 | 121.839 | 0 | 181
PACZ | kNN_10 | 86 | 10 | 110973560574 | 0.0563463 | 121.839 | 0 | 583
PACZ | kNN_10 | 87 | 10 | 29090686413 | 0.0199477 | 121.839 | 0 | 200
PACZ | kNN_10 | 88 | 10 | 125016265980 | 0.0436306 | 121.839 | 0 | 453
PACZ | kNN_10 | 89 | 10 | 146071611936 | 0.0323455 | 121.839 | 0 | 349
PACZ | kNN_10 | 90 | 10 | 125461856025 | 0.0290076 | 121.839 | 0 | 313
PACZ | kNN_10 | 91 | 10 | 124961043045 | 0.0316302 | 121.839 | 0 | 345
PACZ | kNN_10 | 92 | 10 | 85740596448 | 0.0356833 | 121.839 | 0 | 374
PACZ | kNN_10 | 93 | 10 | 129811961073 | 0.0510216 | 121.839 | 0 | 509
PACZ | kNN_10 | 94 | 10 | 129707770107 | 0.0426769 | 121.839 | 0 | 464
PACZ | kNN_10 | 95 | 10 | 126943927608 | 0.0463327 | 121.839 | 0 | 483
PACZ | kNN_10 | 96 | 10 | 126122515581 | 0.0606378 | 121.839 | 0 | 534
PACZ | kNN_10 | 97 | 10 | 120457785090 | 0.0386238 | 121.839 | 0 | 329
PACZ | kNN_10 | 98 | 10 | 114750921270 | 0.0519753 | 121.839 | 0 | 488
PACZ | kNN_10 | 99 | 10 | 122690086809 | 0.0516574 | 121.839 | 0 | 530
PACZ | kNN_100 | 0 | 100 | 1216620960294 | 0.290632 | 121.839 | 0 | 962
PACZ | kNN_100 | 1 | 100 | 1203903535251 | 0.254949 | 121.839 | 0 | 865
PACZ | kNN_100 | 2 | 100 | 1204475190843 | 0.30605 | 121.839 | 0 | 908
PACZ | kNN_100 | 3 | 100 | 1197871247031 | 0.228723 | 121.839 | 0 | 697
PACZ | kNN_100 | 4 | 100 | 1238732636322 | 0.207345 | 121.839 | 0 | 525
PACZ | kNN_100 | 5 | 100 | 1391742484716 | 0.249386 | 121.839 | 0 | 767
PACZ | kNN_100 | 6 | 100 | 1294123454448 | 0.207663 | 121.839 | 0 | 523
PACZ | kNN_100 | 7 | 100 | 1301337170766 | 0.18398 | 121.839 | 0 | 546
PACZ | kNN_100 | 8 | 100 | 1347113760102 | 0.19002 | 121.839 | 0 | 573
PACZ | kNN_100 | 9 | 100 | 1392785004375 | 0.109673 | 121.839 | 0 | 320
PACZ | kNN_100 | 10 | 100 | 1162350566889 | 0.245651 | 121.839 | 0 | 685
PACZ | kNN_100 | 11 | 100 | 934547476056 | 0.174999 | 121.839 | 0 | 420
PACZ | kNN_100 | 12 | 100 | 989990515476 | 0.041008 | 121.839 | 0 | 125
PACZ | kNN_100 | 13 | 100 | 1185971616738 | 0.261386 | 121.839 | 0 | 719
PACZ | kNN_100 | 14 | 100 | 1358560896888 | 0.224034 | 121.839 | 0 | 636
PACZ | kNN_100 | 15 | 100 | 1024714028769 | 0.184695 | 121.839 | 0 | 582
PACZ | kNN_100 | 16 | 100 | 1459168712358 | 0.27895 | 121.839 | 0 | 746
PACZ | kNN_100 | 17 | 100 | 1193026597824 | 0.201305 | 121.839 | 0 | 606
PACZ | kNN_100 | 18 | 100 | 1417285860660 | 0.240644 | 121.839 | 0 | 669
PACZ | kNN_100 | 19 | 100 | 1454748449127 | 0.226021 | 121.839 | 0 | 754
PACZ | kNN_100 | 20 | 100 | 1264341962007 | 0.349363 | 121.839 | 0 | 1101
PACZ | kNN_100 | 21 | 100 | 1255199809002 | 0.154336 | 121.839 | 0 | 541
PACZ | kNN_100 | 22 | 100 | 1172742382503 | 0.194311 | 121.839 | 0 | 501
PACZ | kNN_100 | 23 | 100 | 1050119233035 | 0.175714 | 121.839 | 0 | 507
PACZ | kNN_100 | 24 | 100 | 1188048563739 | 0.221332 | 121.839 | 0 | 681
PACZ | kNN_100 | 25 | 100 | 1149041402295 | 0.181675 | 121.839 | 0 | 501
PACZ | kNN_100 | 26 | 100 | 1363921765986 | 0.241677 | 121.839 | 0 | 763
PACZ | kNN_100 | 27 | 100 | 1264125105717 | 0.225385 | 121.839 | 0 | 627
PACZ | kNN_100 | 28 | 100 | 1373338094913 | 0.215689 | 121.839 | 0 | 639
PACZ | kNN_100 | 29 | 100 | 1227470495055 | 0.278314 | 121.839 | 0 | 871
PACZ | kNN_100 | 30 | 100 | 1194310490478 | 0.212034 | 121.839 | 0 | 608
PACZ | kNN_100 | 31 | 100 | 1199800300305 | 0.233968 | 121.839 | 0 | 626
PACZ | kNN_100 | 32 | 100 | 1232890770612 | 0.22165 | 121.839 | 0 | 571
PACZ | kNN_100 | 33 | 100 | 1047417837573 | 0.287692 | 121.839 | 0 | 872
PACZ | kNN_100 | 34 | 100 | 1187367401910 | 0.32266 | 121.839 | 0 | 865
PACZ | kNN_100 | 35 | 100 | 1390846010022 | 0.17031 | 121.839 | 0 | 478
PACZ | kNN_100 | 36 | 100 | 1192975208391 | 0.219663 | 121.839 | 0 | 614
PACZ | kNN_100 | 37 | 100 | 875359948380 | 0.125011 | 121.839 | 0 | 340
PACZ | kNN_100 | 38 | 100 | 1244482322637 | 0.314633 | 121.839 | 0 | 972
PACZ | kNN_100 | 39 | 100 | 1256738297628 | 0.289996 | 121.839 | 0 | 903
PACZ | kNN_100 | 40 | 100 | 1437741165618 | 0.249306 | 121.839 | 0 | 721
PACZ | kNN_100 | 41 | 100 | 1473437663850 | 0.175714 | 121.839 | 0 | 480
PACZ | kNN_100 | 42 | 100 | 1104740743698 | 0.123978 | 121.839 | 0 | 399
PACZ | kNN_100 | 43 | 100 | 1070543775171 | 0.19598 | 121.839 | 0 | 534
PACZ | kNN_100 | 44 | 100 | 1156398459522 | 0.140349 | 121.839 | 0 | 426
PACZ | kNN_100 | 45 | 100 | 1047417619401 | 0.275294 | 121.839 | 0 | 912
PACZ | kNN_100 | 46 | 100 | 1024600731972 | 0.214736 | 121.839 | 0 | 611
PACZ | kNN_100 | 47 | 100 | 713805851982 | 0.128984 | 121.839 | 0 | 291
PACZ | kNN_100 | 48 | 100 | 1200420333114 | 0.206312 | 121.839 | 0 | 556
PACZ | kNN_100 | 49 | 100 | 1200330913182 | 0.209729 | 121.839 | 0 | 473
PACZ | kNN_100 | 50 | 100 | 1150127234904 | 0.204961 | 121.839 | 0 | 737
PACZ | kNN_100 | 51 | 100 | 1371644665422 | 0.171343 | 121.839 | 0 | 438
PACZ | kNN_100 | 52 | 100 | 1063527271359 | 0.311693 | 121.839 | 0 | 986
PACZ | kNN_100 | 53 | 100 | 1204691447259 | 0.281334 | 121.839 | 0 | 805
PACZ | kNN_100 | 54 | 100 | 440127882177 | 0.209649 | 121.839 | 0 | 709
PACZ | kNN_100 | 55 | 100 | 931226237064 | 0.157674 | 121.839 | 0 | 440
PACZ | kNN_100 | 56 | 100 | 679261727778 | 0.120004 | 121.839 | 0 | 306
PACZ | kNN_100 | 57 | 100 | 1215725907741 | 0.13566 | 121.839 | 0 | 397
PACZ | kNN_100 | 58 | 100 | 1267013545620 | 0.279983 | 121.839 | 0 | 999
PACZ | kNN_100 | 59 | 100 | 1318539445578 | 0.303666 | 121.839 | 0 | 859
PACZ | kNN_100 | 60 | 100 | 1281810262620 | 0.298659 | 121.839 | 0 | 878
PACZ | kNN_100 | 61 | 100 | 1022590245318 | 0.167688 | 121.839 | 0 | 572
PACZ | kNN_100 | 62 | 100 | 1232447444334 | 0.20806 | 121.839 | 0 | 594
PACZ | kNN_100 | 63 | 100 | 1204595969649 | 0.146707 | 121.839 | 0 | 410
PACZ | kNN_100 | 64 | 100 | 1122101864598 | 0.143369 | 121.839 | 0 | 430
PACZ | kNN_100 | 65 | 100 | 1192823740419 | 0.172297 | 121.839 | 0 | 468
PACZ | kNN_100 | 66 | 100 | 1240500505998 | 0.250657 | 121.839 | 0 | 874
PACZ | kNN_100 | 67 | 100 | 1372665046788 | 0.111024 | 121.839 | 0 | 269
PACZ | kNN_100 | 68 | 100 | 1283380459377 | 0.226736 | 121.839 | 0 | 762
PACZ | kNN_100 | 69 | 100 | 768701823864 | 0.189622 | 121.839 | 0 | 647
PACZ | kNN_100 | 70 | 100 | 1248068679711 | 0.307004 | 121.839 | 0 | 1059
PACZ | kNN_100 | 71 | 100 | 1447069434588 | 0.241359 | 121.839 | 0 | 798
PACZ | kNN_100 | 72 | 100 | 984581285454 | 0.217358 | 121.839 | 0 | 558
PACZ | kNN_100 | 73 | 100 | 1213469882052 | 0.213941 | 121.839 | 0 | 726
PACZ | kNN_100 | 74 | 100 | 1284111902229 | 0.320355 | 121.839 | 0 | 1047
PACZ | kNN_100 | 75 | 100 | 1398396609753 | 0.260671 | 121.839 | 0 | 752
PACZ | kNN_100 | 76 | 100 | 1036146300738 | 0.109673 | 121.839 | 0 | 337
PACZ | kNN_100 | 77 | 100 | 1263668968314 | 0.282288 | 121.839 | 0 | 935
PACZ | kNN_100 | 78 | 100 | 1221250923306 | 0.144641 | 121.839 | 0 | 367
PACZ | kNN_100 | 79 | 100 | 1377241433607 | 0.2563 | 121.839 | 0 | 785
PACZ | kNN_100 | 80 | 100 | 787038079950 | 0.193675 | 121.839 | 0 | 592
PACZ | kNN_100 | 81 | 100 | 1261784626017 | 0.331004 | 121.839 | 0 | 957
PACZ | kNN_100 | 82 | 100 | 1215736391955 | 0.137647 | 121.839 | 0 | 396
PACZ | kNN_100 | 83 | 100 | 1246830217716 | 0.263373 | 121.839 | 0 | 811
PACZ | kNN_100 | 84 | 100 | 1264342126719 | 0.434399 | 121.839 | 0 | 1152
PACZ | kNN_100 | 85 | 100 | 1415281804884 | 0.133673 | 121.839 | 0 | 334
PACZ | kNN_100 | 86 | 100 | 1109735599089 | 0.359694 | 121.839 | 0 | 1019
PACZ | kNN_100 | 87 | 100 | 942247237731 | 0.104984 | 121.839 | 0 | 296
PACZ | kNN_100 | 88 | 100 | 1254403557651 | 0.335693 | 121.839 | 0 | 917
PACZ | kNN_100 | 89 | 100 | 1460716142304 | 0.317653 | 121.839 | 0 | 675
PACZ | kNN_100 | 90 | 100 | 1254618264804 | 0.178973 | 121.839 | 0 | 582
PACZ | kNN_100 | 91 | 100 | 1203807488286 | 0.182629 | 121.839 | 0 | 644
PACZ | kNN_100 | 92 | 100 | 947809644867 | 0.169039 | 121.839 | 0 | 625
PACZ | kNN_100 | 93 | 100 | 1284815891784 | 0.317971 | 121.839 | 0 | 913
PACZ | kNN_100 | 94 | 100 | 1297430752476 | 0.373363 | 121.839 | 0 | 877
PACZ | kNN_100 | 95 | 100 | 1254682145901 | 0.341654 | 121.839 | 0 | 875
PACZ | kNN_100 | 96 | 100 | 1261225045431 | 0.411669 | 121.839 | 0 | 1072
PACZ | kNN_100 | 97 | 100 | 1204577819766 | 0.21863 | 121.839 | 0 | 500
PACZ | kNN_100 | 98 | 100 | 1121273749581 | 0.31201 | 121.839 | 0 | 890
PACZ | kNN_100 | 99 | 100 | 1139796621150 | 0.311693 | 121.839 | 0 | 1012
