Algo | QType | QID | Count | Hash | Time_ms | Mem_Tree_MB | Mem_Delta_MB | Nodes
PACZ | Range_Small | 0 | 300 | 2921078877639 | 0.0170072 | 47.8005 | 0 | 241
PACZ | Range_Small | 1 | 1982 | 23925016105989 | 0.0273387 | 47.8005 | 0 | 463
PACZ | Range_Small | 2 | 1004 | 11966320785396 | 0.0140667 | 47.8005 | 0 | 287
PACZ | Range_Small | 3 | 1148 | 12063468961404 | 0.0246366 | 47.8005 | 0 | 393
PACZ | Range_Small | 4 | 58 | 522512389236 | 0.00532468 | 47.8005 | 0 | 169
PACZ | Range_Small | 5 | 1049 | 14914038384687 | 0.0243187 | 47.8005 | 0 | 327
PACZ | Range_Small | 6 | 30 | 318480208515 | 0.00532468 | 47.8005 | 0 | 181
PACZ | Range_Small | 7 | 465 | 5662183768173 | 0.00866254 | 47.8005 | 0 | 227
PACZ | Range_Small | 8 | 345 | 3424074050448 | 0.0120004 | 47.8005 | 0 | 309
PACZ | Range_Small | 9 | 1696 | 20295724986807 | 0.0267029 | 47.8005 | 0 | 389
PACZ | Range_Small | 10 | 1069 | 9708257634135 | 0.018994 | 47.8005 | 0 | 327
PACZ | Range_Small | 11 | 533 | 6630374274531 | 0.0112851 | 47.8005 | 0 | 241
PACZ | Range_Small | 12 | 721 | 7434509989578 | 0.0296434 | 47.8005 | 0 | 351
PACZ | Range_Small | 13 | 100 | 868897508841 | 0.0110467 | 47.8005 | 0 | 203
PACZ | Range_Small | 14 | 18857 | 223853185854246 | 0.228643 | 47.8005 | 0 | 1981
PACZ | Range_Small | 15 | 971 | 11924737117893 | 0.0200272 | 47.8005 | 0 | 287
PACZ | Range_Small | 16 | 4377 | 53936567365056 | 0.0680288 | 47.8005 | 0 | 761
PACZ | Range_Small | 17 | 934 | 13211825674620 | 0.0300407 | 47.8005 | 0 | 327
PACZ | Range_Small | 18 | 973 | 7885351104810 | 0.0196298 | 47.8005 | 0 | 325
PACZ | Range_Small | 19 | 2732 | 29283002987574 | 0.0446637 | 47.8005 | 0 | 557
PACZ | Range_Small | 20 | 282 | 3574544991465 | 0.022014 | 47.8005 | 0 | 281
PACZ | Range_Small | 21 | 402 | 4454574453732 | 0.0109673 | 47.8005 | 0 | 265
PACZ | Range_Small | 22 | 1391 | 14660571687690 | 0.0267029 | 47.8005 | 0 | 409
PACZ | Range_Small | 23 | 6044 | 76110946751985 | 0.0720024 | 47.8005 | 0 | 887
PACZ | Range_Small | 24 | 63 | 259529228106 | 0.0123978 | 47.8005 | 0 | 225
PACZ | Range_Small | 25 | 4026 | 49795050986652 | 0.0522931 | 47.8005 | 0 | 699
PACZ | Range_Small | 26 | 1654 | 20899757968221 | 0.0369549 | 47.8005 | 0 | 417
PACZ | Range_Small | 27 | 1 | 919340889 | 0.00230471 | 47.8005 | 0 | 113
PACZ | Range_Small | 28 | 549 | 5706045515217 | 0.0139872 | 47.8005 | 0 | 237
PACZ | Range_Small | 29 | 89 | 1061829395508 | 0.00699361 | 47.8005 | 0 | 227
PACZ | Range_Small | 30 | 1218 | 12161093517717 | 0.0193119 | 47.8005 | 0 | 369
PACZ | Range_Small | 31 | 1611 | 19181158746561 | 0.0226498 | 47.8005 | 0 | 341
PACZ | Range_Small | 32 | 4237 | 53568706872780 | 0.0510216 | 47.8005 | 0 | 587
PACZ | Range_Small | 33 | 2321 | 28379110814964 | 0.0305971 | 47.8005 | 0 | 449
PACZ | Range_Small | 34 | 284 | 3524387019303 | 0.00762939 | 47.8005 | 0 | 197
PACZ | Range_Small | 35 | 496 | 6816197824110 | 0.0123183 | 47.8005 | 0 | 259
PACZ | Range_Small | 36 | 303 | 4079318193837 | 0.0130335 | 47.8005 | 0 | 231
PACZ | Range_Small | 37 | 500 | 6652973822238 | 0.0120004 | 47.8005 | 0 | 239
PACZ | Range_Small | 38 | 1471 | 15292198009803 | 0.023365 | 47.8005 | 0 | 413
PACZ | Range_Small | 39 | 462 | 6339669128676 | 0.0107288 | 47.8005 | 0 | 241
PACZ | Range_Small | 40 | 2518 | 25840759797276 | 0.0443459 | 47.8005 | 0 | 517
PACZ | Range_Small | 41 | 1183 | 14127208594605 | 0.0193119 | 47.8005 | 0 | 303
PACZ | Range_Small | 42 | 2465 | 26399821818285 | 0.0282923 | 47.8005 | 0 | 505
PACZ | Range_Small | 43 | 336 | 3726165854277 | 0.0127157 | 47.8005 | 0 | 201
PACZ | Range_Small | 44 | 1339 | 16454887895751 | 0.0216166 | 47.8005 | 0 | 341
PACZ | Range_Small | 45 | 937 | 12626212679751 | 0.0120004 | 47.8005 | 0 | 257
PACZ | Range_Small | 46 | 21562 | 257264559850035 | 0.226657 | 47.8005 | 0 | 2233
PACZ | Range_Small | 47 | 446 | 6483404483775 | 0.0170072 | 47.8005 | 0 | 281
PACZ | Range_Small | 48 | 3053 | 38438953098111 | 0.0306765 | 47.8005 | 0 | 531
PACZ | Range_Small | 49 | 14138 | 175797989407227 | 0.164032 | 47.8005 | 0 | 1609
PACZ | Range_Small | 50 | 1899 | 23644946675562 | 0.0273387 | 47.8005 | 0 | 403
PACZ | Range_Small | 51 | 246 | 2567925314469 | 0.00699361 | 47.8005 | 0 | 197
PACZ | Range_Small | 52 | 1275 | 17718023376177 | 0.025034 | 47.8005 | 0 | 365
PACZ | Range_Small | 53 | 20673 | 246276601810305 | 0.209967 | 47.8005 | 0 | 2131
PACZ | Range_Small | 54 | 4617 | 58277691411081 | 0.0716845 | 47.8005 | 0 | 793
PACZ | Range_Small | 55 | 936 | 12661509227139 | 0.0143846 | 47.8005 | 0 | 279
PACZ | Range_Small | 56 | 1297 | 13356597768459 | 0.0226498 | 47.8005 | 0 | 361
PACZ | Range_Small | 57 | 2403 | 29086502674998 | 0.0293255 | 47.8005 | 0 | 499
PACZ | Range_Small | 58 | 492 | 6751641701067 | 0.0206629 | 47.8005 | 0 | 247
PACZ | Range_Small | 59 | 747 | 9073479408837 | 0.0120004 | 47.8005 | 0 | 311
PACZ | Range_Small | 60 | 1333 | 14924252878533 | 0.0246366 | 47.8005 | 0 | 373
PACZ | Range_Small | 61 | 774 | 9274829347416 | 0.022014 | 47.8005 | 0 | 303
PACZ | Range_Small | 62 | 4921 | 60357728139621 | 0.0700156 | 47.8005 | 0 | 807
PACZ | Range_Small | 63 | 2838 | 35421365444706 | 0.033617 | 47.8005 | 0 | 491
PACZ | Range_Small | 64 | 1685 | 20083530923067 | 0.0339349 | 47.8005 | 0 | 383
PACZ | Range_Small | 65 | 88 | 1218599871384 | 0.0126362 | 47.8005 | 0 | 247
PACZ | Range_Small | 66 | 1425 | 14748428408127 | 0.041008 | 47.8005 | 0 | 423
PACZ | Range_Small | 67 | 82 | 501495238785 | 0.00993411 | 47.8005 | 0 | 197
PACZ | Range_Small | 68 | 106 | 1322700725898 | 0.00866254 | 47.8005 | 0 | 153
PACZ | Range_Small | 69 | 164 | 1846381835433 | 0.0166893 | 47.8005 | 0 | 245
PACZ | Range_Small | 70 | 473 | 6566071946421 | 0.0106494 | 47.8005 | 0 | 251
PACZ | Range_Small | 71 | 594 | 8161389376701 | 0.0166098 | 47.8005 | 0 | 271
PACZ | Range_Small | 72 | 709 | 8765895685503 | 0.0133514 | 47.8005 | 0 | 277
PACZ | Range_Small | 73 | 512 | 4585979367153 | 0.0103315 | 47.8005 | 0 | 225
PACZ | Range_Small | 74 | 926 | 6810621127206 | 0.0149409 | 47.8005 | 0 | 309
PACZ | Range_Small | 75 | 663 | 9152113384170 | 0.0193119 | 47.8005 | 0 | 245
PACZ | Range_Small | 76 | 1278 | 17886795267240 | 0.026385 | 47.8005 | 0 | 333
PACZ | Range_Small | 77 | 730 | 9671786367525 | 0.0183582 | 47.8005 | 0 | 275
PACZ | Range_Small | 78 | 3119 | 38448998839212 | 0.0390212 | 47.8005 | 0 | 539
PACZ | Range_Small | 79 | 1017 | 12495073163847 | 0.0253518 | 47.8005 | 0 | 315
PACZ | Range_Small | 80 | 28 | 195560015352 | 0.0046889 | 47.8005 | 0 | 167
PACZ | Range_Small | 81 | 4493 | 40816426217220 | 0.0543594 | 47.8005 | 0 | 561
PACZ | Range_Small | 82 | 537 | 7381351907406 | 0.0139872 | 47.8005 | 0 | 225
PACZ | Range_Small | 83 | 18 | 79807854939 | 0.0046889 | 47.8005 | 0 | 167
PACZ | Range_Small | 84 | 20604 | 245741088656571 | 0.203609 | 47.8005 | 0 | 2035
PACZ | Range_Small | 85 | 938 | 12435688354314 | 0.0199477 | 47.8005 | 0 | 311
PACZ | Range_Small | 86 | 1231 | 16983901134066 | 0.0183582 | 47.8005 | 0 | 339
PACZ | Range_Small | 87 | 1935 | 27524841386571 | 0.0350475 | 47.8005 | 0 | 439
PACZ | Range_Small | 88 | 1054 | 11035719149256 | 0.017643 | 47.8005 | 0 | 351
PACZ | Range_Small | 89 | 1437 | 17850445902981 | 0.023365 | 47.8005 | 0 | 359
PACZ | Range_Small | 90 | 4454 | 40736283521001 | 0.0513395 | 47.8005 | 0 | 579
PACZ | Range_Small | 91 | 507 | 5714734199703 | 0.0147025 | 47.8005 | 0 | 245
PACZ | Range_Small | 92 | 830 | 10229136679998 | 0.0130335 | 47.8005 | 0 | 287
PACZ | Range_Small | 93 | 4180 | 51382707566640 | 0.0639757 | 47.8005 | 0 | 695
PACZ | Range_Small | 94 | 673 | 8070928435581 | 0.0129541 | 47.8005 | 0 | 281
PACZ | Range_Small | 95 | 59 | 774073829427 | 0.00532468 | 47.8005 | 0 | 157
PACZ | Range_Small | 96 | 144 | 1939736825643 | 0.0112851 | 47.8005 | 0 | 201
PACZ | Range_Small | 97 | 1519 | 21382679431074 | 0.0203451 | 47.8005 | 0 | 359
PACZ | Range_Small | 98 | 80 | 1200416912361 | 0.00532468 | 47.8005 | 0 | 165
PACZ | Range_Small | 99 | 355 | 5179000735656 | 0.00929832 | 47.8005 | 0 | 235
PACZ | Range_Medium | 0 | 21925 | 240042541083021 | 0.199715 | 47.8005 | 0 | 2199
PACZ | Range_Medium | 1 | 3415 | 42035171746803 | 0.0326633 | 47.8005 | 0 | 491
PACZ | Range_Medium | 2 | 9514 | 112412812132608 | 0.0896454 | 47.8005 | 0 | 959
PACZ | Range_Medium | 3 | 27878 | 331665895080426 | 0.270605 | 47.8005 | 0 | 2775
PACZ | Range_Medium | 4 | 34387 | 413699886893829 | 0.327269 | 47.8005 | 0 | 3339
PACZ | Range_Medium | 5 | 114968 | 1363833592946742 | 1.26537 | 47.8005 | 0 | 9447
PACZ | Range_Medium | 6 | 15794 | 178856006231874 | 0.130971 | 47.8005 | 0 | 1691
PACZ | Range_Medium | 7 | 3572 | 45887663792277 | 0.0343323 | 47.8005 | 0 | 521
PACZ | Range_Medium | 8 | 20758 | 251375453065821 | 0.169357 | 47.8005 | 0 | 2067
PACZ | Range_Medium | 9 | 13528 | 169874386937946 | 0.113328 | 47.8005 | 0 | 1413
PACZ | Range_Medium | 10 | 90371 | 1078766408847111 | 0.841061 | 47.8005 | 0 | 7583
PACZ | Range_Medium | 11 | 56640 | 674000799758208 | 0.584682 | 47.8005 | 0 | 4865
PACZ | Range_Medium | 12 | 16589 | 212678213401974 | 0.137329 | 47.8005 | 0 | 1649
PACZ | Range_Medium | 13 | 42352 | 594146913925344 | 0.381311 | 47.8005 | 0 | 3777
PACZ | Range_Medium | 14 | 32925 | 399870963066207 | 0.274976 | 47.8005 | 0 | 3049
PACZ | Range_Medium | 15 | 45005 | 545131470260529 | 0.404994 | 47.8005 | 0 | 4083
PACZ | Range_Medium | 16 | 13215 | 159883731905517 | 0.111659 | 47.8005 | 0 | 1287
PACZ | Range_Medium | 17 | 125505 | 1478533300780200 | 1.22062 | 47.8005 | 0 | 10249
PACZ | Range_Medium | 18 | 26600 | 305706872429355 | 0.247637 | 47.8005 | 0 | 2631
PACZ | Range_Medium | 19 | 4323 | 58598859109788 | 0.0473658 | 47.8005 | 0 | 651
PACZ | Range_Medium | 20 | 53621 | 642839998032732 | 0.518004 | 47.8005 | 0 | 4577
PACZ | Range_Medium | 21 | 28902 | 341135694566778 | 0.281334 | 47.8005 | 0 | 2821
PACZ | Range_Medium | 22 | 7764 | 88616011333827 | 0.085036 | 47.8005 | 0 | 999
PACZ | Range_Medium | 23 | 16247 | 208876073527086 | 0.166734 | 47.8005 | 0 | 1779
PACZ | Range_Medium | 24 | 8574 | 84621458000694 | 0.102679 | 47.8005 | 0 | 1235
PACZ | Range_Medium | 25 | 49776 | 596330339908812 | 0.505686 | 47.8005 | 0 | 4327
PACZ | Range_Medium | 26 | 6658 | 54732304472637 | 0.0653267 | 47.8005 | 0 | 787
PACZ | Range_Medium | 27 | 82366 | 958096798622829 | 0.856638 | 47.8005 | 0 | 7061
PACZ | Range_Medium | 28 | 76284 | 872921546677731 | 0.855684 | 47.8005 | 0 | 6797
PACZ | Range_Medium | 29 | 38148 | 393437708492097 | 0.379642 | 47.8005 | 0 | 3551
PACZ | Range_Medium | 30 | 53510 | 545076295964490 | 0.555674 | 47.8005 | 0 | 4969
PACZ | Range_Medium | 31 | 9374 | 103058431387860 | 0.0920296 | 47.8005 | 0 | 1037
PACZ | Range_Medium | 32 | 35190 | 416363953979070 | 0.347058 | 47.8005 | 0 | 3347
PACZ | Range_Medium | 33 | 112297 | 1330313919122343 | 1.21268 | 47.8005 | 0 | 9287
PACZ | Range_Medium | 34 | 114964 | 1366123291192482 | 1.23938 | 47.8005 | 0 | 9395
PACZ | Range_Medium | 35 | 25114 | 287797269236133 | 0.242313 | 47.8005 | 0 | 2397
PACZ | Range_Medium | 36 | 115155 | 1368894878336154 | 1.29334 | 47.8005 | 0 | 9407
PACZ | Range_Medium | 37 | 51951 | 714924115137567 | 0.547965 | 47.8005 | 0 | 4513
PACZ | Range_Medium | 38 | 51426 | 537792293276355 | 0.541051 | 47.8005 | 0 | 4513
PACZ | Range_Medium | 39 | 77608 | 887069274883917 | 0.872691 | 47.8005 | 0 | 6835
PACZ | Range_Medium | 40 | 22350 | 253839401408673 | 0.2443 | 47.8005 | 0 | 2285
PACZ | Range_Medium | 41 | 65058 | 697975654649694 | 0.698964 | 47.8005 | 0 | 5757
PACZ | Range_Medium | 42 | 114264 | 1346374331596284 | 1.30566 | 47.8005 | 0 | 9523
PACZ | Range_Medium | 43 | 60717 | 713813911546194 | 0.670036 | 47.8005 | 0 | 5261
PACZ | Range_Medium | 44 | 228 | 1498998879774 | 0.00794729 | 47.8005 | 0 | 141
PACZ | Range_Medium | 45 | 3496 | 47642391292659 | 0.0420411 | 47.8005 | 0 | 489
PACZ | Range_Medium | 46 | 55090 | 658428730279797 | 0.570297 | 47.8005 | 0 | 4751
PACZ | Range_Medium | 47 | 24011 | 277447154000370 | 0.239293 | 47.8005 | 0 | 2235
PACZ | Range_Medium | 48 | 10523 | 111980819780058 | 0.115633 | 47.8005 | 0 | 1169
PACZ | Range_Medium | 49 | 57843 | 685168814704335 | 0.611305 | 47.8005 | 0 | 5075
PACZ | Range_Medium | 50 | 488 | 3135066070284 | 0.0136693 | 47.8005 | 0 | 235
PACZ | Range_Medium | 51 | 53309 | 654465237308532 | 0.560602 | 47.8005 | 0 | 4645
PACZ | Range_Medium | 52 | 42790 | 460537775028078 | 0.452042 | 47.8005 | 0 | 3769
PACZ | Range_Medium | 53 | 13048 | 175143773388600 | 0.142336 | 47.8005 | 0 | 1395
PACZ | Range_Medium | 54 | 48468 | 660946846797843 | 0.517368 | 47.8005 | 0 | 4311
PACZ | Range_Medium | 55 | 27744 | 340726956960138 | 0.277996 | 47.8005 | 0 | 2641
PACZ | Range_Medium | 56 | 27178 | 317155914464991 | 0.291665 | 47.8005 | 0 | 2617
PACZ | Range_Medium | 57 | 22548 | 262280701611078 | 0.232061 | 47.8005 | 0 | 2127
PACZ | Range_Medium | 58 | 59699 | 702819331712292 | 0.636021 | 47.8005 | 0 | 5173
PACZ | Range_Medium | 59 | 17023 | 203479385603697 | 0.159343 | 47.8005 | 0 | 1663
PACZ | Range_Medium | 60 | 36101 | 403847423129352 | 0.382344 | 47.8005 | 0 | 3375
PACZ | Range_Medium | 61 | 22779 | 258901321327671 | 0.23667 | 47.8005 | 0 | 2271
PACZ | Range_Medium | 62 | 101112 | 1207582410167004 | 1.10237 | 47.8005 | 0 | 8429
PACZ | Range_Medium | 63 | 38036 | 532174871997951 | 0.374715 | 47.8005 | 0 | 3343
PACZ | Range_Medium | 64 | 19433 | 218541226442691 | 0.196695 | 47.8005 | 0 | 1867
PACZ | Range_Medium | 65 | 63615 | 672183850477659 | 0.687043 | 47.8005 | 0 | 5451
PACZ | Range_Medium | 66 | 38985 | 468651410582652 | 0.39498 | 47.8005 | 0 | 3519
PACZ | Range_Medium | 67 | 10816 | 128538033713724 | 0.115951 | 47.8005 | 0 | 1345
PACZ | Range_Medium | 68 | 6654 | 81508430730585 | 0.0723203 | 47.8005 | 0 | 781
PACZ | Range_Medium | 69 | 25866 | 297420192924303 | 0.257651 | 47.8005 | 0 | 2403
PACZ | Range_Medium | 70 | 7348 | 94179466966569 | 0.0782808 | 47.8005 | 0 | 823
PACZ | Range_Medium | 71 | 29737 | 355045389405684 | 0.282288 | 47.8005 | 0 | 2863
PACZ | Range_Medium | 72 | 25159 | 273601632252270 | 0.276724 | 47.8005 | 0 | 2443
PACZ | Range_Medium | 73 | 18495 | 249505883137224 | 0.185649 | 47.8005 | 0 | 1805
PACZ | Range_Medium | 74 | 90841 | 1083861589478385 | 0.971635 | 47.8005 | 0 | 7675
PACZ | Range_Medium | 75 | 74752 | 853979840232615 | 0.837008 | 47.8005 | 0 | 6465
PACZ | Range_Medium | 76 | 10880 | 133848470775390 | 0.124693 | 47.8005 | 0 | 1289
PACZ | Range_Medium | 77 | 111763 | 1301198690821389 | 1.23771 | 47.8005 | 0 | 9373
PACZ | Range_Medium | 78 | 1 | 5488423062 | 0.00230471 | 47.8005 | 0 | 63
PACZ | Range_Medium | 79 | 7535 | 75674549875926 | 0.0899633 | 47.8005 | 0 | 939
PACZ | Range_Medium | 80 | 88126 | 1034813739577275 | 0.97235 | 47.8005 | 0 | 7499
PACZ | Range_Medium | 81 | 51885 | 541921130446845 | 0.608683 | 47.8005 | 0 | 4713
PACZ | Range_Medium | 82 | 46253 | 509993566130715 | 0.514348 | 47.8005 | 0 | 4087
PACZ | Range_Medium | 83 | 10930 | 124549209755067 | 0.125011 | 47.8005 | 0 | 1339
PACZ | Range_Medium | 84 | 1225 | 10457259933978 | 0.0209808 | 47.8005 | 0 | 311
PACZ | Range_Medium | 85 | 43656 | 458042087605695 | 0.470002 | 47.8005 | 0 | 4017
PACZ | Range_Medium | 86 | 44604 | 487913377905576 | 0.466029 | 47.8005 | 0 | 4011
PACZ | Range_Medium | 87 | 1376 | 14727931591587 | 0.0219345 | 47.8005 | 0 | 311
PACZ | Range_Medium | 88 | 916 | 7756133670882 | 0.0170072 | 47.8005 | 0 | 265
PACZ | Range_Medium | 89 | 14283 | 164734147620462 | 0.157674 | 47.8005 | 0 | 1589
PACZ | Range_Medium | 90 | 85892 | 1012500861785355 | 0.968297 | 47.8005 | 0 | 7363
PACZ | Range_Medium | 91 | 19432 | 218140926239823 | 0.19598 | 47.8005 | 0 | 1885
PACZ | Range_Medium | 92 | 114449 | 1362285736882761 | 1.24168 | 47.8005 | 0 | 9425
PACZ | Range_Medium | 93 | 12385 | 147251037030864 | 0.131369 | 47.8005 | 0 | 1353
PACZ | Range_Medium | 94 | 19940 | 218686525603524 | 0.207345 | 47.8005 | 0 | 1989
PACZ | Range_Medium | 95 | 114546 | 1364166260845506 | 1.2366 | 47.8005 | 0 | 9399
PACZ | Range_Medium | 96 | 11883 | 129928669168668 | 0.13264 | 47.8005 | 0 | 1369
PACZ | Range_Medium | 97 | 39994 | 480849471774852 | 0.435273 | 47.8005 | 0 | 3555
PACZ | Range_Medium | 98 | 50325 | 595074234808266 | 0.549952 | 47.8005 | 0 | 4527
PACZ | Range_Medium | 99 | 28831 | 344192100425016 | 0.285069 | 47.8005 | 0 | 2649
PACZ | Range_Large | 0 | 783159 | 9237809107502043 | 8.85638 | 47.8005 | 0 | 61739
PACZ | Range_Large | 1 | 508926 | 6113378856531993 | 5.94902 | 47.8005 | 0 | 40327
PACZ | Range_Large | 2 | 503182 | 6036313401752721 | 5.88234 | 47.8005 | 0 | 39769
PACZ | Range_Large | 3 | 574196 | 6759689881542654 | 6.75567 | 47.8005 | 0 | 45613
PACZ | Range_Large | 4 | 615561 | 7341338174455947 | 7.08763 | 47.8005 | 0 | 48861
PACZ | Range_Large | 5 | 457560 | 5353283850609564 | 5.18529 | 47.8005 | 0 | 36269
PACZ | Range_Large | 6 | 501829 | 6024947558392152 | 5.66403 | 47.8005 | 0 | 39649
PACZ | Range_Large | 7 | 754857 | 8913972530584320 | 8.62066 | 47.8005 | 0 | 59573
PACZ | Range_Large | 8 | 673189 | 7990244903375685 | 7.7366 | 47.8005 | 0 | 53293
PACZ | Range_Large | 9 | 655606 | 7788939721642701 | 7.49501 | 47.8005 | 0 | 52407
PACZ | Range_Large | 10 | 392546 | 4538924033767197 | 4.43832 | 47.8005 | 0 | 31151
PACZ | Range_Large | 11 | 495834 | 5775358416910836 | 5.69995 | 47.8005 | 0 | 39257
PACZ | Range_Large | 12 | 497458 | 5963179389130818 | 5.60037 | 47.8005 | 0 | 39343
PACZ | Range_Large | 13 | 285667 | 3279493670669979 | 3.287 | 47.8005 | 0 | 23247
PACZ | Range_Large | 14 | 563318 | 6754255999145928 | 6.45034 | 47.8005 | 0 | 44557
PACZ | Range_Large | 15 | 812063 | 9538801791633120 | 9.28529 | 47.8005 | 0 | 63897
PACZ | Range_Large | 16 | 471871 | 5519523459730356 | 5.34534 | 47.8005 | 0 | 37523
PACZ | Range_Large | 17 | 477050 | 5723731106126469 | 5.44294 | 47.8005 | 0 | 38063
PACZ | Range_Large | 18 | 410178 | 4776788621186661 | 4.58336 | 47.8005 | 0 | 32703
PACZ | Range_Large | 19 | 770564 | 9091519179855093 | 8.75195 | 47.8005 | 0 | 60841
PACZ | Range_Large | 20 | 750962 | 8844546813312372 | 8.59364 | 47.8005 | 0 | 59207
PACZ | Range_Large | 21 | 481051 | 5470545369244233 | 5.42005 | 47.8005 | 0 | 38409
PACZ | Range_Large | 22 | 497411 | 5802986522963445 | 5.83736 | 47.8005 | 0 | 39339
PACZ | Range_Large | 23 | 602707 | 7200711393587025 | 6.94696 | 47.8005 | 0 | 47731
PACZ | Range_Large | 24 | 516991 | 6213256344412998 | 5.88465 | 47.8005 | 0 | 40991
PACZ | Range_Large | 25 | 543886 | 6525859506991212 | 6.13165 | 47.8005 | 0 | 43089
PACZ | Range_Large | 26 | 510737 | 6137507668965393 | 5.79874 | 47.8005 | 0 | 40367
PACZ | Range_Large | 27 | 481467 | 5781624974531088 | 5.39096 | 47.8005 | 0 | 38089
PACZ | Range_Large | 28 | 557481 | 6685006431044010 | 6.19801 | 47.8005 | 0 | 44103
PACZ | Range_Large | 29 | 483860 | 5811493369998774 | 5.32373 | 47.8005 | 0 | 38129
PACZ | Range_Large | 30 | 745432 | 8815750480923423 | 8.22528 | 47.8005 | 0 | 59061
PACZ | Range_Large | 31 | 233287 | 2658857527679367 | 2.77265 | 47.8005 | 0 | 19653
PACZ | Range_Large | 32 | 752435 | 8888458825831152 | 8.52696 | 47.8005 | 0 | 59293
PACZ | Range_Large | 33 | 817354 | 9615223631481654 | 9.24373 | 47.8005 | 0 | 64323
PACZ | Range_Large | 34 | 787554 | 9285743910268056 | 8.91336 | 47.8005 | 0 | 61923
PACZ | Range_Large | 35 | 428525 | 5007143657124234 | 4.85833 | 47.8005 | 0 | 34289
PACZ | Range_Large | 36 | 491358 | 5893636958950719 | 5.57574 | 47.8005 | 0 | 38875
PACZ | Range_Large | 37 | 668614 | 7933209187528227 | 7.68169 | 47.8005 | 0 | 53007
PACZ | Range_Large | 38 | 472372 | 5523824661487506 | 5.42068 | 47.8005 | 0 | 37533
PACZ | Range_Large | 39 | 816473 | 9602066514217554 | 9.27798 | 47.8005 | 0 | 64293
PACZ | Range_Large | 40 | 598463 | 7149364590118515 | 6.8117 | 47.8005 | 0 | 47363
PACZ | Range_Large | 41 | 350163 | 3995017051267146 | 3.94098 | 47.8005 | 0 | 27681
PACZ | Range_Large | 42 | 605064 | 7228413249541782 | 6.97398 | 47.8005 | 0 | 47897
PACZ | Range_Large | 43 | 536886 | 6421815513183849 | 6.05798 | 47.8005 | 0 | 42375
PACZ | Range_Large | 44 | 758574 | 8956331246476815 | 8.63902 | 47.8005 | 0 | 59755
PACZ | Range_Large | 45 | 619040 | 7288832865516915 | 7.0494 | 47.8005 | 0 | 49135
PACZ | Range_Large | 46 | 789588 | 9291641731787874 | 8.90104 | 47.8005 | 0 | 62125
PACZ | Range_Large | 47 | 511397 | 6145269187297941 | 5.81932 | 47.8005 | 0 | 40409
PACZ | Range_Large | 48 | 482183 | 5622007325335638 | 5.48204 | 47.8005 | 0 | 38297
PACZ | Range_Large | 49 | 606595 | 7128946046171049 | 6.90802 | 47.8005 | 0 | 48107
PACZ | Range_Large | 50 | 754548 | 8924894391319842 | 8.569 | 47.8005 | 0 | 59677
PACZ | Range_Large | 51 | 520016 | 6224137420573020 | 5.89331 | 47.8005 | 0 | 41147
PACZ | Range_Large | 52 | 492474 | 5745644924919306 | 5.62731 | 47.8005 | 0 | 38989
PACZ | Range_Large | 53 | 498459 | 5974338955144557 | 5.58972 | 47.8005 | 0 | 39447
PACZ | Range_Large | 54 | 498149 | 5971675486141257 | 5.65966 | 47.8005 | 0 | 39365
PACZ | Range_Large | 55 | 460951 | 5399977956737760 | 5.25435 | 47.8005 | 0 | 36537
PACZ | Range_Large | 56 | 510656 | 6136053531069684 | 5.99837 | 47.8005 | 0 | 40369
PACZ | Range_Large | 57 | 613977 | 7323135273292212 | 7.14334 | 47.8005 | 0 | 48737
PACZ | Range_Large | 58 | 447958 | 5217887969990589 | 5.12632 | 47.8005 | 0 | 36099
PACZ | Range_Large | 59 | 398061 | 4508993087294787 | 4.52964 | 47.8005 | 0 | 31971
PACZ | Range_Large | 60 | 385471 | 4446190570151262 | 4.426 | 47.8005 | 0 | 30617
PACZ | Range_Large | 61 | 776831 | 9169396517255253 | 8.84835 | 47.8005 | 0 | 61231
PACZ | Range_Large | 62 | 601695 | 7185277095019446 | 6.79628 | 47.8005 | 0 | 47629
PACZ | Range_Large | 63 | 503917 | 6059219012894010 | 5.7346 | 47.8005 | 0 | 39971
PACZ | Range_Large | 64 | 784941 | 9216364267865496 | 8.89897 | 47.8005 | 0 | 61891
PACZ | Range_Large | 65 | 498190 | 5971483628873505 | 5.63033 | 47.8005 | 0 | 39429
PACZ | Range_Large | 66 | 554264 | 6627787213408266 | 6.27232 | 47.8005 | 0 | 43813
PACZ | Range_Large | 67 | 679988 | 7981489334445243 | 7.69703 | 47.8005 | 0 | 53923
PACZ | Range_Large | 68 | 473860 | 5525103545503725 | 5.42132 | 47.8005 | 0 | 37571
PACZ | Range_Large | 69 | 479956 | 5596985398950216 | 5.51899 | 47.8005 | 0 | 38159
PACZ | Range_Large | 70 | 454235 | 5322799131440349 | 5.21406 | 47.8005 | 0 | 36071
PACZ | Range_Large | 71 | 821152 | 9652941775110396 | 9.30262 | 47.8005 | 0 | 64525
PACZ | Range_Large | 72 | 504514 | 6050330557515327 | 5.69797 | 47.8005 | 0 | 39835
PACZ | Range_Large | 73 | 772645 | 9129967548538284 | 8.75235 | 47.8005 | 0 | 60739
PACZ | Range_Large | 74 | 492178 | 5902679210731146 | 5.53695 | 47.8005 | 0 | 38941
PACZ | Range_Large | 75 | 360968 | 4126193927845251 | 4.08173 | 47.8005 | 0 | 28703
PACZ | Range_Large | 76 | 569586 | 6809303684988747 | 6.41163 | 47.8005 | 0 | 45067
PACZ | Range_Large | 77 | 596789 | 7129172162046714 | 6.80733 | 47.8005 | 0 | 47253
PACZ | Range_Large | 78 | 674631 | 8005573316011509 | 7.66468 | 47.8005 | 0 | 53223
PACZ | Range_Large | 79 | 568724 | 6807537973531125 | 6.50064 | 47.8005 | 0 | 45049
PACZ | Range_Large | 80 | 355633 | 4083852215089131 | 4.09563 | 47.8005 | 0 | 28569
PACZ | Range_Large | 81 | 522762 | 6274745661849534 | 5.87098 | 47.8005 | 0 | 41289
PACZ | Range_Large | 82 | 483001 | 5799303765082083 | 5.49364 | 47.8005 | 0 | 38075
PACZ | Range_Large | 83 | 563635 | 6745928015731689 | 6.36967 | 47.8005 | 0 | 44685
PACZ | Range_Large | 84 | 789718 | 9292836612313698 | 8.94531 | 47.8005 | 0 | 62131
PACZ | Range_Large | 85 | 790077 | 9296981781451866 | 8.95206 | 47.8005 | 0 | 62145
PACZ | Range_Large | 86 | 393950 | 4556807298625476 | 4.39866 | 47.8005 | 0 | 31343
PACZ | Range_Large | 87 | 494918 | 5771698110008034 | 5.61698 | 47.8005 | 0 | 39213
PACZ | Range_Large | 88 | 550049 | 6575705036408898 | 6.18696 | 47.8005 | 0 | 43481
PACZ | Range_Large | 89 | 610090 | 7285133716559166 | 6.97764 | 47.8005 | 0 | 48431
PACZ | Range_Large | 90 | 785418 | 9261365193045498 | 8.99299 | 47.8005 | 0 | 61879
PACZ | Range_Large | 91 | 753591 | 8871372225725118 | 8.49597 | 47.8005 | 0 | 59371
PACZ | Range_Large | 92 | 447505 | 5248586489421540 | 5.066 | 47.8005 | 0 | 35493
PACZ | Range_Large | 93 | 478735 | 5585853408657990 | 5.51263 | 47.8005 | 0 | 38093
PACZ | Range_Large | 94 | 401412 | 4679225625043431 | 4.58399 | 47.8005 | 0 | 31993
PACZ | Range_Large | 95 | 456920 | 5266364696647065 | 5.22629 | 47.8005 | 0 | 36989
PACZ | Range_Large | 96 | 763651 | 9014071076587215 | 8.61931 | 47.8005 | 0 | 60097
PACZ | Range_Large | 97 | 767674 | 9070150528891257 | 8.70466 | 47.8005 | 0 | 60517
PACZ | Range_Large | 98 | 500622 | 5998714193479317 | 5.69034 | 47.8005 | 0 | 39671
PACZ | Range_Large | 99 | 409131 | 4763027015039727 | 4.64797 | 47.8005 | 0 | 32325
PACZ | kNN_10 | 0 | 10 | 131596305105 | 0.0343323 | 47.8005 | 0 | 228
PACZ | kNN_10 | 1 | 10 | 126335691903 | 0.0566641 | 47.8005 | 0 | 460
PACZ | kNN_10 | 2 | 10 | 125384509683 | 0.0367165 | 47.8005 | 0 | 251
PACZ | kNN_10 | 3 | 10 | 126352593468 | 0.0483195 | 47.8005 | 0 | 463
PACZ | kNN_10 | 4 | 10 | 90137128821 | 0.0286102 | 47.8005 | 0 | 215
PACZ | kNN_10 | 5 | 10 | 135071137911 | 0.0756582 | 47.8005 | 0 | 579
PACZ | kNN_10 | 6 | 10 | 139931561121 | 0.071605 | 47.8005 | 0 | 533
PACZ | kNN_10 | 7 | 10 | 137860210587 | 0.0352859 | 47.8005 | 0 | 305
PACZ | kNN_10 | 8 | 10 | 123289095453 | 0.0323455 | 47.8005 | 0 | 247
PACZ | kNN_10 | 9 | 10 | 141002670600 | 0.0373522 | 47.8005 | 0 | 289
PACZ | kNN_10 | 10 | 10 | 145474754535 | 0.0592868 | 47.8005 | 0 | 521
PACZ | kNN_10 | 11 | 10 | 137706944895 | 0.0290076 | 47.8005 | 0 | 283
PACZ | kNN_10 | 12 | 10 | 126889303263 | 0.037988 | 47.8005 | 0 | 373
PACZ | kNN_10 | 13 | 10 | 121767494118 | 0.0356833 | 47.8005 | 0 | 281
PACZ | kNN_10 | 14 | 10 | 120924895104 | 0.0879765 | 47.8005 | 0 | 654
PACZ | kNN_10 | 15 | 10 | 59648119299 | 0.0346502 | 47.8005 | 0 | 308
PACZ | kNN_10 | 16 | 10 | 118552443810 | 0.0619888 | 47.8005 | 0 | 477
PACZ | kNN_10 | 17 | 10 | 127872109074 | 0.0832876 | 47.8005 | 0 | 700
PACZ | kNN_10 | 18 | 10 | 124962105165 | 0.0413259 | 47.8005 | 0 | 395
PACZ | kNN_10 | 19 | 10 | 122073836514 | 0.0296434 | 47.8005 | 0 | 223
PACZ | kNN_10 | 20 | 10 | 138389162412 | 0.0282923 | 47.8005 | 0 | 212
PACZ | kNN_10 | 21 | 10 | 105334019490 | 0.0476042 | 47.8005 | 0 | 445
PACZ | kNN_10 | 22 | 10 | 156160813545 | 0.0383059 | 47.8005 | 0 | 364
PACZ | kNN_10 | 23 | 10 | 141477600942 | 0.0290076 | 47.8005 | 0 | 292
PACZ | kNN_10 | 24 | 10 | 102554832663 | 0.0279744 | 47.8005 | 0 | 287
PACZ | kNN_10 | 25 | 10 | 126701067870 | 0.0452995 | 47.8005 | 0 | 459
PACZ | kNN_10 | 26 | 10 | 126101730381 | 0.0576973 | 47.8005 | 0 | 494
PACZ | kNN_10 | 27 | 10 | 120443677488 | 0.0279744 | 47.8005 | 0 | 226
PACZ | kNN_10 | 28 | 10 | 138548576649 | 0.0429948 | 47.8005 | 0 | 363
PACZ | kNN_10 | 29 | 10 | 102406716258 | 0.0282923 | 47.8005 | 0 | 248
PACZ | kNN_10 | 30 | 10 | 86886486396 | 0.0319481 | 47.8005 | 0 | 310
PACZ | kNN_10 | 31 | 10 | 119289158172 | 0.0226498 | 47.8005 | 0 | 188
PACZ | kNN_10 | 32 | 10 | 127518829659 | 0.0360012 | 47.8005 | 0 | 322
PACZ | kNN_10 | 33 | 10 | 124355840469 | 0.0326633 | 47.8005 | 0 | 207
PACZ | kNN_10 | 34 | 10 | 138612275811 | 0.0449816 | 47.8005 | 0 | 393
PACZ | kNN_10 | 35 | 10 | 137163145581 | 0.033617 | 47.8005 | 0 | 316
PACZ | kNN_10 | 36 | 10 | 114618166089 | 0.0390212 | 47.8005 | 0 | 282
PACZ | kNN_10 | 37 | 10 | 137321271441 | 0.0223319 | 47.8005 | 0 | 164
PACZ | kNN_10 | 38 | 10 | 120457782081 | 0.0283718 | 47.8005 | 0 | 230
PACZ | kNN_10 | 39 | 10 | 135017004237 | 0.0483195 | 47.8005 | 0 | 435
PACZ | kNN_10 | 40 | 10 | 125374636752 | 0.0212987 | 47.8005 | 0 | 198
PACZ | kNN_10 | 41 | 10 | 120102932217 | 0.0506242 | 47.8005 | 0 | 438
PACZ | kNN_10 | 42 | 10 | 100144548417 | 0.00397364 | 47.8005 | 0 | 30
PACZ | kNN_10 | 43 | 10 | 135635434278 | 0.0606378 | 47.8005 | 0 | 548
PACZ | kNN_10 | 44 | 10 | 90034994337 | 0.0286897 | 47.8005 | 0 | 292
PACZ | kNN_10 | 45 | 10 | 67752047688 | 0.0500679 | 47.8005 | 0 | 443
PACZ | kNN_10 | 46 | 10 | 118005075864 | 0.0186761 | 47.8005 | 0 | 197
PACZ | kNN_10 | 47 | 10 | 85560356364 | 0.0370344 | 47.8005 | 0 | 354
PACZ | kNN_10 | 48 | 10 | 120457784763 | 0.0280539 | 47.8005 | 0 | 228
PACZ | kNN_10 | 49 | 10 | 119787117918 | 0.0523726 | 47.8005 | 0 | 443
PACZ | kNN_10 | 50 | 10 | 121767335514 | 0.0363191 | 47.8005 | 0 | 281
PACZ | kNN_10 | 51 | 10 | 129992882319 | 0.0546773 | 47.8005 | 0 | 444
PACZ | kNN_10 | 52 | 10 | 119294130828 | 0.0203451 | 47.8005 | 0 | 199
PACZ | kNN_10 | 53 | 10 | 96066140817 | 0.0490348 | 47.8005 | 0 | 364
PACZ | kNN_10 | 54 | 10 | 138516141996 | 0.0309944 | 47.8005 | 0 | 224
PACZ | kNN_10 | 55 | 10 | 130316309379 | 0.060002 | 47.8005 | 0 | 522
PACZ | kNN_10 | 56 | 10 | 101552636367 | 0.0346502 | 47.8005 | 0 | 337
PACZ | kNN_10 | 57 | 10 | 122073838872 | 0.0369549 | 47.8005 | 0 | 261
PACZ | kNN_10 | 58 | 10 | 127015797018 | 0.0313123 | 47.8005 | 0 | 280
PACZ | kNN_10 | 59 | 10 | 158769946383 | 0.0476837 | 47.8005 | 0 | 391
PACZ | kNN_10 | 60 | 10 | 108583534857 | 0.0470479 | 47.8005 | 0 | 433
PACZ | kNN_10 | 61 | 10 | 119782625235 | 0.0376701 | 47.8005 | 0 | 294
PACZ | kNN_10 | 62 | 10 | 124347466446 | 0.0422796 | 47.8005 | 0 | 375
PACZ | kNN_10 | 63 | 10 | 126435060471 | 0.0609557 | 47.8005 | 0 | 576
PACZ | kNN_10 | 64 | 10 | 44669972292 | 0.0276566 | 47.8005 | 0 | 282
PACZ | kNN_10 | 65 | 10 | 137275220598 | 0.0247161 | 47.8005 | 0 | 179
PACZ | kNN_10 | 66 | 10 | 103808807289 | 0.0283718 | 47.8005 | 0 | 242
PACZ | kNN_10 | 67 | 10 | 111932120667 | 0.0243187 | 47.8005 | 0 | 255
PACZ | kNN_10 | 68 | 10 | 119993598933 | 0.0519753 | 47.8005 | 0 | 362
PACZ | kNN_10 | 69 | 10 | 132508423341 | 0.0456174 | 47.8005 | 0 | 391
PACZ | kNN_10 | 70 | 10 | 123245168511 | 0.0299613 | 47.8005 | 0 | 260
PACZ | kNN_10 | 71 | 10 | 138343725858 | 0.0350475 | 47.8005 | 0 | 298
PACZ | kNN_10 | 72 | 10 | 133880255727 | 0.0360012 | 47.8005 | 0 | 353
PACZ | kNN_10 | 73 | 10 | 138825570876 | 0.0326633 | 47.8005 | 0 | 308
PACZ | kNN_10 | 74 | 10 | 129158993463 | 0.0473658 | 47.8005 | 0 | 423
PACZ | kNN_10 | 75 | 10 | 59605483176 | 0.0240008 | 47.8005 | 0 | 211
PACZ | kNN_10 | 76 | 10 | 120102114477 | 0.0370344 | 47.8005 | 0 | 308
PACZ | kNN_10 | 77 | 10 | 59605531245 | 0.0232855 | 47.8005 | 0 | 232
PACZ | kNN_10 | 78 | 10 | 121927381824 | 0.0197093 | 47.8005 | 0 | 158
PACZ | kNN_10 | 79 | 10 | 139088654250 | 0.0197093 | 47.8005 | 0 | 160
PACZ | kNN_10 | 80 | 10 | 126446757507 | 0.0530084 | 47.8005 | 0 | 440
PACZ | kNN_10 | 81 | 10 | 129831308853 | 0.0507037 | 47.8005 | 0 | 422
PACZ | kNN_10 | 82 | 10 | 140637799188 | 0.0340144 | 47.8005 | 0 | 294
PACZ | kNN_10 | 83 | 10 | 102407528376 | 0.0253518 | 47.8005 | 0 | 235
PACZ | kNN_10 | 84 | 10 | 119247348615 | 0.0336965 | 47.8005 | 0 | 292
PACZ | kNN_10 | 85 | 10 | 126429424278 | 0.0373522 | 47.8005 | 0 | 318
PACZ | kNN_10 | 86 | 10 | 102553506162 | 0.0296434 | 47.8005 | 0 | 279
PACZ | kNN_10 | 87 | 10 | 129556342893 | 0.0580152 | 47.8005 | 0 | 470
PACZ | kNN_10 | 88 | 10 | 102705423504 | 0.0280539 | 47.8005 | 0 | 260
PACZ | kNN_10 | 89 | 10 | 102482381544 | 0.0533263 | 47.8005 | 0 | 418
PACZ | kNN_10 | 90 | 10 | 114599806692 | 0.0343323 | 47.8005 | 0 | 348
PACZ | kNN_10 | 91 | 10 | 122862939240 | 0.0363191 | 47.8005 | 0 | 280
PACZ | kNN_10 | 92 | 10 | 130164819369 | 0.037988 | 47.8005 | 0 | 351
PACZ | kNN_10 | 93 | 10 | 145354390905 | 0.0313123 | 47.8005 | 0 | 277
PACZ | kNN_10 | 94 | 10 | 122873368596 | 0.0273387 | 47.8005 | 0 | 275
PACZ | kNN_10 | 95 | 10 | 118803598677 | 0.0336965 | 47.8005 | 0 | 364
PACZ | kNN_10 | 96 | 10 | 158689958607 | 0.0416438 | 47.8005 | 0 | 346
PACZ | kNN_10 | 97 | 10 | 127872106428 | 0.0749429 | 47.8005 | 0 | 644
PACZ | kNN_10 | 98 | 10 | 126434188293 | 0.0553131 | 47.8005 | 0 | 576
PACZ | kNN_10 | 99 | 10 | 131626902225 | 0.0332991 | 47.8005 | 0 | 344
PACZ | kNN_100 | 0 | 100 | 1315963051950 | 0.200669 | 47.8005 | 0 | 471
PACZ | kNN_100 | 1 | 100 | 1241793884727 | 0.322978 | 47.8005 | 0 | 900
PACZ | kNN_100 | 2 | 100 | 1270878322434 | 0.186682 | 47.8005 | 0 | 474
PACZ | kNN_100 | 3 | 100 | 1229933389932 | 0.298023 | 47.8005 | 0 | 879
PACZ | kNN_100 | 4 | 100 | 901370155014 | 0.185649 | 47.8005 | 0 | 465
PACZ | kNN_100 | 5 | 100 | 1350711399246 | 0.415007 | 47.8005 | 0 | 1102
PACZ | kNN_100 | 6 | 100 | 1399315581240 | 0.348012 | 47.8005 | 0 | 873
PACZ | kNN_100 | 7 | 100 | 1249652312982 | 0.216643 | 47.8005 | 0 | 604
PACZ | kNN_100 | 8 | 100 | 1232890789782 | 0.197331 | 47.8005 | 0 | 541
PACZ | kNN_100 | 9 | 100 | 1089942799962 | 0.185331 | 47.8005 | 0 | 497
PACZ | kNN_100 | 10 | 100 | 1455043161162 | 0.348012 | 47.8005 | 0 | 949
PACZ | kNN_100 | 11 | 100 | 1377067956444 | 0.153701 | 47.8005 | 0 | 480
PACZ | kNN_100 | 12 | 100 | 1268893043649 | 0.256379 | 47.8005 | 0 | 789
PACZ | kNN_100 | 13 | 100 | 1217675040654 | 0.245333 | 47.8005 | 0 | 571
PACZ | kNN_100 | 14 | 100 | 1131334476864 | 0.411034 | 47.8005 | 0 | 1184
PACZ | kNN_100 | 15 | 100 | 973588884849 | 0.230948 | 47.8005 | 0 | 691
PACZ | kNN_100 | 16 | 100 | 1188231021462 | 0.317653 | 47.8005 | 0 | 891
PACZ | kNN_100 | 17 | 100 | 1278716881356 | 0.397682 | 47.8005 | 0 | 1208
PACZ | kNN_100 | 18 | 100 | 843935490120 | 0.229359 | 47.8005 | 0 | 754
PACZ | kNN_100 | 19 | 100 | 1220738321700 | 0.172297 | 47.8005 | 0 | 474
PACZ | kNN_100 | 20 | 100 | 1383891599040 | 0.126998 | 47.8005 | 0 | 322
PACZ | kNN_100 | 21 | 100 | 1145767338021 | 0.296672 | 47.8005 | 0 | 935
PACZ | kNN_100 | 22 | 100 | 1556823872817 | 0.233332 | 47.8005 | 0 | 738
PACZ | kNN_100 | 23 | 100 | 1436685697170 | 0.176668 | 47.8005 | 0 | 575
PACZ | kNN_100 | 24 | 100 | 1025548379910 | 0.197728 | 47.8005 | 0 | 670
PACZ | kNN_100 | 25 | 100 | 1267010948217 | 0.29103 | 47.8005 | 0 | 951
PACZ | kNN_100 | 26 | 100 | 1247729774163 | 0.295639 | 47.8005 | 0 | 943
PACZ | kNN_100 | 27 | 100 | 1204436816166 | 0.114679 | 47.8005 | 0 | 319
PACZ | kNN_100 | 28 | 100 | 1387952868348 | 0.232697 | 47.8005 | 0 | 606
PACZ | kNN_100 | 29 | 100 | 1024067241243 | 0.128984 | 47.8005 | 0 | 449
PACZ | kNN_100 | 30 | 100 | 863363683815 | 0.145038 | 47.8005 | 0 | 547
PACZ | kNN_100 | 31 | 100 | 1192891423758 | 0.106335 | 47.8005 | 0 | 277
PACZ | kNN_100 | 32 | 100 | 814726880460 | 0.17635 | 47.8005 | 0 | 572
PACZ | kNN_100 | 33 | 100 | 1345892433711 | 0.147661 | 47.8005 | 0 | 447
PACZ | kNN_100 | 34 | 100 | 1274542507146 | 0.273307 | 47.8005 | 0 | 805
PACZ | kNN_100 | 35 | 100 | 1366998409671 | 0.184615 | 47.8005 | 0 | 599
PACZ | kNN_100 | 36 | 100 | 1334353698765 | 0.187 | 47.8005 | 0 | 536
PACZ | kNN_100 | 37 | 100 | 1373212205061 | 0.0816981 | 47.8005 | 0 | 236
PACZ | kNN_100 | 38 | 100 | 1204577809485 | 0.140031 | 47.8005 | 0 | 390
PACZ | kNN_100 | 39 | 100 | 1172025047361 | 0.243982 | 47.8005 | 0 | 900
PACZ | kNN_100 | 40 | 100 | 1253746158765 | 0.12366 | 47.8005 | 0 | 424
PACZ | kNN_100 | 41 | 100 | 1201029041901 | 0.288645 | 47.8005 | 0 | 791
PACZ | kNN_100 | 42 | 100 | 976083091965 | 0.0193119 | 47.8005 | 0 | 58
PACZ | kNN_100 | 43 | 100 | 1356354330876 | 0.279347 | 47.8005 | 0 | 954
PACZ | kNN_100 | 44 | 100 | 900347555325 | 0.156005 | 47.8005 | 0 | 580
PACZ | kNN_100 | 45 | 100 | 1088632280634 | 0.216007 | 47.8005 | 0 | 740
PACZ | kNN_100 | 46 | 100 | 1092227729037 | 0.108004 | 47.8005 | 0 | 373
PACZ | kNN_100 | 47 | 100 | 862778499804 | 0.174999 | 47.8005 | 0 | 647
PACZ | kNN_100 | 48 | 100 | 1204577855511 | 0.153621 | 47.8005 | 0 | 400
PACZ | kNN_100 | 49 | 100 | 1197871732218 | 0.300964 | 47.8005 | 0 | 777
PACZ | kNN_100 | 50 | 100 | 1217673429774 | 0.206312 | 47.8005 | 0 | 561
PACZ | kNN_100 | 51 | 100 | 1233833124216 | 0.272036 | 47.8005 | 0 | 835
PACZ | kNN_100 | 52 | 100 | 1194940799643 | 0.0973543 | 47.8005 | 0 | 308
PACZ | kNN_100 | 53 | 100 | 1018241129460 | 0.203689 | 47.8005 | 0 | 558
PACZ | kNN_100 | 54 | 100 | 1385161436397 | 0.13566 | 47.8005 | 0 | 354
PACZ | kNN_100 | 55 | 100 | 1300290753816 | 0.319322 | 47.8005 | 0 | 962
PACZ | kNN_100 | 56 | 100 | 1199629273806 | 0.240644 | 47.8005 | 0 | 627
PACZ | kNN_100 | 57 | 100 | 1220738305311 | 0.173012 | 47.8005 | 0 | 494
PACZ | kNN_100 | 58 | 100 | 1329889373361 | 0.134309 | 47.8005 | 0 | 387
PACZ | kNN_100 | 59 | 100 | 1587699341142 | 0.305732 | 47.8005 | 0 | 636
PACZ | kNN_100 | 60 | 100 | 1180701212235 | 0.254711 | 47.8005 | 0 | 823
PACZ | kNN_100 | 61 | 100 | 1197826226937 | 0.130335 | 47.8005 | 0 | 502
PACZ | kNN_100 | 62 | 100 | 1243474684662 | 0.244697 | 47.8005 | 0 | 777
PACZ | kNN_100 | 63 | 100 | 1264350623196 | 0.291348 | 47.8005 | 0 | 1039
PACZ | kNN_100 | 64 | 100 | 701070430215 | 0.162681 | 47.8005 | 0 | 610
PACZ | kNN_100 | 65 | 100 | 1372742545119 | 0.101646 | 47.8005 | 0 | 243
PACZ | kNN_100 | 66 | 100 | 1038088230873 | 0.150283 | 47.8005 | 0 | 474
PACZ | kNN_100 | 67 | 100 | 1119321202689 | 0.132958 | 47.8005 | 0 | 431
PACZ | kNN_100 | 68 | 100 | 1199945361927 | 0.273307 | 47.8005 | 0 | 568
PACZ | kNN_100 | 69 | 100 | 1143547211505 | 0.271718 | 47.8005 | 0 | 722
PACZ | kNN_100 | 70 | 100 | 1234592178933 | 0.197013 | 47.8005 | 0 | 585
PACZ | kNN_100 | 71 | 100 | 1364752828641 | 0.17333 | 47.8005 | 0 | 550
PACZ | kNN_100 | 72 | 100 | 1362192520227 | 0.202338 | 47.8005 | 0 | 710
PACZ | kNN_100 | 73 | 100 | 1364348487768 | 0.169992 | 47.8005 | 0 | 588
PACZ | kNN_100 | 74 | 100 | 1294904178915 | 0.244697 | 47.8005 | 0 | 794
PACZ | kNN_100 | 75 | 100 | 591120561912 | 0.177383 | 47.8005 | 0 | 476
PACZ | kNN_100 | 76 | 100 | 1200410735754 | 0.186364 | 47.8005 | 0 | 539
PACZ | kNN_100 | 77 | 100 | 596055268929 | 0.162681 | 47.8005 | 0 | 522
PACZ | kNN_100 | 78 | 100 | 1152510047106 | 0.13868 | 47.8005 | 0 | 396
PACZ | kNN_100 | 79 | 100 | 1390579651050 | 0.0720024 | 47.8005 | 0 | 209
PACZ | kNN_100 | 80 | 100 | 1264467562347 | 0.254631 | 47.8005 | 0 | 864
PACZ | kNN_100 | 81 | 100 | 1282417446708 | 0.232299 | 47.8005 | 0 | 735
PACZ | kNN_100 | 82 | 100 | 946847249688 | 0.215292 | 47.8005 | 0 | 631
PACZ | kNN_100 | 83 | 100 | 1024075281282 | 0.124296 | 47.8005 | 0 | 448
PACZ | kNN_100 | 84 | 100 | 1192613781588 | 0.153701 | 47.8005 | 0 | 504
PACZ | kNN_100 | 85 | 100 | 1264223755653 | 0.169039 | 47.8005 | 0 | 543
PACZ | kNN_100 | 86 | 100 | 1025535054939 | 0.172615 | 47.8005 | 0 | 594
PACZ | kNN_100 | 87 | 100 | 1296696207126 | 0.248273 | 47.8005 | 0 | 850
PACZ | kNN_100 | 88 | 100 | 1030536714627 | 0.15831 | 47.8005 | 0 | 595
PACZ | kNN_100 | 89 | 100 | 1029233616144 | 0.265996 | 47.8005 | 0 | 750
PACZ | kNN_100 | 90 | 100 | 1140263529930 | 0.209014 | 47.8005 | 0 | 657
PACZ | kNN_100 | 91 | 100 | 1228624107240 | 0.186364 | 47.8005 | 0 | 554
PACZ | kNN_100 | 92 | 100 | 1301648250222 | 0.198682 | 47.8005 | 0 | 594
PACZ | kNN_100 | 93 | 100 | 1282638415983 | 0.166734 | 47.8005 | 0 | 520
PACZ | kNN_100 | 94 | 100 | 1228702713063 | 0.174681 | 47.8005 | 0 | 527
PACZ | kNN_100 | 95 | 100 | 1181836775355 | 0.231028 | 47.8005 | 0 | 766
PACZ | kNN_100 | 96 | 100 | 1586899524480 | 0.23365 | 47.8005 | 0 | 590
PACZ | kNN_100 | 97 | 100 | 1278721103610 | 0.324647 | 47.8005 | 0 | 1150
PACZ | kNN_100 | 98 | 100 | 1264341960264 | 0.281652 | 47.8005 | 0 | 1042
PACZ | kNN_100 | 99 | 100 | 1176589220283 | 0.16435 | 47.8005 | 0 | 595
