Algo | QType | QID | Count | Hash | Time_ms | Mem_Tree_MB | Mem_Delta_MB | Nodes
PACZ | Range_Small | 0 | 263 | 2514953999175 | 0.0162919 | 124.68 | 0 | 201
PACZ | Range_Small | 1 | 407 | 3835710814575 | 0.00866254 | 124.68 | 0 | 189
PACZ | Range_Small | 2 | 804 | 11206803704616 | 0.0259876 | 124.68 | 0 | 237
PACZ | Range_Small | 3 | 411 | 5036605752984 | 0.0173251 | 124.68 | 0 | 259
PACZ | Range_Small | 4 | 342 | 4692986500290 | 0.00898043 | 124.68 | 0 | 189
PACZ | Range_Small | 5 | 618 | 7915366942596 | 0.0162919 | 124.68 | 0 | 237
PACZ | Range_Small | 6 | 901 | 11110792677405 | 0.0227292 | 124.68 | 0 | 291
PACZ | Range_Small | 7 | 37 | 577767132633 | 0.00500679 | 124.68 | 0 | 165
PACZ | Range_Small | 8 | 54 | 705229643253 | 0.0046889 | 124.68 | 0 | 175
PACZ | Range_Small | 9 | 6283 | 77760688400430 | 0.0872612 | 124.68 | 0 | 923
PACZ | Range_Small | 10 | 961 | 13311371330691 | 0.0170072 | 124.68 | 0 | 339
PACZ | Range_Small | 11 | 372 | 4419506078637 | 0.00667572 | 124.68 | 0 | 205
PACZ | Range_Small | 12 | 239 | 2293621667259 | 0.00699361 | 124.68 | 0 | 189
PACZ | Range_Small | 13 | 449 | 6945267676287 | 0.0143846 | 124.68 | 0 | 237
PACZ | Range_Small | 14 | 1596 | 20178891945747 | 0.025034 | 124.68 | 0 | 373
PACZ | Range_Small | 15 | 384 | 4579280305623 | 0.0073115 | 124.68 | 0 | 203
PACZ | Range_Small | 16 | 1398 | 19299323661114 | 0.0216166 | 124.68 | 0 | 381
PACZ | Range_Small | 17 | 381 | 4074761273859 | 0.0123183 | 124.68 | 0 | 235
PACZ | Range_Small | 18 | 8615 | 106694368463964 | 0.112693 | 124.68 | 0 | 1161
PACZ | Range_Small | 19 | 56 | 470930191548 | 0.00699361 | 124.68 | 0 | 219
PACZ | Range_Small | 20 | 376 | 5169081816465 | 0.00762939 | 124.68 | 0 | 199
PACZ | Range_Small | 21 | 564 | 7737562728252 | 0.0106494 | 124.68 | 0 | 233
PACZ | Range_Small | 22 | 1143 | 13862919547197 | 0.0309944 | 124.68 | 0 | 375
PACZ | Range_Small | 23 | 788 | 9718908453630 | 0.0126362 | 124.68 | 0 | 239
PACZ | Range_Small | 24 | 1167 | 16132612087824 | 0.0213782 | 124.68 | 0 | 305
PACZ | Range_Small | 25 | 53 | 165876802017 | 0.00635783 | 124.68 | 0 | 199
PACZ | Range_Small | 26 | 73 | 754282847172 | 0.00532468 | 124.68 | 0 | 153
PACZ | Range_Small | 27 | 3747 | 43603641959559 | 0.0533263 | 124.68 | 0 | 587
PACZ | Range_Small | 28 | 3764 | 47213418184977 | 0.0456969 | 124.68 | 0 | 675
PACZ | Range_Small | 29 | 1777 | 22212035592834 | 0.0399748 | 124.68 | 0 | 483
PACZ | Range_Small | 30 | 1423 | 18188703726396 | 0.017643 | 124.68 | 0 | 327
PACZ | Range_Small | 31 | 139 | 1245608267688 | 0.00667572 | 124.68 | 0 | 181
PACZ | Range_Small | 32 | 663 | 8417379025623 | 0.0149409 | 124.68 | 0 | 299
PACZ | Range_Small | 33 | 14899 | 175850390878044 | 0.186682 | 124.68 | 0 | 1809
PACZ | Range_Small | 34 | 1509 | 15587203561524 | 0.0247161 | 124.68 | 0 | 333
PACZ | Range_Small | 35 | 1080 | 15266135143710 | 0.0209808 | 124.68 | 0 | 375
PACZ | Range_Small | 36 | 159 | 2210249070990 | 0.00794729 | 124.68 | 0 | 203
PACZ | Range_Small | 37 | 839 | 10068047126379 | 0.0136693 | 124.68 | 0 | 279
PACZ | Range_Small | 38 | 3862 | 48645201421755 | 0.0583331 | 124.68 | 0 | 699
PACZ | Range_Small | 39 | 5929 | 78090626687385 | 0.0859896 | 124.68 | 0 | 789
PACZ | Range_Small | 40 | 694 | 8725085724288 | 0.0126362 | 124.68 | 0 | 277
PACZ | Range_Small | 41 | 1 | 14892508284 | 0.00166893 | 124.68 | 0 | 55
PACZ | Range_Small | 42 | 989 | 11946884717148 | 0.0149409 | 124.68 | 0 | 361
PACZ | Range_Small | 43 | 297 | 4080598520700 | 0.0136693 | 124.68 | 0 | 213
PACZ | Range_Small | 44 | 109 | 1355477637198 | 0.0073115 | 124.68 | 0 | 203
PACZ | Range_Small | 45 | 1732 | 18096005197218 | 0.0286102 | 124.68 | 0 | 403
PACZ | Range_Small | 46 | 396 | 5135947070379 | 0.0103315 | 124.68 | 0 | 239
PACZ | Range_Small | 47 | 4100 | 49973095538658 | 0.0653267 | 124.68 | 0 | 693
PACZ | Range_Small | 48 | 187 | 1858672233468 | 0.0163714 | 124.68 | 0 | 225
PACZ | Range_Small | 49 | 628 | 6946952247198 | 0.018994 | 124.68 | 0 | 321
PACZ | Range_Small | 50 | 35 | 431358075252 | 0.00603994 | 124.68 | 0 | 193
PACZ | Range_Small | 51 | 14026 | 163773827174376 | 0.164668 | 124.68 | 0 | 1773
PACZ | Range_Small | 52 | 554 | 8763018941430 | 0.011603 | 124.68 | 0 | 275
PACZ | Range_Small | 53 | 507 | 5969673924786 | 0.0116825 | 124.68 | 0 | 283
PACZ | Range_Small | 54 | 740 | 9154256755713 | 0.0179609 | 124.68 | 0 | 301
PACZ | Range_Small | 55 | 545 | 6363066253050 | 0.0212987 | 124.68 | 0 | 275
PACZ | Range_Small | 56 | 524 | 6546946604340 | 0.0100136 | 124.68 | 0 | 261
PACZ | Range_Small | 57 | 859 | 8071423330344 | 0.0129541 | 124.68 | 0 | 271
PACZ | Range_Small | 58 | 9128 | 111751008952380 | 0.111341 | 124.68 | 0 | 1253
PACZ | Range_Small | 59 | 2103 | 21560494195890 | 0.0259876 | 124.68 | 0 | 419
PACZ | Range_Small | 60 | 159 | 1531511167899 | 0.00500679 | 124.68 | 0 | 149
PACZ | Range_Small | 61 | 62 | 773785191954 | 0.00540415 | 124.68 | 0 | 187
PACZ | Range_Small | 62 | 1384 | 12111460441683 | 0.0226498 | 124.68 | 0 | 365
PACZ | Range_Small | 63 | 1155 | 13867212202569 | 0.0166098 | 124.68 | 0 | 321
PACZ | Range_Small | 64 | 184 | 2626496764800 | 0.00596046 | 124.68 | 0 | 151
PACZ | Range_Small | 65 | 4501 | 55348195443945 | 0.0623862 | 124.68 | 0 | 723
PACZ | Range_Small | 66 | 1681 | 18204408356745 | 0.0230471 | 124.68 | 0 | 399
PACZ | Range_Small | 67 | 8750 | 108198056178033 | 0.107288 | 124.68 | 0 | 1207
PACZ | Range_Small | 68 | 588 | 7014973277706 | 0.0100136 | 124.68 | 0 | 235
PACZ | Range_Small | 69 | 64 | 766612665828 | 0.00564257 | 124.68 | 0 | 205
PACZ | Range_Small | 70 | 31 | 358684624875 | 0.00437101 | 124.68 | 0 | 193
PACZ | Range_Small | 71 | 1 | 1746182403 | 0.00238419 | 124.68 | 0 | 93
PACZ | Range_Small | 72 | 3847 | 47311471853910 | 0.0516574 | 124.68 | 0 | 643
PACZ | Range_Small | 73 | 934 | 11357996299224 | 0.0199477 | 124.68 | 0 | 367
PACZ | Range_Small | 74 | 306 | 3649111529880 | 0.00659625 | 124.68 | 0 | 209
PACZ | Range_Small | 75 | 1424 | 16793733487095 | 0.0259876 | 124.68 | 0 | 383
PACZ | Range_Small | 76 | 1186 | 13489370673672 | 0.0173251 | 124.68 | 0 | 325
PACZ | Range_Small | 77 | 3161 | 41064866926473 | 0.0452995 | 124.68 | 0 | 517
PACZ | Range_Small | 78 | 81 | 838911889143 | 0.0046889 | 124.68 | 0 | 145
PACZ | Range_Small | 79 | 1081 | 13233770659518 | 0.0193914 | 124.68 | 0 | 339
PACZ | Range_Small | 80 | 783 | 9405500886537 | 0.0199477 | 124.68 | 0 | 293
PACZ | Range_Small | 81 | 2026 | 24193787643678 | 0.0316302 | 124.68 | 0 | 457
PACZ | Range_Small | 82 | 659 | 9267111226740 | 0.0219345 | 124.68 | 0 | 311
PACZ | Range_Small | 83 | 254 | 3440118919284 | 0.0110467 | 124.68 | 0 | 271
PACZ | Range_Small | 84 | 1166 | 15956628986364 | 0.022014 | 124.68 | 0 | 293
PACZ | Range_Small | 85 | 2711 | 32497715166921 | 0.0373522 | 124.68 | 0 | 493
PACZ | Range_Small | 86 | 796 | 10927248159459 | 0.0174046 | 124.68 | 0 | 279
PACZ | Range_Small | 87 | 273 | 3496809186261 | 0.0129541 | 124.68 | 0 | 217
PACZ | Range_Small | 88 | 392 | 5320418594463 | 0.0106494 | 124.68 | 0 | 231
PACZ | Range_Small | 89 | 368 | 4967016756714 | 0.0143846 | 124.68 | 0 | 229
PACZ | Range_Small | 90 | 4269 | 52411556874933 | 0.0650088 | 124.68 | 0 | 711
PACZ | Range_Small | 91 | 699 | 8616780732729 | 0.0143846 | 124.68 | 0 | 321
PACZ | Range_Small | 92 | 5661 | 69484395124773 | 0.0756582 | 124.68 | 0 | 921
PACZ | Range_Small | 93 | 4328 | 51335732604918 | 0.0530084 | 124.68 | 0 | 663
PACZ | Range_Small | 94 | 795 | 7159719610809 | 0.0156562 | 124.68 | 0 | 307
PACZ | Range_Small | 95 | 1893 | 24386752267224 | 0.0306765 | 124.68 | 0 | 395
PACZ | Range_Small | 96 | 9905 | 121196994221691 | 0.104666 | 124.68 | 0 | 1327
PACZ | Range_Small | 97 | 782 | 10599714194445 | 0.0133514 | 124.68 | 0 | 253
PACZ | Range_Small | 98 | 403 | 2678233160571 | 0.00802676 | 124.68 | 0 | 225
PACZ | Range_Small | 99 | 611 | 7452167352552 | 0.0183582 | 124.68 | 0 | 257
PACZ | Range_Medium | 0 | 12581 | 145214766185643 | 0.153701 | 124.68 | 0 | 1475
PACZ | Range_Medium | 1 | 7513 | 87277895579055 | 0.0999769 | 124.68 | 0 | 989
PACZ | Range_Medium | 2 | 8774 | 103345803968277 | 0.111024 | 124.68 | 0 | 933
PACZ | Range_Medium | 3 | 2220 | 31101984956067 | 0.0283718 | 124.68 | 0 | 377
PACZ | Range_Medium | 4 | 38836 | 530893460088123 | 0.40102 | 124.68 | 0 | 3923
PACZ | Range_Medium | 5 | 18956 | 245531041797852 | 0.180324 | 124.68 | 0 | 2155
PACZ | Range_Medium | 6 | 89563 | 1060085914375107 | 1.03498 | 124.68 | 0 | 8487
PACZ | Range_Medium | 7 | 48728 | 519234879226626 | 0.512044 | 124.68 | 0 | 4853
PACZ | Range_Medium | 8 | 16042 | 182615831716323 | 0.155687 | 124.68 | 0 | 1913
PACZ | Range_Medium | 9 | 32794 | 370298718416046 | 0.337998 | 124.68 | 0 | 3447
PACZ | Range_Medium | 10 | 3316 | 45691277987892 | 0.0340144 | 124.68 | 0 | 469
PACZ | Range_Medium | 11 | 11894 | 130858789354257 | 0.126998 | 124.68 | 0 | 1417
PACZ | Range_Medium | 12 | 39693 | 424644254235738 | 0.472307 | 124.68 | 0 | 4021
PACZ | Range_Medium | 13 | 20235 | 242854980336468 | 0.199318 | 124.68 | 0 | 2381
PACZ | Range_Medium | 14 | 34042 | 382032899064873 | 0.287294 | 124.68 | 0 | 3403
PACZ | Range_Medium | 15 | 30578 | 419448395817507 | 0.288645 | 124.68 | 0 | 3025
PACZ | Range_Medium | 16 | 6619 | 72539226895542 | 0.0673135 | 124.68 | 0 | 819
PACZ | Range_Medium | 17 | 35980 | 394718609810172 | 0.349681 | 124.68 | 0 | 3657
PACZ | Range_Medium | 18 | 12526 | 154719874077072 | 0.133276 | 124.68 | 0 | 1441
PACZ | Range_Medium | 19 | 5852 | 68754899287140 | 0.055631 | 124.68 | 0 | 745
PACZ | Range_Medium | 20 | 12886 | 154854213864333 | 0.124613 | 124.68 | 0 | 1335
PACZ | Range_Medium | 21 | 29409 | 315761145698163 | 0.317335 | 124.68 | 0 | 3037
PACZ | Range_Medium | 22 | 6285 | 71189349295812 | 0.0770092 | 124.68 | 0 | 899
PACZ | Range_Medium | 23 | 34729 | 472276515781860 | 0.362317 | 124.68 | 0 | 3543
PACZ | Range_Medium | 24 | 47188 | 496215899819685 | 0.495354 | 124.68 | 0 | 4593
PACZ | Range_Medium | 25 | 117 | 592780652298 | 0.00969569 | 124.68 | 0 | 207
PACZ | Range_Medium | 26 | 44223 | 462367624707933 | 0.430346 | 124.68 | 0 | 4351
PACZ | Range_Medium | 27 | 18757 | 222552493474935 | 0.190973 | 124.68 | 0 | 2259
PACZ | Range_Medium | 28 | 7765 | 97388232206550 | 0.0956853 | 124.68 | 0 | 1057
PACZ | Range_Medium | 29 | 78526 | 928320010304565 | 0.934045 | 124.68 | 0 | 7501
PACZ | Range_Medium | 30 | 37368 | 445287743414220 | 0.367641 | 124.68 | 0 | 3767
PACZ | Range_Medium | 31 | 9660 | 112092343464564 | 0.116666 | 124.68 | 0 | 1215
PACZ | Range_Medium | 32 | 11787 | 145144415377962 | 0.130335 | 124.68 | 0 | 1425
PACZ | Range_Medium | 33 | 6810 | 84319207991097 | 0.0777245 | 124.68 | 0 | 889
PACZ | Range_Medium | 34 | 44009 | 462336393216636 | 0.485341 | 124.68 | 0 | 4269
PACZ | Range_Medium | 35 | 17550 | 231463817938218 | 0.180324 | 124.68 | 0 | 1877
PACZ | Range_Medium | 36 | 4762 | 52974392992947 | 0.060002 | 124.68 | 0 | 759
PACZ | Range_Medium | 37 | 16324 | 180733903220322 | 0.164986 | 124.68 | 0 | 1841
PACZ | Range_Medium | 38 | 27682 | 301362802854183 | 0.279665 | 124.68 | 0 | 3049
PACZ | Range_Medium | 39 | 13472 | 161522711898951 | 0.135024 | 124.68 | 0 | 1409
PACZ | Range_Medium | 40 | 30417 | 365045137797324 | 0.320991 | 124.68 | 0 | 3243
PACZ | Range_Medium | 41 | 37032 | 442832118480117 | 0.350316 | 124.68 | 0 | 3857
PACZ | Range_Medium | 42 | 3 | 14258529051 | 0.00206629 | 124.68 | 0 | 43
PACZ | Range_Medium | 43 | 2 | 14026605597 | 0.000953674 | 124.68 | 0 | 37
PACZ | Range_Medium | 44 | 21123 | 254822024952534 | 0.221332 | 124.68 | 0 | 2251
PACZ | Range_Medium | 45 | 5723 | 76090570825998 | 0.0610352 | 124.68 | 0 | 739
PACZ | Range_Medium | 46 | 32944 | 364119974211315 | 0.330369 | 124.68 | 0 | 3313
PACZ | Range_Medium | 47 | 16340 | 190043342663568 | 0.17794 | 124.68 | 0 | 1849
PACZ | Range_Medium | 48 | 4908 | 55155677935188 | 0.0623067 | 124.68 | 0 | 715
PACZ | Range_Medium | 49 | 14604 | 178299216904656 | 0.151952 | 124.68 | 0 | 1737
PACZ | Range_Medium | 50 | 4740 | 57867613081833 | 0.0486374 | 124.68 | 0 | 601
PACZ | Range_Medium | 51 | 17137 | 221728189146198 | 0.176668 | 124.68 | 0 | 1787
PACZ | Range_Medium | 52 | 22161 | 262510243189962 | 0.246048 | 124.68 | 0 | 2561
PACZ | Range_Medium | 53 | 89937 | 1063716689230884 | 1.115 | 124.68 | 0 | 8455
PACZ | Range_Medium | 54 | 5907 | 72373641989388 | 0.0676314 | 124.68 | 0 | 833
PACZ | Range_Medium | 55 | 32834 | 458111147664141 | 0.348727 | 124.68 | 0 | 3449
PACZ | Range_Medium | 56 | 23831 | 258635873889477 | 0.276724 | 124.68 | 0 | 2521
PACZ | Range_Medium | 57 | 8692 | 102474757969029 | 0.0902812 | 124.68 | 0 | 929
PACZ | Range_Medium | 58 | 20727 | 215226354658056 | 0.2563 | 124.68 | 0 | 2287
PACZ | Range_Medium | 59 | 8678 | 102031875471417 | 0.0916322 | 124.68 | 0 | 933
PACZ | Range_Medium | 60 | 47471 | 491319667351968 | 0.568946 | 124.68 | 0 | 4699
PACZ | Range_Medium | 61 | 16696 | 193363698187470 | 0.17333 | 124.68 | 0 | 1895
PACZ | Range_Medium | 62 | 2329 | 25842690091497 | 0.0393391 | 124.68 | 0 | 505
PACZ | Range_Medium | 63 | 73904 | 875237090376018 | 0.933647 | 124.68 | 0 | 7249
PACZ | Range_Medium | 64 | 58359 | 671209417523142 | 0.68299 | 124.68 | 0 | 5373
PACZ | Range_Medium | 65 | 19877 | 210553111046769 | 0.197967 | 124.68 | 0 | 2137
PACZ | Range_Medium | 66 | 8239 | 96360163352976 | 0.0876586 | 124.68 | 0 | 865
PACZ | Range_Medium | 67 | 57326 | 661093532075589 | 0.608683 | 124.68 | 0 | 5363
PACZ | Range_Medium | 68 | 36975 | 425514291395373 | 0.468016 | 124.68 | 0 | 3795
PACZ | Range_Medium | 69 | 518 | 4022803928568 | 0.0193119 | 124.68 | 0 | 327
PACZ | Range_Medium | 70 | 14986 | 165075271031376 | 0.16435 | 124.68 | 0 | 1659
PACZ | Range_Medium | 71 | 8816 | 104034385136949 | 0.101407 | 124.68 | 0 | 935
PACZ | Range_Medium | 72 | 49669 | 507824507456856 | 0.612338 | 124.68 | 0 | 5005
PACZ | Range_Medium | 73 | 19876 | 218118804829521 | 0.224034 | 124.68 | 0 | 2197
PACZ | Range_Medium | 74 | 31554 | 431904508924425 | 0.359694 | 124.68 | 0 | 3103
PACZ | Range_Medium | 75 | 9734 | 119074020937692 | 0.10999 | 124.68 | 0 | 1143
PACZ | Range_Medium | 76 | 45712 | 545779345455993 | 0.504017 | 124.68 | 0 | 4201
PACZ | Range_Medium | 77 | 28086 | 311982681887469 | 0.333389 | 124.68 | 0 | 2987
PACZ | Range_Medium | 78 | 35097 | 383999994233307 | 0.356595 | 124.68 | 0 | 3487
PACZ | Range_Medium | 79 | 36845 | 408041190461466 | 0.358025 | 124.68 | 0 | 3653
PACZ | Range_Medium | 80 | 39696 | 479165729489010 | 0.462691 | 124.68 | 0 | 4107
PACZ | Range_Medium | 81 | 30312 | 346441929275052 | 0.337283 | 124.68 | 0 | 3061
PACZ | Range_Medium | 82 | 38446 | 478348364259891 | 0.454664 | 124.68 | 0 | 4043
PACZ | Range_Medium | 83 | 5181 | 64327345125546 | 0.0659625 | 124.68 | 0 | 753
PACZ | Range_Medium | 84 | 15464 | 186348289241637 | 0.197331 | 124.68 | 0 | 1927
PACZ | Range_Medium | 85 | 5882 | 72324258642678 | 0.0696182 | 124.68 | 0 | 709
PACZ | Range_Medium | 86 | 6483 | 73386245989377 | 0.082016 | 124.68 | 0 | 843
PACZ | Range_Medium | 87 | 2903 | 27152822126370 | 0.0426769 | 124.68 | 0 | 483
PACZ | Range_Medium | 88 | 34179 | 466348531036623 | 0.388304 | 124.68 | 0 | 3403
PACZ | Range_Medium | 89 | 17035 | 186736235988270 | 0.200987 | 124.68 | 0 | 1977
PACZ | Range_Medium | 90 | 16163 | 197631460185003 | 0.181039 | 124.68 | 0 | 1887
PACZ | Range_Medium | 91 | 74944 | 888381125350458 | 0.975053 | 124.68 | 0 | 7459
PACZ | Range_Medium | 92 | 87813 | 1036676478718995 | 1.1673 | 124.68 | 0 | 8355
PACZ | Range_Medium | 93 | 9035 | 107460556432041 | 0.100931 | 124.68 | 0 | 1095
PACZ | Range_Medium | 94 | 20215 | 238193435323983 | 0.229279 | 124.68 | 0 | 2145
PACZ | Range_Medium | 95 | 5382 | 66328394976240 | 0.0696977 | 124.68 | 0 | 767
PACZ | Range_Medium | 96 | 89623 | 1060976913512646 | 1.13265 | 124.68 | 0 | 8491
PACZ | Range_Medium | 97 | 89603 | 1060693932315249 | 1.06136 | 124.68 | 0 | 8467
PACZ | Range_Medium | 98 | 50472 | 591646988168607 | 0.564655 | 124.68 | 0 | 4769
PACZ | Range_Medium | 99 | 78797 | 928444623467562 | 1.00366 | 124.68 | 0 | 7565
PACZ | Range_Large | 0 | 249467 | 2883582277190427 | 3.13004 | 124.68 | 0 | 22499
PACZ | Range_Large | 1 | 413776 | 4934515475619558 | 5.27334 | 124.68 | 0 | 36783
PACZ | Range_Large | 2 | 311469 | 3584508839438892 | 3.86135 | 124.68 | 0 | 27107
PACZ | Range_Large | 3 | 387935 | 4514987997983889 | 4.86771 | 124.68 | 0 | 33971
PACZ | Range_Large | 4 | 339265 | 3948933098834967 | 4.33366 | 124.68 | 0 | 29957
PACZ | Range_Large | 5 | 396453 | 4734428635199682 | 5.10001 | 124.68 | 0 | 35241
PACZ | Range_Large | 6 | 588632 | 6922763891075217 | 7.6433 | 124.68 | 0 | 51683
PACZ | Range_Large | 7 | 426781 | 5077140426889770 | 5.61833 | 124.68 | 0 | 37961
PACZ | Range_Large | 8 | 412016 | 4896964820834661 | 5.37197 | 124.68 | 0 | 36633
PACZ | Range_Large | 9 | 370272 | 4317686731989144 | 4.74962 | 124.68 | 0 | 32487
PACZ | Range_Large | 10 | 458761 | 5457796406762445 | 6.00807 | 124.68 | 0 | 40711
PACZ | Range_Large | 11 | 426044 | 5067081840307833 | 5.47131 | 124.68 | 0 | 37705
PACZ | Range_Large | 12 | 366733 | 4285159618147863 | 4.70837 | 124.68 | 0 | 32111
PACZ | Range_Large | 13 | 545222 | 6383280755929539 | 7.04463 | 124.68 | 0 | 48127
PACZ | Range_Large | 14 | 359056 | 4194668522301738 | 4.68795 | 124.68 | 0 | 31575
PACZ | Range_Large | 15 | 484394 | 5756277455298396 | 6.27073 | 124.68 | 0 | 42865
PACZ | Range_Large | 16 | 477875 | 5677892361465708 | 6.23433 | 124.68 | 0 | 42379
PACZ | Range_Large | 17 | 370702 | 4325833387550562 | 4.74469 | 124.68 | 0 | 32543
PACZ | Range_Large | 18 | 275751 | 3136665774771918 | 3.53638 | 124.68 | 0 | 23785
PACZ | Range_Large | 19 | 400903 | 4787242586593797 | 5.20968 | 124.68 | 0 | 35629
PACZ | Range_Large | 20 | 586595 | 6855138856275057 | 7.62765 | 124.68 | 0 | 51733
PACZ | Range_Large | 21 | 601035 | 7058508221046270 | 7.75568 | 124.68 | 0 | 52757
PACZ | Range_Large | 22 | 441468 | 5270370623058375 | 5.74501 | 124.68 | 0 | 39209
PACZ | Range_Large | 23 | 486179 | 5771812694268753 | 6.35171 | 124.68 | 0 | 42935
PACZ | Range_Large | 24 | 378095 | 4508545610060154 | 4.8573 | 124.68 | 0 | 33591
PACZ | Range_Large | 25 | 388207 | 4626442874364324 | 5.40503 | 124.68 | 0 | 34499
PACZ | Range_Large | 26 | 569052 | 6663786426495309 | 7.93203 | 124.68 | 0 | 50269
PACZ | Range_Large | 27 | 445249 | 5309636946495387 | 6.49937 | 124.68 | 0 | 39499
PACZ | Range_Large | 28 | 606055 | 7114072347774234 | 8.47165 | 124.68 | 0 | 53311
PACZ | Range_Large | 29 | 442236 | 5271595669859271 | 5.76735 | 124.68 | 0 | 39267
PACZ | Range_Large | 30 | 331106 | 3858582494612895 | 4.33366 | 124.68 | 0 | 29257
PACZ | Range_Large | 31 | 403359 | 4812120327302727 | 5.17535 | 124.68 | 0 | 35907
PACZ | Range_Large | 32 | 292731 | 3341338192588107 | 3.7547 | 124.68 | 0 | 25509
PACZ | Range_Large | 33 | 326124 | 3793245397734165 | 4.143 | 124.68 | 0 | 28751
PACZ | Range_Large | 34 | 296685 | 3396802424608089 | 3.84299 | 124.68 | 0 | 25869
PACZ | Range_Large | 35 | 354700 | 4067689593302052 | 4.78935 | 124.68 | 0 | 31543
PACZ | Range_Large | 36 | 482171 | 5728122483563481 | 6.46361 | 124.68 | 0 | 42695
PACZ | Range_Large | 37 | 461948 | 5495422516685763 | 6.34829 | 124.68 | 0 | 41015
PACZ | Range_Large | 38 | 610540 | 7166008865583969 | 8.50368 | 124.68 | 0 | 53751
PACZ | Range_Large | 39 | 375194 | 4375232007860349 | 5.22232 | 124.68 | 0 | 32947
PACZ | Range_Large | 40 | 373041 | 4349298286104480 | 5.05002 | 124.68 | 0 | 32761
PACZ | Range_Large | 41 | 555319 | 6557355837081678 | 7.59768 | 124.68 | 0 | 48963
PACZ | Range_Large | 42 | 624634 | 7310389786342344 | 8.49303 | 124.68 | 0 | 54721
PACZ | Range_Large | 43 | 259459 | 2955401629030584 | 3.5483 | 124.68 | 0 | 23343
PACZ | Range_Large | 44 | 479080 | 5691644382773583 | 6.17107 | 124.68 | 0 | 42423
PACZ | Range_Large | 45 | 379690 | 4415521782107712 | 4.81796 | 124.68 | 0 | 33121
PACZ | Range_Large | 46 | 602016 | 7083132424874700 | 7.86265 | 124.68 | 0 | 53037
PACZ | Range_Large | 47 | 480939 | 5713541807614098 | 6.32302 | 124.68 | 0 | 42571
PACZ | Range_Large | 48 | 483652 | 5742987827692812 | 6.29568 | 124.68 | 0 | 42775
PACZ | Range_Large | 49 | 601881 | 7081152263693211 | 7.99195 | 124.68 | 0 | 53007
PACZ | Range_Large | 50 | 532480 | 6239724605851932 | 6.90762 | 124.68 | 0 | 46943
PACZ | Range_Large | 51 | 381049 | 4435410383345430 | 4.86334 | 124.68 | 0 | 33415
PACZ | Range_Large | 52 | 398528 | 4735920578318064 | 5.07132 | 124.68 | 0 | 35445
PACZ | Range_Large | 53 | 579316 | 6825490108022328 | 7.40361 | 124.68 | 0 | 51247
PACZ | Range_Large | 54 | 349244 | 3987683887323876 | 4.48966 | 124.68 | 0 | 31431
PACZ | Range_Large | 55 | 444917 | 5305613872266102 | 5.76266 | 124.68 | 0 | 39489
PACZ | Range_Large | 56 | 383597 | 4570857075978726 | 4.88369 | 124.68 | 0 | 34017
PACZ | Range_Large | 57 | 524048 | 6144765199579062 | 6.76799 | 124.68 | 0 | 46251
PACZ | Range_Large | 58 | 451255 | 5373098850137817 | 6.08603 | 124.68 | 0 | 40109
PACZ | Range_Large | 59 | 380115 | 4423197754464006 | 5.19935 | 124.68 | 0 | 33371
PACZ | Range_Large | 60 | 480661 | 5714597875711467 | 6.59966 | 124.68 | 0 | 42653
PACZ | Range_Large | 61 | 608016 | 7136934419372457 | 8.14493 | 124.68 | 0 | 53443
PACZ | Range_Large | 62 | 486458 | 5707485879360555 | 6.4857 | 124.68 | 0 | 43037
PACZ | Range_Large | 63 | 329132 | 3791231841024186 | 4.57033 | 124.68 | 0 | 29989
PACZ | Range_Large | 64 | 478936 | 5690306931595887 | 7.41569 | 124.68 | 0 | 42421
PACZ | Range_Large | 65 | 582493 | 6870600728616750 | 8.01539 | 124.68 | 0 | 51227
PACZ | Range_Large | 66 | 367418 | 4286575542087153 | 4.75732 | 124.68 | 0 | 32133
PACZ | Range_Large | 67 | 575909 | 6745051337320077 | 8.37739 | 124.68 | 0 | 50787
PACZ | Range_Large | 68 | 480068 | 5704186306349481 | 6.54364 | 124.68 | 0 | 42531
PACZ | Range_Large | 69 | 394396 | 4694501042445387 | 5.31268 | 124.68 | 0 | 35073
PACZ | Range_Large | 70 | 269601 | 3063761091807039 | 3.73165 | 124.68 | 0 | 24021
PACZ | Range_Large | 71 | 608213 | 7139096788127883 | 8.8377 | 124.68 | 0 | 53567
PACZ | Range_Large | 72 | 480940 | 5718753464870040 | 6.95562 | 124.68 | 0 | 42677
PACZ | Range_Large | 73 | 435394 | 5185239814271043 | 5.70432 | 124.68 | 0 | 38811
PACZ | Range_Large | 74 | 608345 | 7139516128353723 | 7.83396 | 124.68 | 0 | 53497
PACZ | Range_Large | 75 | 427674 | 5088277717547247 | 5.84594 | 124.68 | 0 | 38053
PACZ | Range_Large | 76 | 326067 | 3783051821792427 | 4.23996 | 124.68 | 0 | 28447
PACZ | Range_Large | 77 | 328793 | 3820912157226894 | 3.90132 | 124.68 | 0 | 28931
PACZ | Range_Large | 78 | 541721 | 6340044384632622 | 6.49134 | 124.68 | 0 | 47885
PACZ | Range_Large | 79 | 486179 | 5775036471389349 | 5.76838 | 124.68 | 0 | 43345
PACZ | Range_Large | 80 | 411151 | 4887018983386293 | 4.91071 | 124.68 | 0 | 36505
PACZ | Range_Large | 81 | 395066 | 4591645664035224 | 4.6653 | 124.68 | 0 | 34489
PACZ | Range_Large | 82 | 393797 | 4586177993264892 | 4.65798 | 124.68 | 0 | 34431
PACZ | Range_Large | 83 | 447270 | 5241643828857264 | 5.28733 | 124.68 | 0 | 39539
PACZ | Range_Large | 84 | 601799 | 7083500517505650 | 7.09637 | 124.68 | 0 | 52803
PACZ | Range_Large | 85 | 275022 | 3127563519317211 | 3.14069 | 124.68 | 0 | 23803
PACZ | Range_Large | 86 | 393951 | 4595359066894218 | 4.58201 | 124.68 | 0 | 34519
PACZ | Range_Large | 87 | 436875 | 5210283600991719 | 5.21461 | 124.68 | 0 | 38741
PACZ | Range_Large | 88 | 478981 | 5692424178724173 | 5.69495 | 124.68 | 0 | 42491
PACZ | Range_Large | 89 | 581825 | 6848247949181328 | 6.8926 | 124.68 | 0 | 51179
PACZ | Range_Large | 90 | 385939 | 4603156053738312 | 4.58805 | 124.68 | 0 | 34329
PACZ | Range_Large | 91 | 397234 | 4615368765000657 | 4.668 | 124.68 | 0 | 34735
PACZ | Range_Large | 92 | 497205 | 5898782724011763 | 5.95903 | 124.68 | 0 | 44211
PACZ | Range_Large | 93 | 596642 | 7008451016634336 | 7.08167 | 124.68 | 0 | 52437
PACZ | Range_Large | 94 | 645294 | 7564386207801723 | 7.62701 | 124.68 | 0 | 56531
PACZ | Range_Large | 95 | 562054 | 6590632424958900 | 6.74963 | 124.68 | 0 | 49905
PACZ | Range_Large | 96 | 435020 | 5193265661480223 | 5.1837 | 124.68 | 0 | 38671
PACZ | Range_Large | 97 | 362738 | 4239767342209506 | 4.18337 | 124.68 | 0 | 31809
PACZ | Range_Large | 98 | 377396 | 4501599994163880 | 4.57168 | 124.68 | 0 | 33469
PACZ | Range_Large | 99 | 480553 | 5712256465041024 | 5.85969 | 124.68 | 0 | 42643
PACZ | kNN_10 | 0 | 10 | 59605447116 | 0.0296434 | 124.68 | 0 | 223
PACZ | kNN_10 | 1 | 10 | 123180145476 | 0.0343323 | 124.68 | 0 | 294
PACZ | kNN_10 | 2 | 10 | 129410699469 | 0.0650088 | 124.68 | 0 | 530
PACZ | kNN_10 | 3 | 10 | 96063712215 | 0.0349681 | 124.68 | 0 | 320
PACZ | kNN_10 | 4 | 10 | 123240174585 | 0.0383059 | 124.68 | 0 | 336
PACZ | kNN_10 | 5 | 10 | 60532752264 | 0.0120004 | 124.68 | 0 | 79
PACZ | kNN_10 | 6 | 10 | 123292674507 | 0.0349681 | 124.68 | 0 | 311
PACZ | kNN_10 | 7 | 10 | 92210234940 | 0.0226498 | 124.68 | 0 | 217
PACZ | kNN_10 | 8 | 10 | 104899590300 | 0.0720024 | 124.68 | 0 | 642
PACZ | kNN_10 | 9 | 10 | 137276677338 | 0.0183582 | 124.68 | 0 | 142
PACZ | kNN_10 | 10 | 10 | 120068963775 | 0.0286897 | 124.68 | 0 | 275
PACZ | kNN_10 | 11 | 10 | 122151773076 | 0.0557105 | 124.68 | 0 | 489
PACZ | kNN_10 | 12 | 10 | 123294241932 | 0.0336965 | 124.68 | 0 | 308
PACZ | kNN_10 | 13 | 10 | 123022903965 | 0.041008 | 124.68 | 0 | 372
PACZ | kNN_10 | 14 | 10 | 90514228944 | 0.05428 | 124.68 | 0 | 571
PACZ | kNN_10 | 15 | 10 | 119248641054 | 0.0356833 | 124.68 | 0 | 300
PACZ | kNN_10 | 16 | 10 | 119248171233 | 0.0279744 | 124.68 | 0 | 279
PACZ | kNN_10 | 17 | 10 | 103793882694 | 0.0299613 | 124.68 | 0 | 265
PACZ | kNN_10 | 18 | 10 | 90150469923 | 0.0182788 | 124.68 | 0 | 183
PACZ | kNN_10 | 19 | 10 | 155424768159 | 0.0372728 | 124.68 | 0 | 396
PACZ | kNN_10 | 20 | 10 | 93977224239 | 0.0402927 | 124.68 | 0 | 445
PACZ | kNN_10 | 21 | 10 | 138917140494 | 0.0243187 | 124.68 | 0 | 193
PACZ | kNN_10 | 22 | 10 | 127850321682 | 0.0247161 | 124.68 | 0 | 241
PACZ | kNN_10 | 23 | 10 | 141806285853 | 0.0413259 | 124.68 | 0 | 379
PACZ | kNN_10 | 24 | 10 | 93777519525 | 0.0490348 | 124.68 | 0 | 465
PACZ | kNN_10 | 25 | 10 | 125386854660 | 0.0367165 | 124.68 | 0 | 326
PACZ | kNN_10 | 26 | 10 | 59430821763 | 0.0387033 | 124.68 | 0 | 386
PACZ | kNN_10 | 27 | 10 | 64153496322 | 0.0256697 | 124.68 | 0 | 250
PACZ | kNN_10 | 28 | 10 | 90129496746 | 0.0260671 | 124.68 | 0 | 226
PACZ | kNN_10 | 29 | 10 | 122863673781 | 0.0393391 | 124.68 | 0 | 364
PACZ | kNN_10 | 30 | 10 | 90097710879 | 0.0593662 | 124.68 | 0 | 461
PACZ | kNN_10 | 31 | 10 | 126371085672 | 0.0303586 | 124.68 | 0 | 290
PACZ | kNN_10 | 32 | 10 | 124994218341 | 0.025034 | 124.68 | 0 | 302
PACZ | kNN_10 | 33 | 10 | 131551038615 | 0.0320276 | 124.68 | 0 | 272
PACZ | kNN_10 | 34 | 10 | 90137977635 | 0.026385 | 124.68 | 0 | 255
PACZ | kNN_10 | 35 | 10 | 9502367565 | 0.00564257 | 124.68 | 0 | 80
PACZ | kNN_10 | 36 | 10 | 102452738961 | 0.0323455 | 124.68 | 0 | 294
PACZ | kNN_10 | 37 | 10 | 103644070374 | 0.0313123 | 124.68 | 0 | 305
PACZ | kNN_10 | 38 | 10 | 124355671548 | 0.0206629 | 124.68 | 0 | 233
PACZ | kNN_10 | 39 | 10 | 121767628752 | 0.0326633 | 124.68 | 0 | 297
PACZ | kNN_10 | 40 | 10 | 125386890204 | 0.0306765 | 124.68 | 0 | 294
PACZ | kNN_10 | 41 | 10 | 120440019381 | 0.0286102 | 124.68 | 0 | 266
PACZ | kNN_10 | 42 | 10 | 123091886517 | 0.0323455 | 124.68 | 0 | 342
PACZ | kNN_10 | 43 | 10 | 141846455985 | 0.0393391 | 124.68 | 0 | 364
PACZ | kNN_10 | 44 | 10 | 120353840409 | 0.0553926 | 124.68 | 0 | 514
PACZ | kNN_10 | 45 | 10 | 126362595021 | 0.0549952 | 124.68 | 0 | 527
PACZ | kNN_10 | 46 | 10 | 124014229461 | 0.0230471 | 124.68 | 0 | 274
PACZ | kNN_10 | 47 | 10 | 102454168188 | 0.0259876 | 124.68 | 0 | 286
PACZ | kNN_10 | 48 | 10 | 131544384711 | 0.0299613 | 124.68 | 0 | 266
PACZ | kNN_10 | 49 | 10 | 141434623239 | 0.0313123 | 124.68 | 0 | 322
PACZ | kNN_10 | 50 | 10 | 86800473768 | 0.0446637 | 124.68 | 0 | 454
PACZ | kNN_10 | 51 | 10 | 129082935690 | 0.0383059 | 124.68 | 0 | 410
PACZ | kNN_10 | 52 | 10 | 135635105280 | 0.0486374 | 124.68 | 0 | 463
PACZ | kNN_10 | 53 | 10 | 105332829267 | 0.0449816 | 124.68 | 0 | 491
PACZ | kNN_10 | 54 | 10 | 70884466536 | 0.0103315 | 124.68 | 0 | 119
PACZ | kNN_10 | 55 | 10 | 84653464872 | 0.0213782 | 124.68 | 0 | 261
PACZ | kNN_10 | 56 | 10 | 95520555024 | 0.0230471 | 124.68 | 0 | 226
PACZ | kNN_10 | 57 | 10 | 104729751030 | 0.0350475 | 124.68 | 0 | 300
PACZ | kNN_10 | 58 | 10 | 69368251335 | 0.0226498 | 124.68 | 0 | 298
PACZ | kNN_10 | 59 | 10 | 129979168968 | 0.0676314 | 124.68 | 0 | 601
PACZ | kNN_10 | 60 | 10 | 156354187902 | 0.0442664 | 124.68 | 0 | 351
PACZ | kNN_10 | 61 | 10 | 116158285413 | 0.0226498 | 124.68 | 0 | 200
PACZ | kNN_10 | 62 | 10 | 126294067674 | 0.0469685 | 124.68 | 0 | 468
PACZ | kNN_10 | 63 | 10 | 44012736231 | 0.0570615 | 124.68 | 0 | 562
PACZ | kNN_10 | 64 | 10 | 104731658586 | 0.0290076 | 124.68 | 0 | 277
PACZ | kNN_10 | 65 | 10 | 120441003225 | 0.0326633 | 124.68 | 0 | 308
PACZ | kNN_10 | 66 | 10 | 129975659484 | 0.0566641 | 124.68 | 0 | 563
PACZ | kNN_10 | 67 | 10 | 149030115264 | 0.0416438 | 124.68 | 0 | 443
PACZ | kNN_10 | 68 | 10 | 120102931503 | 0.0496705 | 124.68 | 0 | 477
PACZ | kNN_10 | 69 | 10 | 130078401639 | 0.0460148 | 124.68 | 0 | 491
PACZ | kNN_10 | 70 | 10 | 99236382927 | 0.0383059 | 124.68 | 0 | 438
PACZ | kNN_10 | 71 | 10 | 105661071633 | 0.0306765 | 124.68 | 0 | 325
PACZ | kNN_10 | 72 | 10 | 137860261947 | 0.0269413 | 124.68 | 0 | 302
PACZ | kNN_10 | 73 | 10 | 119757321435 | 0.0269413 | 124.68 | 0 | 297
PACZ | kNN_10 | 74 | 10 | 139850045835 | 0.0509421 | 124.68 | 0 | 518
PACZ | kNN_10 | 75 | 10 | 129873276672 | 0.0507037 | 124.68 | 0 | 533
PACZ | kNN_10 | 76 | 10 | 140788260531 | 0.0370344 | 124.68 | 0 | 380
PACZ | kNN_10 | 77 | 10 | 123289079064 | 0.0340144 | 124.68 | 0 | 304
PACZ | kNN_10 | 78 | 10 | 111953780790 | 0.018994 | 124.68 | 0 | 219
PACZ | kNN_10 | 79 | 10 | 158687587755 | 0.0273387 | 124.68 | 0 | 315
PACZ | kNN_10 | 80 | 10 | 126430441227 | 0.0360012 | 124.68 | 0 | 337
PACZ | kNN_10 | 81 | 10 | 120454422531 | 0.0240008 | 124.68 | 0 | 244
PACZ | kNN_10 | 82 | 10 | 112823723100 | 0.0182788 | 124.68 | 0 | 224
PACZ | kNN_10 | 83 | 10 | 132469524678 | 0.0246366 | 124.68 | 0 | 240
PACZ | kNN_10 | 84 | 10 | 125463179790 | 0.0317097 | 124.68 | 0 | 341
PACZ | kNN_10 | 85 | 10 | 112548870084 | 0.0483195 | 124.68 | 0 | 449
PACZ | kNN_10 | 86 | 10 | 111953570826 | 0.0170072 | 124.68 | 0 | 207
PACZ | kNN_10 | 87 | 10 | 119307554907 | 0.036637 | 124.68 | 0 | 318
PACZ | kNN_10 | 88 | 10 | 118803606540 | 0.0296434 | 124.68 | 0 | 370
PACZ | kNN_10 | 89 | 10 | 139809122076 | 0.0389417 | 124.68 | 0 | 415
PACZ | kNN_10 | 90 | 10 | 124174215075 | 0.0439485 | 124.68 | 0 | 479
PACZ | kNN_10 | 91 | 10 | 123240173190 | 0.0356038 | 124.68 | 0 | 347
PACZ | kNN_10 | 92 | 10 | 129842941965 | 0.0212987 | 124.68 | 0 | 224
PACZ | kNN_10 | 93 | 10 | 138383073792 | 0.018994 | 124.68 | 0 | 184
PACZ | kNN_10 | 94 | 10 | 138582978615 | 0.0230471 | 124.68 | 0 | 233
PACZ | kNN_10 | 95 | 10 | 120070201998 | 0.0360012 | 124.68 | 0 | 365
PACZ | kNN_10 | 96 | 10 | 98264486145 | 0.0203451 | 124.68 | 0 | 220
PACZ | kNN_10 | 97 | 10 | 104281773690 | 0.0309944 | 124.68 | 0 | 263
PACZ | kNN_10 | 98 | 10 | 107800186548 | 0.0329812 | 124.68 | 0 | 347
PACZ | kNN_10 | 99 | 10 | 44019669402 | 0.0193914 | 124.68 | 0 | 196
PACZ | kNN_100 | 0 | 100 | 596054462073 | 0.166019 | 124.68 | 0 | 463
PACZ | kNN_100 | 1 | 100 | 1231801210191 | 0.231663 | 124.68 | 0 | 624
PACZ | kNN_100 | 2 | 100 | 1133746723293 | 0.347694 | 124.68 | 0 | 991
PACZ | kNN_100 | 3 | 100 | 960637123452 | 0.239054 | 124.68 | 0 | 589
PACZ | kNN_100 | 4 | 100 | 1233468008499 | 0.238339 | 124.68 | 0 | 636
PACZ | kNN_100 | 5 | 100 | 777412980918 | 0.0463327 | 124.68 | 0 | 127
PACZ | kNN_100 | 6 | 100 | 1237080349713 | 0.220696 | 124.68 | 0 | 591
PACZ | kNN_100 | 7 | 100 | 933932217705 | 0.166337 | 124.68 | 0 | 388
PACZ | kNN_100 | 8 | 100 | 1054705251147 | 0.395298 | 124.68 | 0 | 1219
PACZ | kNN_100 | 9 | 100 | 1372767078954 | 0.0963211 | 124.68 | 0 | 247
PACZ | kNN_100 | 10 | 100 | 1200689619780 | 0.170072 | 124.68 | 0 | 437
PACZ | kNN_100 | 11 | 100 | 1185645685878 | 0.313997 | 124.68 | 0 | 964
PACZ | kNN_100 | 12 | 100 | 1232942501853 | 0.237385 | 124.68 | 0 | 571
PACZ | kNN_100 | 13 | 100 | 1224940116423 | 0.226657 | 124.68 | 0 | 652
PACZ | kNN_100 | 14 | 100 | 880775080695 | 0.307004 | 124.68 | 0 | 986
PACZ | kNN_100 | 15 | 100 | 1200364310823 | 0.178655 | 124.68 | 0 | 476
PACZ | kNN_100 | 16 | 100 | 1192473696249 | 0.143369 | 124.68 | 0 | 411
PACZ | kNN_100 | 17 | 100 | 1037938823478 | 0.178655 | 124.68 | 0 | 492
PACZ | kNN_100 | 18 | 100 | 895664742150 | 0.133276 | 124.68 | 0 | 364
PACZ | kNN_100 | 19 | 100 | 1402964292906 | 0.259956 | 124.68 | 0 | 761
PACZ | kNN_100 | 20 | 100 | 988757061471 | 0.315348 | 124.68 | 0 | 899
PACZ | kNN_100 | 21 | 100 | 1388658284463 | 0.127713 | 124.68 | 0 | 323
PACZ | kNN_100 | 22 | 100 | 908624070813 | 0.178019 | 124.68 | 0 | 453
PACZ | kNN_100 | 23 | 100 | 1409720270838 | 0.275373 | 124.68 | 0 | 675
PACZ | kNN_100 | 24 | 100 | 1150939431078 | 0.307639 | 124.68 | 0 | 927
PACZ | kNN_100 | 25 | 100 | 1253868354585 | 0.256062 | 124.68 | 0 | 621
PACZ | kNN_100 | 26 | 100 | 640180287630 | 0.245651 | 124.68 | 0 | 756
PACZ | kNN_100 | 27 | 100 | 991510449123 | 0.136296 | 124.68 | 0 | 422
PACZ | kNN_100 | 28 | 100 | 901294924101 | 0.26234 | 124.68 | 0 | 437
PACZ | kNN_100 | 29 | 100 | 1229721583302 | 0.21704 | 124.68 | 0 | 645
PACZ | kNN_100 | 30 | 100 | 901006975188 | 0.301997 | 124.68 | 0 | 830
PACZ | kNN_100 | 31 | 100 | 1163473689384 | 0.192324 | 124.68 | 0 | 517
PACZ | kNN_100 | 32 | 100 | 1365367174899 | 0.183662 | 124.68 | 0 | 527
PACZ | kNN_100 | 33 | 100 | 1328727453174 | 0.219981 | 124.68 | 0 | 559
PACZ | kNN_100 | 34 | 100 | 901376495250 | 0.179609 | 124.68 | 0 | 507
PACZ | kNN_100 | 35 | 100 | 95010334971 | 0.0530084 | 124.68 | 0 | 158
PACZ | kNN_100 | 36 | 100 | 1024527500466 | 0.199954 | 124.68 | 0 | 544
PACZ | kNN_100 | 37 | 100 | 1036452869766 | 0.197331 | 124.68 | 0 | 522
PACZ | kNN_100 | 38 | 100 | 1246644363210 | 0.161727 | 124.68 | 0 | 427
PACZ | kNN_100 | 39 | 100 | 1217676309468 | 0.226657 | 124.68 | 0 | 543
PACZ | kNN_100 | 40 | 100 | 1253868403125 | 0.231663 | 124.68 | 0 | 608
PACZ | kNN_100 | 41 | 100 | 1176832643544 | 0.175635 | 124.68 | 0 | 477
PACZ | kNN_100 | 42 | 100 | 1230918845808 | 0.209332 | 124.68 | 0 | 607
PACZ | kNN_100 | 43 | 100 | 1419553080249 | 0.237306 | 124.68 | 0 | 666
PACZ | kNN_100 | 44 | 100 | 1199038884663 | 0.341018 | 124.68 | 0 | 964
PACZ | kNN_100 | 45 | 100 | 1263626600985 | 0.349045 | 124.68 | 0 | 992
PACZ | kNN_100 | 46 | 100 | 1193105489892 | 0.150681 | 124.68 | 0 | 507
PACZ | kNN_100 | 47 | 100 | 1024541666598 | 0.188351 | 124.68 | 0 | 522
PACZ | kNN_100 | 48 | 100 | 1306582848030 | 0.212987 | 124.68 | 0 | 533
PACZ | kNN_100 | 49 | 100 | 1397694253725 | 0.199318 | 124.68 | 0 | 523
PACZ | kNN_100 | 50 | 100 | 1200338417529 | 0.291268 | 124.68 | 0 | 811
PACZ | kNN_100 | 51 | 100 | 1292289573282 | 0.284672 | 124.68 | 0 | 807
PACZ | kNN_100 | 52 | 100 | 1357287047235 | 0.308673 | 124.68 | 0 | 829
PACZ | kNN_100 | 53 | 100 | 1174124436477 | 0.295957 | 124.68 | 0 | 975
PACZ | kNN_100 | 54 | 100 | 708844675575 | 0.0683467 | 124.68 | 0 | 191
PACZ | kNN_100 | 55 | 100 | 1086639490482 | 0.152349 | 124.68 | 0 | 499
PACZ | kNN_100 | 56 | 100 | 808767114132 | 0.187 | 124.68 | 0 | 457
PACZ | kNN_100 | 57 | 100 | 1063073597529 | 0.193357 | 124.68 | 0 | 488
PACZ | kNN_100 | 58 | 100 | 811320842727 | 0.15672 | 124.68 | 0 | 528
PACZ | kNN_100 | 59 | 100 | 1137631808724 | 0.415643 | 124.68 | 0 | 1109
PACZ | kNN_100 | 60 | 100 | 1472673046779 | 0.224988 | 124.68 | 0 | 566
PACZ | kNN_100 | 61 | 100 | 977618914020 | 0.166337 | 124.68 | 0 | 421
PACZ | kNN_100 | 62 | 100 | 1262940479631 | 0.324965 | 124.68 | 0 | 958
PACZ | kNN_100 | 63 | 100 | 490137020715 | 0.369628 | 124.68 | 0 | 1139
PACZ | kNN_100 | 64 | 100 | 1047303946920 | 0.176668 | 124.68 | 0 | 467
PACZ | kNN_100 | 65 | 100 | 1204052494251 | 0.187953 | 124.68 | 0 | 478
PACZ | kNN_100 | 66 | 100 | 1157870640696 | 0.415643 | 124.68 | 0 | 1065
PACZ | kNN_100 | 67 | 100 | 1437435917943 | 0.252644 | 124.68 | 0 | 808
PACZ | kNN_100 | 68 | 100 | 1236558579825 | 0.333707 | 124.68 | 0 | 887
PACZ | kNN_100 | 69 | 100 | 1288640956140 | 0.301997 | 124.68 | 0 | 871
PACZ | kNN_100 | 70 | 100 | 1201461794904 | 0.321627 | 124.68 | 0 | 867
PACZ | kNN_100 | 71 | 100 | 1062984127116 | 0.224352 | 124.68 | 0 | 682
PACZ | kNN_100 | 72 | 100 | 1090046814690 | 0.176271 | 124.68 | 0 | 558
PACZ | kNN_100 | 73 | 100 | 1322244816255 | 0.156641 | 124.68 | 0 | 421
PACZ | kNN_100 | 74 | 100 | 1398877306743 | 0.345707 | 124.68 | 0 | 975
PACZ | kNN_100 | 75 | 100 | 1238895679887 | 0.361681 | 124.68 | 0 | 1034
PACZ | kNN_100 | 76 | 100 | 1407882600927 | 0.250022 | 124.68 | 0 | 658
PACZ | kNN_100 | 77 | 100 | 1232890737573 | 0.214338 | 124.68 | 0 | 574
PACZ | kNN_100 | 78 | 100 | 1018055584257 | 0.136296 | 124.68 | 0 | 388
PACZ | kNN_100 | 79 | 100 | 1505440659174 | 0.223001 | 124.68 | 0 | 546
PACZ | kNN_100 | 80 | 100 | 1264302531258 | 0.23969 | 124.68 | 0 | 637
PACZ | kNN_100 | 81 | 100 | 1204544199207 | 0.153701 | 124.68 | 0 | 380
PACZ | kNN_100 | 82 | 100 | 1241223742554 | 0.120958 | 124.68 | 0 | 327
PACZ | kNN_100 | 83 | 100 | 1354634672643 | 0.176986 | 124.68 | 0 | 464
PACZ | kNN_100 | 84 | 100 | 1254631689090 | 0.209014 | 124.68 | 0 | 632
PACZ | kNN_100 | 85 | 100 | 1148765161965 | 0.295321 | 124.68 | 0 | 855
PACZ | kNN_100 | 86 | 100 | 1184051137062 | 0.132004 | 124.68 | 0 | 390
PACZ | kNN_100 | 87 | 100 | 1193075313873 | 0.206629 | 124.68 | 0 | 582
PACZ | kNN_100 | 88 | 100 | 1188039987579 | 0.257969 | 124.68 | 0 | 781
PACZ | kNN_100 | 89 | 100 | 1398068957469 | 0.279665 | 124.68 | 0 | 765
PACZ | kNN_100 | 90 | 100 | 1249860936057 | 0.307004 | 124.68 | 0 | 956
PACZ | kNN_100 | 91 | 100 | 1232499557280 | 0.265678 | 124.68 | 0 | 678
PACZ | kNN_100 | 92 | 100 | 1342328196405 | 0.132958 | 124.68 | 0 | 368
PACZ | kNN_100 | 93 | 100 | 1383832598679 | 0.104745 | 124.68 | 0 | 272
PACZ | kNN_100 | 94 | 100 | 1385829454632 | 0.156641 | 124.68 | 0 | 422
PACZ | kNN_100 | 95 | 100 | 1200701947122 | 0.21863 | 124.68 | 0 | 632
PACZ | kNN_100 | 96 | 100 | 1137983238174 | 0.116269 | 124.68 | 0 | 295
PACZ | kNN_100 | 97 | 100 | 1016721940407 | 0.174681 | 124.68 | 0 | 424
PACZ | kNN_100 | 98 | 100 | 1133457642336 | 0.223319 | 124.68 | 0 | 651
PACZ | kNN_100 | 99 | 100 | 440196693855 | 0.137965 | 124.68 | 0 | 372
