Algo | QType | QID | Count | Hash | Time_ms | Mem_Tree_MB | Mem_Delta_MB | Nodes
PACZ | Range_Small | 0 | 1290 | 10912304665665 | 0.0393391 | 111.611 | 0 | 387
PACZ | Range_Small | 1 | 3181 | 39641961842949 | 0.052611 | 111.611 | 0 | 603
PACZ | Range_Small | 2 | 295 | 1893076902531 | 0.0193119 | 111.611 | 0 | 231
PACZ | Range_Small | 3 | 2714 | 24341447562786 | 0.0346502 | 111.611 | 0 | 469
PACZ | Range_Small | 4 | 14974 | 183389719299000 | 0.229994 | 111.611 | 0 | 1841
PACZ | Range_Small | 5 | 11035 | 135961158880734 | 0.138998 | 111.611 | 0 | 1441
PACZ | Range_Small | 6 | 472 | 5574342557346 | 0.0197093 | 111.611 | 0 | 325
PACZ | Range_Small | 7 | 597 | 6116992839837 | 0.0166893 | 111.611 | 0 | 343
PACZ | Range_Small | 8 | 79 | 1046932079370 | 0.00739098 | 111.611 | 0 | 191
PACZ | Range_Small | 9 | 205 | 3020257211412 | 0.00898043 | 111.611 | 0 | 225
PACZ | Range_Small | 10 | 3822 | 46586711418093 | 0.0529289 | 111.611 | 0 | 657
PACZ | Range_Small | 11 | 1945 | 23516956533687 | 0.0286897 | 111.611 | 0 | 445
PACZ | Range_Small | 12 | 762 | 9550018155132 | 0.0200272 | 111.611 | 0 | 307
PACZ | Range_Small | 13 | 24 | 191910246864 | 0.00794729 | 111.611 | 0 | 129
PACZ | Range_Small | 14 | 2796 | 34258023160878 | 0.039657 | 111.611 | 0 | 469
PACZ | Range_Small | 15 | 541 | 7426624693335 | 0.0203451 | 111.611 | 0 | 255
PACZ | Range_Small | 16 | 795 | 9523080002439 | 0.015974 | 111.611 | 0 | 239
PACZ | Range_Small | 17 | 756 | 9098399707359 | 0.0112851 | 111.611 | 0 | 241
PACZ | Range_Small | 18 | 1266 | 17822661997332 | 0.033617 | 111.611 | 0 | 393
PACZ | Range_Small | 19 | 464 | 3828610684965 | 0.0112851 | 111.611 | 0 | 249
PACZ | Range_Small | 20 | 1870 | 23305263555678 | 0.0363191 | 111.611 | 0 | 459
PACZ | Range_Small | 21 | 665 | 8076585296340 | 0.0133514 | 111.611 | 0 | 269
PACZ | Range_Small | 22 | 1708 | 23874083453844 | 0.0270208 | 111.611 | 0 | 321
PACZ | Range_Small | 23 | 19 | 134680520763 | 0.00429153 | 111.611 | 0 | 151
PACZ | Range_Small | 24 | 9 | 88971650115 | 0.00373522 | 111.611 | 0 | 109
PACZ | Range_Small | 25 | 3966 | 48589523829090 | 0.0770092 | 111.611 | 0 | 701
PACZ | Range_Small | 26 | 445 | 4134292622982 | 0.0100136 | 111.611 | 0 | 219
PACZ | Range_Small | 27 | 430 | 1953055395729 | 0.0133514 | 111.611 | 0 | 225
PACZ | Range_Small | 28 | 2198 | 22740144863712 | 0.036637 | 111.611 | 0 | 529
PACZ | Range_Small | 29 | 15705 | 184461338451336 | 0.191689 | 111.611 | 0 | 1923
PACZ | Range_Small | 30 | 4069 | 54069841377894 | 0.0513395 | 111.611 | 0 | 545
PACZ | Range_Small | 31 | 135 | 1195805177019 | 0.00667572 | 111.611 | 0 | 211
PACZ | Range_Small | 32 | 205 | 2908769410125 | 0.00802676 | 111.611 | 0 | 221
PACZ | Range_Small | 33 | 1136 | 11905069680573 | 0.0323455 | 111.611 | 0 | 343
PACZ | Range_Small | 34 | 14 | 89698871328 | 0.00230471 | 111.611 | 0 | 89
PACZ | Range_Small | 35 | 1733 | 20871167144121 | 0.0256697 | 111.611 | 0 | 431
PACZ | Range_Small | 36 | 241 | 2814548556465 | 0.00802676 | 111.611 | 0 | 207
PACZ | Range_Small | 37 | 161 | 2030604187836 | 0.00667572 | 111.611 | 0 | 157
PACZ | Range_Small | 38 | 929 | 12632422227573 | 0.0163714 | 111.611 | 0 | 339
PACZ | Range_Small | 39 | 1756 | 22107172836393 | 0.0266234 | 111.611 | 0 | 379
PACZ | Range_Small | 40 | 504 | 5879209849656 | 0.00929832 | 111.611 | 0 | 225
PACZ | Range_Small | 41 | 5620 | 66666064731732 | 0.0720024 | 111.611 | 0 | 899
PACZ | Range_Small | 42 | 538 | 5518563003081 | 0.0162919 | 111.611 | 0 | 283
PACZ | Range_Small | 43 | 10122 | 124016392162518 | 0.12366 | 111.611 | 0 | 1375
PACZ | Range_Small | 44 | 1040 | 12925424880909 | 0.0303586 | 111.611 | 0 | 327
PACZ | Range_Small | 45 | 700 | 8537968967532 | 0.0153383 | 111.611 | 0 | 265
PACZ | Range_Small | 46 | 635 | 6538115985513 | 0.0177224 | 111.611 | 0 | 325
PACZ | Range_Small | 47 | 144 | 1822715090724 | 0.00564257 | 111.611 | 0 | 179
PACZ | Range_Small | 48 | 540 | 5585983633779 | 0.0196298 | 111.611 | 0 | 303
PACZ | Range_Small | 49 | 18317 | 215428487505387 | 0.219345 | 111.611 | 0 | 2141
PACZ | Range_Small | 50 | 1308 | 19750434885576 | 0.0296434 | 111.611 | 0 | 371
PACZ | Range_Small | 51 | 817 | 11105480245059 | 0.0129541 | 111.611 | 0 | 261
PACZ | Range_Small | 52 | 1004 | 13787597418720 | 0.0166098 | 111.611 | 0 | 289
PACZ | Range_Small | 53 | 1086 | 13536338419758 | 0.0212987 | 111.611 | 0 | 325
PACZ | Range_Small | 54 | 58 | 813504962073 | 0.00564257 | 111.611 | 0 | 159
PACZ | Range_Small | 55 | 533 | 6221001253326 | 0.0150204 | 111.611 | 0 | 229
PACZ | Range_Small | 56 | 831 | 10662201200460 | 0.0179609 | 111.611 | 0 | 295
PACZ | Range_Small | 57 | 1559 | 21854632579800 | 0.0223319 | 111.611 | 0 | 419
PACZ | Range_Small | 58 | 5619 | 65992966197933 | 0.0762939 | 111.611 | 0 | 879
PACZ | Range_Small | 59 | 59 | 745265216934 | 0.00929832 | 111.611 | 0 | 231
PACZ | Range_Small | 60 | 1320 | 16269937015587 | 0.0212987 | 111.611 | 0 | 367
PACZ | Range_Small | 61 | 504 | 5560480022589 | 0.0219345 | 111.611 | 0 | 269
PACZ | Range_Small | 62 | 15666 | 190466852952180 | 0.213941 | 111.611 | 0 | 1941
PACZ | Range_Small | 63 | 505 | 6456866293464 | 0.0123183 | 111.611 | 0 | 267
PACZ | Range_Small | 64 | 465 | 6585073203270 | 0.0123183 | 111.611 | 0 | 267
PACZ | Range_Small | 65 | 2497 | 31145312320671 | 0.037988 | 111.611 | 0 | 539
PACZ | Range_Small | 66 | 2934 | 36552666286524 | 0.0519753 | 111.611 | 0 | 587
PACZ | Range_Small | 67 | 89 | 943225548555 | 0.00564257 | 111.611 | 0 | 169
PACZ | Range_Small | 68 | 875 | 11326740290913 | 0.0143846 | 111.611 | 0 | 287
PACZ | Range_Small | 69 | 1265 | 13246213205628 | 0.0306765 | 111.611 | 0 | 349
PACZ | Range_Small | 70 | 796 | 10095678266148 | 0.022014 | 111.611 | 0 | 349
PACZ | Range_Small | 71 | 4050 | 49748242274178 | 0.0666777 | 111.611 | 0 | 689
PACZ | Range_Small | 72 | 275 | 3235161334998 | 0.0093778 | 111.611 | 0 | 223
PACZ | Range_Small | 73 | 4308 | 57769440669618 | 0.0496705 | 111.611 | 0 | 599
PACZ | Range_Small | 74 | 86 | 1134092261205 | 0.0110467 | 111.611 | 0 | 185
PACZ | Range_Small | 75 | 903 | 12495663383574 | 0.0150204 | 111.611 | 0 | 291
PACZ | Range_Small | 76 | 16106 | 190570366136640 | 0.160694 | 111.611 | 0 | 1891
PACZ | Range_Small | 77 | 2521 | 32818890508416 | 0.0302792 | 111.611 | 0 | 395
PACZ | Range_Small | 78 | 1202 | 17241354991278 | 0.0197093 | 111.611 | 0 | 331
PACZ | Range_Small | 79 | 3036 | 32661713166162 | 0.0493526 | 111.611 | 0 | 745
PACZ | Range_Small | 80 | 2892 | 34572441673143 | 0.0320276 | 111.611 | 0 | 461
PACZ | Range_Small | 81 | 199 | 3043005414249 | 0.0100136 | 111.611 | 0 | 151
PACZ | Range_Small | 82 | 321 | 3791307188121 | 0.00826518 | 111.611 | 0 | 219
PACZ | Range_Small | 83 | 652 | 7632274864428 | 0.0162919 | 111.611 | 0 | 249
PACZ | Range_Small | 84 | 693 | 9586370749050 | 0.0110467 | 111.611 | 0 | 227
PACZ | Range_Small | 85 | 1437 | 17017086623478 | 0.022014 | 111.611 | 0 | 369
PACZ | Range_Small | 86 | 480 | 6297513132264 | 0.00961622 | 111.611 | 0 | 267
PACZ | Range_Small | 87 | 150 | 1343591706135 | 0.0073115 | 111.611 | 0 | 189
PACZ | Range_Small | 88 | 12518 | 145002998924310 | 0.118017 | 111.611 | 0 | 1651
PACZ | Range_Small | 89 | 523 | 6205839414330 | 0.00834465 | 111.611 | 0 | 223
PACZ | Range_Small | 90 | 455 | 6347551122681 | 0.0103315 | 111.611 | 0 | 233
PACZ | Range_Small | 91 | 2101 | 26563793410593 | 0.0223319 | 111.611 | 0 | 381
PACZ | Range_Small | 92 | 2193 | 21828658204767 | 0.0296434 | 111.611 | 0 | 475
PACZ | Range_Small | 93 | 457 | 5572325138523 | 0.0100136 | 111.611 | 0 | 265
PACZ | Range_Small | 94 | 301 | 2759091595683 | 0.00739098 | 111.611 | 0 | 201
PACZ | Range_Small | 95 | 57 | 640249238736 | 0.00532468 | 111.611 | 0 | 159
PACZ | Range_Small | 96 | 442 | 5276804800842 | 0.00699361 | 111.611 | 0 | 179
PACZ | Range_Small | 97 | 1545 | 17907910750062 | 0.0240008 | 111.611 | 0 | 415
PACZ | Range_Small | 98 | 567 | 7473047850987 | 0.0136693 | 111.611 | 0 | 271
PACZ | Range_Small | 99 | 278 | 3003787294326 | 0.0110467 | 111.611 | 0 | 235
PACZ | Range_Medium | 0 | 4076 | 31598049190239 | 0.0429948 | 111.611 | 0 | 563
PACZ | Range_Medium | 1 | 19592 | 226781845029057 | 0.196298 | 111.611 | 0 | 2113
PACZ | Range_Medium | 2 | 17293 | 210398761193385 | 0.168006 | 111.611 | 0 | 1995
PACZ | Range_Medium | 3 | 8669 | 101820189176322 | 0.089407 | 111.611 | 0 | 921
PACZ | Range_Medium | 4 | 4555 | 28635818765190 | 0.0720024 | 111.611 | 0 | 653
PACZ | Range_Medium | 5 | 81973 | 968345362941657 | 0.957727 | 111.611 | 0 | 7969
PACZ | Range_Medium | 6 | 13212 | 172039150782462 | 0.112295 | 111.611 | 0 | 1349
PACZ | Range_Medium | 7 | 9278 | 103655029490007 | 0.0940164 | 111.611 | 0 | 999
PACZ | Range_Medium | 8 | 56667 | 594218604992382 | 0.535647 | 111.611 | 0 | 5131
PACZ | Range_Medium | 9 | 12226 | 138943207348218 | 0.109673 | 111.611 | 0 | 1325
PACZ | Range_Medium | 10 | 1544 | 16122585146943 | 0.0256697 | 111.611 | 0 | 391
PACZ | Range_Medium | 11 | 8974 | 100879478815005 | 0.0762939 | 111.611 | 0 | 991
PACZ | Range_Medium | 12 | 3021 | 38394229759662 | 0.0303586 | 111.611 | 0 | 473
PACZ | Range_Medium | 13 | 6553 | 77589044960256 | 0.0680288 | 111.611 | 0 | 843
PACZ | Range_Medium | 14 | 40540 | 567667286890068 | 0.371695 | 111.611 | 0 | 3847
PACZ | Range_Medium | 15 | 47226 | 571988923031598 | 0.457684 | 111.611 | 0 | 4253
PACZ | Range_Medium | 16 | 13852 | 156354491738304 | 0.128349 | 111.611 | 0 | 1541
PACZ | Range_Medium | 17 | 37957 | 426577674649329 | 0.367006 | 111.611 | 0 | 3817
PACZ | Range_Medium | 18 | 57068 | 581945686683966 | 0.541687 | 111.611 | 0 | 5365
PACZ | Range_Medium | 19 | 4846 | 52727598776451 | 0.0463327 | 111.611 | 0 | 627
PACZ | Range_Medium | 20 | 3836 | 29016822285666 | 0.0383854 | 111.611 | 0 | 531
PACZ | Range_Medium | 21 | 40301 | 522530447632047 | 0.37233 | 111.611 | 0 | 3685
PACZ | Range_Medium | 22 | 90682 | 1076128295982111 | 1.08997 | 111.611 | 0 | 8457
PACZ | Range_Medium | 23 | 36924 | 445899884618625 | 0.359058 | 111.611 | 0 | 3563
PACZ | Range_Medium | 24 | 8287 | 96980346246891 | 0.078996 | 111.611 | 0 | 861
PACZ | Range_Medium | 25 | 20702 | 228318669151836 | 0.213623 | 111.611 | 0 | 2161
PACZ | Range_Medium | 26 | 39518 | 443505686238846 | 0.376701 | 111.611 | 0 | 3765
PACZ | Range_Medium | 27 | 9779 | 116234562132195 | 0.101725 | 111.611 | 0 | 1141
PACZ | Range_Medium | 28 | 17742 | 209001346386651 | 0.187318 | 111.611 | 0 | 1933
PACZ | Range_Medium | 29 | 27545 | 331232765850276 | 0.263373 | 111.611 | 0 | 2719
PACZ | Range_Medium | 30 | 8174 | 84553826012850 | 0.0883738 | 111.611 | 0 | 985
PACZ | Range_Medium | 31 | 15225 | 182862403242363 | 0.144402 | 111.611 | 0 | 1625
PACZ | Range_Medium | 32 | 2580 | 30974589748455 | 0.0286897 | 111.611 | 0 | 367
PACZ | Range_Medium | 33 | 6855 | 57726189407424 | 0.0726382 | 111.611 | 0 | 891
PACZ | Range_Medium | 34 | 34629 | 428533493483295 | 0.377655 | 111.611 | 0 | 3521
PACZ | Range_Medium | 35 | 37210 | 495077436870819 | 0.394742 | 111.611 | 0 | 3641
PACZ | Range_Medium | 36 | 86430 | 1017876129796449 | 1.07702 | 111.611 | 0 | 8293
PACZ | Range_Medium | 37 | 10971 | 128164860601815 | 0.119686 | 111.611 | 0 | 1261
PACZ | Range_Medium | 38 | 22017 | 260122176092817 | 0.247002 | 111.611 | 0 | 2331
PACZ | Range_Medium | 39 | 34467 | 381372838353924 | 0.370979 | 111.611 | 0 | 3291
PACZ | Range_Medium | 40 | 89790 | 1068418760182467 | 1.08997 | 111.611 | 0 | 8401
PACZ | Range_Medium | 41 | 50652 | 520819528462767 | 0.571012 | 111.611 | 0 | 4743
PACZ | Range_Medium | 42 | 27960 | 384799451321787 | 0.304699 | 111.611 | 0 | 2841
PACZ | Range_Medium | 43 | 89600 | 1058940474072141 | 1.13996 | 111.611 | 0 | 8383
PACZ | Range_Medium | 44 | 3686 | 50370044066034 | 0.0466506 | 111.611 | 0 | 579
PACZ | Range_Medium | 45 | 13103 | 174451476744795 | 0.157674 | 111.611 | 0 | 1527
PACZ | Range_Medium | 46 | 17052 | 189591895397988 | 0.193993 | 111.611 | 0 | 1839
PACZ | Range_Medium | 47 | 11393 | 153107646124395 | 0.115315 | 111.611 | 0 | 1349
PACZ | Range_Medium | 48 | 23418 | 256965276984078 | 0.251611 | 111.611 | 0 | 2407
PACZ | Range_Medium | 49 | 2603 | 34549846046358 | 0.0387033 | 111.611 | 0 | 473
PACZ | Range_Medium | 50 | 52927 | 540015671273337 | 0.624021 | 111.611 | 0 | 4985
PACZ | Range_Medium | 51 | 25054 | 301797155128782 | 0.277996 | 111.611 | 0 | 2609
PACZ | Range_Medium | 52 | 69432 | 770087006308167 | 0.8413 | 111.611 | 0 | 6379
PACZ | Range_Medium | 53 | 13039 | 151669095496272 | 0.155687 | 111.611 | 0 | 1581
PACZ | Range_Medium | 54 | 14074 | 172783720664964 | 0.180324 | 111.611 | 0 | 1661
PACZ | Range_Medium | 55 | 22681 | 258621367797261 | 0.264327 | 111.611 | 0 | 2345
PACZ | Range_Medium | 56 | 29832 | 311058773391816 | 0.343005 | 111.611 | 0 | 2997
PACZ | Range_Medium | 57 | 27584 | 309298190081034 | 0.301997 | 111.611 | 0 | 2839
PACZ | Range_Medium | 58 | 6808 | 83116274965449 | 0.0844002 | 111.611 | 0 | 875
PACZ | Range_Medium | 59 | 30336 | 322881161728116 | 0.341018 | 111.611 | 0 | 2963
PACZ | Range_Medium | 60 | 19175 | 221838901263429 | 0.221332 | 111.611 | 0 | 2063
PACZ | Range_Medium | 61 | 14361 | 170344038201474 | 0.165621 | 111.611 | 0 | 1559
PACZ | Range_Medium | 62 | 12410 | 152733819445047 | 0.146627 | 111.611 | 0 | 1383
PACZ | Range_Medium | 63 | 11962 | 140251714549602 | 0.135024 | 111.611 | 0 | 1339
PACZ | Range_Medium | 64 | 17546 | 197409313276767 | 0.215689 | 111.611 | 0 | 1911
PACZ | Range_Medium | 65 | 80721 | 956788682891895 | 1.03331 | 111.611 | 0 | 7671
PACZ | Range_Medium | 66 | 85939 | 1030600217683509 | 1.01733 | 111.611 | 0 | 8205
PACZ | Range_Medium | 67 | 56204 | 587241778282695 | 0.66638 | 111.611 | 0 | 5145
PACZ | Range_Medium | 68 | 21352 | 247697851450821 | 0.246684 | 111.611 | 0 | 2311
PACZ | Range_Medium | 69 | 24148 | 288882620130933 | 0.286659 | 111.611 | 0 | 2643
PACZ | Range_Medium | 70 | 17877 | 193228868516610 | 0.196377 | 111.611 | 0 | 1845
PACZ | Range_Medium | 71 | 18695 | 242722627901703 | 0.212669 | 111.611 | 0 | 1999
PACZ | Range_Medium | 72 | 91431 | 1082217707355906 | 1.16332 | 111.611 | 0 | 8583
PACZ | Range_Medium | 73 | 78807 | 935155501038525 | 0.96639 | 111.611 | 0 | 7523
PACZ | Range_Medium | 74 | 63195 | 691556755015974 | 0.749985 | 111.611 | 0 | 6039
PACZ | Range_Medium | 75 | 62186 | 709435009367229 | 0.711997 | 111.611 | 0 | 5843
PACZ | Range_Medium | 76 | 47497 | 563730090764775 | 0.524998 | 111.611 | 0 | 4375
PACZ | Range_Medium | 77 | 71015 | 842973687275568 | 0.902017 | 111.611 | 0 | 6941
PACZ | Range_Medium | 78 | 16297 | 209506757024844 | 0.199 | 111.611 | 0 | 1825
PACZ | Range_Medium | 79 | 85379 | 991792923685548 | 1.1003 | 111.611 | 0 | 8061
PACZ | Range_Medium | 80 | 27543 | 324823395345924 | 0.305653 | 111.611 | 0 | 2883
PACZ | Range_Medium | 81 | 45887 | 558877914247719 | 0.53064 | 111.611 | 0 | 4281
PACZ | Range_Medium | 82 | 48255 | 569682939060624 | 0.549316 | 111.611 | 0 | 4575
PACZ | Range_Medium | 83 | 39992 | 443415021125091 | 0.442664 | 111.611 | 0 | 3797
PACZ | Range_Medium | 84 | 9736 | 117971627086314 | 0.121355 | 111.611 | 0 | 1209
PACZ | Range_Medium | 85 | 13164 | 145882106076618 | 0.153939 | 111.611 | 0 | 1523
PACZ | Range_Medium | 86 | 92825 | 1111312645626954 | 1.18367 | 111.611 | 0 | 8773
PACZ | Range_Medium | 87 | 20603 | 249652663254507 | 0.236034 | 111.611 | 0 | 2229
PACZ | Range_Medium | 88 | 7851 | 88255864263216 | 0.102599 | 111.611 | 0 | 1027
PACZ | Range_Medium | 89 | 17998 | 211070388633513 | 0.192006 | 111.611 | 0 | 1891
PACZ | Range_Medium | 90 | 36804 | 398759980477965 | 0.450929 | 111.611 | 0 | 3471
PACZ | Range_Medium | 91 | 8544 | 100220948501685 | 0.0899633 | 111.611 | 0 | 877
PACZ | Range_Medium | 92 | 50590 | 592662312509259 | 0.624339 | 111.611 | 0 | 4767
PACZ | Range_Medium | 93 | 37870 | 530008060550319 | 0.440359 | 111.611 | 0 | 3675
PACZ | Range_Medium | 94 | 19158 | 216495330970992 | 0.22467 | 111.611 | 0 | 2021
PACZ | Range_Medium | 95 | 10908 | 119736942265821 | 0.128984 | 111.611 | 0 | 1275
PACZ | Range_Medium | 96 | 348 | 5370456729744 | 0.0127157 | 111.611 | 0 | 247
PACZ | Range_Medium | 97 | 10090 | 112441479261732 | 0.101328 | 111.611 | 0 | 1149
PACZ | Range_Medium | 98 | 17630 | 216703996725144 | 0.211954 | 111.611 | 0 | 2063
PACZ | Range_Medium | 99 | 36872 | 508850225178663 | 0.404278 | 111.611 | 0 | 3439
PACZ | Range_Large | 0 | 402801 | 4700819039544387 | 5.07299 | 111.611 | 0 | 34409
PACZ | Range_Large | 1 | 358364 | 4178361365641662 | 4.56667 | 111.611 | 0 | 30867
PACZ | Range_Large | 2 | 506618 | 5952342186783933 | 6.308 | 111.611 | 0 | 43673
PACZ | Range_Large | 3 | 636117 | 7486915231746534 | 7.98202 | 111.611 | 0 | 54345
PACZ | Range_Large | 4 | 517626 | 6168185298783306 | 6.54737 | 111.611 | 0 | 44441
PACZ | Range_Large | 5 | 512477 | 6109509175598745 | 6.49865 | 111.611 | 0 | 44001
PACZ | Range_Large | 6 | 287121 | 3251547212732526 | 3.60171 | 111.611 | 0 | 24463
PACZ | Range_Large | 7 | 447620 | 5339265934968900 | 5.82568 | 111.611 | 0 | 38467
PACZ | Range_Large | 8 | 613596 | 7245834993736095 | 7.88037 | 111.611 | 0 | 52709
PACZ | Range_Large | 9 | 408431 | 4764014994664554 | 5.14229 | 111.611 | 0 | 34965
PACZ | Range_Large | 10 | 393552 | 4608212399491065 | 4.9746 | 111.611 | 0 | 33603
PACZ | Range_Large | 11 | 482967 | 5770295132178252 | 6.23504 | 111.611 | 0 | 41535
PACZ | Range_Large | 12 | 569100 | 6743301536026080 | 7.32573 | 111.611 | 0 | 49013
PACZ | Range_Large | 13 | 459704 | 5488736529522906 | 5.89498 | 111.611 | 0 | 39529
PACZ | Range_Large | 14 | 647540 | 7618018615764711 | 8.30539 | 111.611 | 0 | 55317
PACZ | Range_Large | 15 | 366336 | 4285182172870620 | 4.7373 | 111.611 | 0 | 31509
PACZ | Range_Large | 16 | 620958 | 7272089270814612 | 7.88339 | 111.611 | 0 | 53141
PACZ | Range_Large | 17 | 419571 | 5020198317128073 | 5.21596 | 111.611 | 0 | 35957
PACZ | Range_Large | 18 | 344213 | 3993809374245099 | 4.191 | 111.611 | 0 | 29407
PACZ | Range_Large | 19 | 514839 | 6140712323447520 | 6.59768 | 111.611 | 0 | 44559
PACZ | Range_Large | 20 | 646093 | 7600345228067529 | 8.22934 | 111.611 | 0 | 55083
PACZ | Range_Large | 21 | 416061 | 4852894598197938 | 5.2073 | 111.611 | 0 | 35451
PACZ | Range_Large | 22 | 472677 | 5640481591063086 | 6.09533 | 111.611 | 0 | 40563
PACZ | Range_Large | 23 | 388579 | 4552993955137344 | 4.85166 | 111.611 | 0 | 33219
PACZ | Range_Large | 24 | 514747 | 6048283239261153 | 6.622 | 111.611 | 0 | 44325
PACZ | Range_Large | 25 | 596216 | 7006905145260633 | 7.58465 | 111.611 | 0 | 51317
PACZ | Range_Large | 26 | 395947 | 4629545105564013 | 4.98835 | 111.611 | 0 | 33867
PACZ | Range_Large | 27 | 413971 | 4953752602310079 | 5.24298 | 111.611 | 0 | 35439
PACZ | Range_Large | 28 | 634341 | 7469355598744812 | 8.04202 | 111.611 | 0 | 54167
PACZ | Range_Large | 29 | 472475 | 5661544594071972 | 5.93797 | 111.611 | 0 | 40565
PACZ | Range_Large | 30 | 398479 | 4662995819808390 | 4.9483 | 111.611 | 0 | 34143
PACZ | Range_Large | 31 | 360014 | 4200664353521847 | 4.45827 | 111.611 | 0 | 31059
PACZ | Range_Large | 32 | 627857 | 7398153141548151 | 7.83602 | 111.611 | 0 | 53629
PACZ | Range_Large | 33 | 512722 | 6116808250268460 | 6.59537 | 111.611 | 0 | 44097
PACZ | Range_Large | 34 | 410155 | 4788393057877905 | 5.10462 | 111.611 | 0 | 34949
PACZ | Range_Large | 35 | 507828 | 5958499757103201 | 6.52965 | 111.611 | 0 | 43739
PACZ | Range_Large | 36 | 627269 | 7391520675289026 | 7.97502 | 111.611 | 0 | 53541
PACZ | Range_Large | 37 | 445611 | 5318303708130801 | 5.73564 | 111.611 | 0 | 38231
PACZ | Range_Large | 38 | 532826 | 6253837461086553 | 6.83562 | 111.611 | 0 | 45779
PACZ | Range_Large | 39 | 678634 | 7945646521743273 | 8.64967 | 111.611 | 0 | 57875
PACZ | Range_Large | 40 | 617907 | 7287508497421698 | 7.99632 | 111.611 | 0 | 52869
PACZ | Range_Large | 41 | 513324 | 6119031530459577 | 6.63567 | 111.611 | 0 | 44105
PACZ | Range_Large | 42 | 592379 | 6947558086579812 | 7.58266 | 111.611 | 0 | 50697
PACZ | Range_Large | 43 | 421878 | 4917658291958184 | 5.32436 | 111.611 | 0 | 35937
PACZ | Range_Large | 44 | 433984 | 5205001432284294 | 5.58702 | 111.611 | 0 | 37177
PACZ | Range_Large | 45 | 443695 | 5314029879017700 | 5.71736 | 111.611 | 0 | 38135
PACZ | Range_Large | 46 | 389934 | 4558383759468342 | 4.95036 | 111.611 | 0 | 33421
PACZ | Range_Large | 47 | 628680 | 7405211198041260 | 8.00633 | 111.611 | 0 | 53767
PACZ | Range_Large | 48 | 693796 | 8129672014014360 | 8.82165 | 111.611 | 0 | 59049
PACZ | Range_Large | 49 | 323353 | 3712799792336715 | 4.09468 | 111.611 | 0 | 27653
PACZ | Range_Large | 50 | 310129 | 3541675407191955 | 3.90466 | 111.611 | 0 | 26487
PACZ | Range_Large | 51 | 650573 | 7650482694379236 | 8.26597 | 111.611 | 0 | 55559
PACZ | Range_Large | 52 | 301130 | 3421473622190340 | 3.79062 | 111.611 | 0 | 25725
PACZ | Range_Large | 53 | 653977 | 7692743941310385 | 8.32836 | 111.611 | 0 | 55825
PACZ | Range_Large | 54 | 396102 | 4633078733057439 | 5.05733 | 111.611 | 0 | 33909
PACZ | Range_Large | 55 | 310676 | 3556034343924825 | 4.00201 | 111.611 | 0 | 27493
PACZ | Range_Large | 56 | 417218 | 4864225314506358 | 5.18537 | 111.611 | 0 | 35603
PACZ | Range_Large | 57 | 294766 | 3340415689750620 | 3.67999 | 111.611 | 0 | 25103
PACZ | Range_Large | 58 | 501341 | 5894479465337391 | 6.39637 | 111.611 | 0 | 43211
PACZ | Range_Large | 59 | 426268 | 5107436422921449 | 5.48498 | 111.611 | 0 | 36549
PACZ | Range_Large | 60 | 513782 | 6129339805745595 | 6.51828 | 111.611 | 0 | 44215
PACZ | Range_Large | 61 | 415270 | 4844744135184045 | 5.17305 | 111.611 | 0 | 35439
PACZ | Range_Large | 62 | 408612 | 4896006893667300 | 5.24036 | 111.611 | 0 | 34961
PACZ | Range_Large | 63 | 573095 | 6783218860341267 | 7.33161 | 111.611 | 0 | 49231
PACZ | Range_Large | 64 | 635592 | 7498641389281149 | 8.08032 | 111.611 | 0 | 54439
PACZ | Range_Large | 65 | 466994 | 5572746423678951 | 5.97 | 111.611 | 0 | 40113
PACZ | Range_Large | 66 | 514037 | 6132832878313143 | 6.58933 | 111.611 | 0 | 44227
PACZ | Range_Large | 67 | 613123 | 7240291703334414 | 7.86972 | 111.611 | 0 | 52745
PACZ | Range_Large | 68 | 422549 | 4930939021544550 | 5.3033 | 111.611 | 0 | 35945
PACZ | Range_Large | 69 | 465105 | 5554509632222889 | 5.85771 | 111.611 | 0 | 39911
PACZ | Range_Large | 70 | 523225 | 6228391220384580 | 6.68263 | 111.611 | 0 | 45149
PACZ | Range_Large | 71 | 654660 | 7695212391880866 | 8.27901 | 111.611 | 0 | 55837
PACZ | Range_Large | 72 | 440659 | 5258254023095793 | 5.71871 | 111.611 | 0 | 37795
PACZ | Range_Large | 73 | 513368 | 6120291434100849 | 6.50899 | 111.611 | 0 | 44097
PACZ | Range_Large | 74 | 395795 | 4627567322718675 | 4.88933 | 111.611 | 0 | 33863
PACZ | Range_Large | 75 | 389235 | 4565447597264730 | 4.76034 | 111.611 | 0 | 33335
PACZ | Range_Large | 76 | 517173 | 6167291874834033 | 6.52901 | 111.611 | 0 | 44443
PACZ | Range_Large | 77 | 406456 | 4623359529992808 | 5.12171 | 111.611 | 0 | 35307
PACZ | Range_Large | 78 | 420423 | 4897694867102415 | 5.20269 | 111.611 | 0 | 35819
PACZ | Range_Large | 79 | 506807 | 5953202269629402 | 6.48562 | 111.611 | 0 | 43593
PACZ | Range_Large | 80 | 466606 | 5568970295949066 | 5.97668 | 111.611 | 0 | 40107
PACZ | Range_Large | 81 | 501021 | 5988656108935023 | 6.42927 | 111.611 | 0 | 43071
PACZ | Range_Large | 82 | 342567 | 3989011116705765 | 4.31633 | 111.611 | 0 | 29453
PACZ | Range_Large | 83 | 624090 | 7373844800009775 | 8.01031 | 111.611 | 0 | 53505
PACZ | Range_Large | 84 | 411707 | 4803603129016926 | 5.19069 | 111.611 | 0 | 35197
PACZ | Range_Large | 85 | 530638 | 6316241962551648 | 6.84667 | 111.611 | 0 | 45803
PACZ | Range_Large | 86 | 345161 | 4017135712990881 | 4.23694 | 111.611 | 0 | 29735
PACZ | Range_Large | 87 | 478311 | 5725706285986650 | 6.018 | 111.611 | 0 | 41091
PACZ | Range_Large | 88 | 472932 | 5658156270733170 | 5.83895 | 111.611 | 0 | 40717
PACZ | Range_Large | 89 | 587623 | 6894919721768418 | 7.50661 | 111.611 | 0 | 50301
PACZ | Range_Large | 90 | 402976 | 4701521341375536 | 5.06171 | 111.611 | 0 | 34399
PACZ | Range_Large | 91 | 274031 | 3127220077759380 | 3.62333 | 111.611 | 0 | 24183
PACZ | Range_Large | 92 | 655809 | 7714997244843141 | 8.26097 | 111.611 | 0 | 55927
PACZ | Range_Large | 93 | 412663 | 4944249501789102 | 5.22804 | 111.611 | 0 | 35333
PACZ | Range_Large | 94 | 585146 | 6863453813770446 | 7.43135 | 111.611 | 0 | 49965
PACZ | Range_Large | 95 | 654395 | 7691949782225730 | 8.35363 | 111.611 | 0 | 55957
PACZ | Range_Large | 96 | 512768 | 6113692912727061 | 6.60229 | 111.611 | 0 | 44085
PACZ | Range_Large | 97 | 608937 | 7138709126228691 | 7.82673 | 111.611 | 0 | 52175
PACZ | Range_Large | 98 | 560665 | 6638949175951140 | 7.17068 | 111.611 | 0 | 48263
PACZ | Range_Large | 99 | 485533 | 5793181831555077 | 6.23329 | 111.611 | 0 | 41753
PACZ | kNN_10 | 0 | 10 | 130163890518 | 0.042359 | 111.611 | 0 | 308
PACZ | kNN_10 | 1 | 10 | 126434888955 | 0.0773271 | 111.611 | 0 | 583
PACZ | kNN_10 | 2 | 10 | 135634573329 | 0.0620683 | 111.611 | 0 | 493
PACZ | kNN_10 | 3 | 10 | 70500376698 | 0.0460148 | 111.611 | 0 | 423
PACZ | kNN_10 | 4 | 10 | 107801381790 | 0.0510216 | 111.611 | 0 | 388
PACZ | kNN_10 | 5 | 10 | 112221290337 | 0.0352859 | 111.611 | 0 | 269
PACZ | kNN_10 | 6 | 10 | 123132869265 | 0.036637 | 111.611 | 0 | 251
PACZ | kNN_10 | 7 | 10 | 50248689000 | 0.0545979 | 111.611 | 0 | 484
PACZ | kNN_10 | 8 | 10 | 118805997183 | 0.0493526 | 111.611 | 0 | 351
PACZ | kNN_10 | 9 | 10 | 119288771373 | 0.0326633 | 111.611 | 0 | 233
PACZ | kNN_10 | 10 | 10 | 139841615337 | 0.055631 | 111.611 | 0 | 430
PACZ | kNN_10 | 11 | 10 | 92255136165 | 0.0369549 | 111.611 | 0 | 309
PACZ | kNN_10 | 12 | 10 | 111953560833 | 0.0229677 | 111.611 | 0 | 207
PACZ | kNN_10 | 13 | 10 | 141020802951 | 0.0426769 | 111.611 | 0 | 408
PACZ | kNN_10 | 14 | 10 | 120068563098 | 0.041008 | 111.611 | 0 | 318
PACZ | kNN_10 | 15 | 10 | 121960667376 | 0.0716845 | 111.611 | 0 | 627
PACZ | kNN_10 | 16 | 10 | 96064292163 | 0.041008 | 111.611 | 0 | 334
PACZ | kNN_10 | 17 | 10 | 120069787770 | 0.0406106 | 111.611 | 0 | 276
PACZ | kNN_10 | 18 | 10 | 94520812068 | 0.0309944 | 111.611 | 0 | 278
PACZ | kNN_10 | 19 | 10 | 122872214019 | 0.0429948 | 111.611 | 0 | 336
PACZ | kNN_10 | 20 | 10 | 44012844546 | 0.0413259 | 111.611 | 0 | 384
PACZ | kNN_10 | 21 | 10 | 140416233396 | 0.0516574 | 111.611 | 0 | 405
PACZ | kNN_10 | 22 | 10 | 121795426764 | 0.0609557 | 111.611 | 0 | 500
PACZ | kNN_10 | 23 | 10 | 129900647811 | 0.0452995 | 111.611 | 0 | 421
PACZ | kNN_10 | 24 | 10 | 123240174513 | 0.0416438 | 111.611 | 0 | 323
PACZ | kNN_10 | 25 | 10 | 123292973988 | 0.0363191 | 111.611 | 0 | 314
PACZ | kNN_10 | 26 | 10 | 119307517722 | 0.0386238 | 111.611 | 0 | 318
PACZ | kNN_10 | 27 | 10 | 59659404150 | 0.0193119 | 111.611 | 0 | 146
PACZ | kNN_10 | 28 | 10 | 114801207381 | 0.0330607 | 111.611 | 0 | 277
PACZ | kNN_10 | 29 | 10 | 60971155299 | 0.0650088 | 111.611 | 0 | 587
PACZ | kNN_10 | 30 | 10 | 119309653032 | 0.0309944 | 111.611 | 0 | 258
PACZ | kNN_10 | 31 | 10 | 104476163316 | 0.0372728 | 111.611 | 0 | 363
PACZ | kNN_10 | 32 | 10 | 122876901531 | 0.0343323 | 111.611 | 0 | 306
PACZ | kNN_10 | 33 | 10 | 118558049622 | 0.063022 | 111.611 | 0 | 504
PACZ | kNN_10 | 34 | 10 | 129707784504 | 0.0549952 | 111.611 | 0 | 475
PACZ | kNN_10 | 35 | 10 | 139803005709 | 0.0540415 | 111.611 | 0 | 450
PACZ | kNN_10 | 36 | 10 | 115141663377 | 0.0376701 | 111.611 | 0 | 365
PACZ | kNN_10 | 37 | 10 | 118805996001 | 0.044028 | 111.611 | 0 | 342
PACZ | kNN_10 | 38 | 10 | 130649950668 | 0.044028 | 111.611 | 0 | 430
PACZ | kNN_10 | 39 | 10 | 124354824933 | 0.0286102 | 111.611 | 0 | 245
PACZ | kNN_10 | 40 | 10 | 129900631680 | 0.0413259 | 111.611 | 0 | 406
PACZ | kNN_10 | 41 | 10 | 130158590853 | 0.0303586 | 111.611 | 0 | 314
PACZ | kNN_10 | 42 | 10 | 137274072552 | 0.0200272 | 111.611 | 0 | 154
PACZ | kNN_10 | 43 | 10 | 139781151243 | 0.048399 | 111.611 | 0 | 416
PACZ | kNN_10 | 44 | 10 | 43089763464 | 0.0263055 | 111.611 | 0 | 220
PACZ | kNN_10 | 45 | 10 | 129721201062 | 0.0536442 | 111.611 | 0 | 447
PACZ | kNN_10 | 46 | 10 | 137321093898 | 0.017643 | 111.611 | 0 | 126
PACZ | kNN_10 | 47 | 10 | 142417839615 | 0.0466506 | 111.611 | 0 | 376
PACZ | kNN_10 | 48 | 10 | 118602139719 | 0.0603199 | 111.611 | 0 | 499
PACZ | kNN_10 | 49 | 10 | 125384489634 | 0.0400543 | 111.611 | 0 | 314
PACZ | kNN_10 | 50 | 10 | 104479411395 | 0.0510216 | 111.611 | 0 | 456
PACZ | kNN_10 | 51 | 10 | 119476331109 | 0.0560284 | 111.611 | 0 | 500
PACZ | kNN_10 | 52 | 10 | 119289143820 | 0.0300407 | 111.611 | 0 | 228
PACZ | kNN_10 | 53 | 10 | 124345912650 | 0.0370344 | 111.611 | 0 | 349
PACZ | kNN_10 | 54 | 10 | 130163906742 | 0.0290076 | 111.611 | 0 | 299
PACZ | kNN_10 | 55 | 10 | 126944013249 | 0.0446637 | 111.611 | 0 | 438
PACZ | kNN_10 | 56 | 10 | 108692340627 | 0.0463327 | 111.611 | 0 | 493
PACZ | kNN_10 | 57 | 10 | 117132029292 | 0.0305971 | 111.611 | 0 | 272
PACZ | kNN_10 | 58 | 10 | 124292628873 | 0.0463327 | 111.611 | 0 | 387
PACZ | kNN_10 | 59 | 10 | 102674045406 | 0.0503858 | 111.611 | 0 | 416
PACZ | kNN_10 | 60 | 10 | 139161396825 | 0.0356833 | 111.611 | 0 | 278
PACZ | kNN_10 | 61 | 10 | 119252064033 | 0.0350475 | 111.611 | 0 | 275
PACZ | kNN_10 | 62 | 10 | 124994212107 | 0.0276566 | 111.611 | 0 | 274
PACZ | kNN_10 | 63 | 10 | 96063711933 | 0.0387033 | 111.611 | 0 | 329
PACZ | kNN_10 | 64 | 10 | 139933728795 | 0.0587304 | 111.611 | 0 | 485
PACZ | kNN_10 | 65 | 10 | 69201392778 | 0.023365 | 111.611 | 0 | 222
PACZ | kNN_10 | 66 | 10 | 126161379012 | 0.0522931 | 111.611 | 0 | 459
PACZ | kNN_10 | 67 | 10 | 125521072035 | 0.0346502 | 111.611 | 0 | 326
PACZ | kNN_10 | 68 | 10 | 137334859221 | 0.0290076 | 111.611 | 0 | 238
PACZ | kNN_10 | 69 | 10 | 115692897675 | 0.0576178 | 111.611 | 0 | 551
PACZ | kNN_10 | 70 | 10 | 104321606940 | 0.0319481 | 111.611 | 0 | 346
PACZ | kNN_10 | 71 | 10 | 138181211739 | 0.041008 | 111.611 | 0 | 302
PACZ | kNN_10 | 72 | 10 | 151035436089 | 0.0557105 | 111.611 | 0 | 477
PACZ | kNN_10 | 73 | 10 | 129845736474 | 0.0496705 | 111.611 | 0 | 451
PACZ | kNN_10 | 74 | 10 | 100005344727 | 0.0110467 | 111.611 | 0 | 92
PACZ | kNN_10 | 75 | 10 | 127873677102 | 0.0460148 | 111.611 | 0 | 421
PACZ | kNN_10 | 76 | 10 | 120454413747 | 0.0343323 | 111.611 | 0 | 268
PACZ | kNN_10 | 77 | 10 | 129008439627 | 0.0136693 | 111.611 | 0 | 112
PACZ | kNN_10 | 78 | 10 | 102358875630 | 0.042359 | 111.611 | 0 | 329
PACZ | kNN_10 | 79 | 10 | 124349380659 | 0.0360012 | 111.611 | 0 | 330
PACZ | kNN_10 | 80 | 10 | 51988851861 | 0.0216166 | 111.611 | 0 | 177
PACZ | kNN_10 | 81 | 10 | 130206410607 | 0.0492732 | 111.611 | 0 | 460
PACZ | kNN_10 | 82 | 10 | 111953678406 | 0.0332991 | 111.611 | 0 | 279
PACZ | kNN_10 | 83 | 10 | 122256241092 | 0.0436306 | 111.611 | 0 | 404
PACZ | kNN_10 | 84 | 10 | 92491945071 | 0.0329812 | 111.611 | 0 | 274
PACZ | kNN_10 | 85 | 10 | 111953613327 | 0.0330607 | 111.611 | 0 | 273
PACZ | kNN_10 | 86 | 10 | 141846460725 | 0.0499884 | 111.611 | 0 | 368
PACZ | kNN_10 | 87 | 10 | 127658867823 | 0.0496705 | 111.611 | 0 | 464
PACZ | kNN_10 | 88 | 10 | 90029677017 | 0.0346502 | 111.611 | 0 | 317
PACZ | kNN_10 | 89 | 10 | 69896014962 | 0.0202656 | 111.611 | 0 | 212
PACZ | kNN_10 | 90 | 10 | 94052701416 | 0.0533263 | 111.611 | 0 | 444
PACZ | kNN_10 | 91 | 10 | 138648885981 | 0.041008 | 111.611 | 0 | 398
PACZ | kNN_10 | 92 | 10 | 92661441066 | 0.0249545 | 111.611 | 0 | 223
PACZ | kNN_10 | 93 | 10 | 119289148140 | 0.0236034 | 111.611 | 0 | 196
PACZ | kNN_10 | 94 | 10 | 141806334057 | 0.0402927 | 111.611 | 0 | 345
PACZ | kNN_10 | 95 | 10 | 141807212397 | 0.0339349 | 111.611 | 0 | 312
PACZ | kNN_10 | 96 | 10 | 126178628085 | 0.0536442 | 111.611 | 0 | 490
PACZ | kNN_10 | 97 | 10 | 131610698601 | 0.0469685 | 111.611 | 0 | 403
PACZ | kNN_10 | 98 | 10 | 90109110225 | 0.0360012 | 111.611 | 0 | 319
PACZ | kNN_10 | 99 | 10 | 158689958913 | 0.0509421 | 111.611 | 0 | 394
PACZ | kNN_100 | 0 | 100 | 1301638982169 | 0.228643 | 111.611 | 0 | 524
PACZ | kNN_100 | 1 | 100 | 1264344824931 | 0.442982 | 111.611 | 0 | 1101
PACZ | kNN_100 | 2 | 100 | 1362684229272 | 0.375271 | 111.611 | 0 | 878
PACZ | kNN_100 | 3 | 100 | 1022324127291 | 0.28801 | 111.611 | 0 | 768
PACZ | kNN_100 | 4 | 100 | 1182165580476 | 0.311931 | 111.611 | 0 | 738
PACZ | kNN_100 | 5 | 100 | 1122217981926 | 0.212351 | 111.611 | 0 | 473
PACZ | kNN_100 | 6 | 100 | 1135747900158 | 0.177066 | 111.611 | 0 | 395
PACZ | kNN_100 | 7 | 100 | 651460116393 | 0.36931 | 111.611 | 0 | 975
PACZ | kNN_100 | 8 | 100 | 1188060012321 | 0.286976 | 111.611 | 0 | 742
PACZ | kNN_100 | 9 | 100 | 1192887123324 | 0.184298 | 111.611 | 0 | 363
PACZ | kNN_100 | 10 | 100 | 1293801059190 | 0.347614 | 111.611 | 0 | 768
PACZ | kNN_100 | 11 | 100 | 1097122437024 | 0.221968 | 111.611 | 0 | 567
PACZ | kNN_100 | 12 | 100 | 1119535635168 | 0.131687 | 111.611 | 0 | 329
PACZ | kNN_100 | 13 | 100 | 1364823759366 | 0.282049 | 111.611 | 0 | 795
PACZ | kNN_100 | 14 | 100 | 1200221559426 | 0.207345 | 111.611 | 0 | 476
PACZ | kNN_100 | 15 | 100 | 1249391401437 | 0.400066 | 111.611 | 0 | 1124
PACZ | kNN_100 | 16 | 100 | 960642906081 | 0.237385 | 111.611 | 0 | 611
PACZ | kNN_100 | 17 | 100 | 1200697855422 | 0.189304 | 111.611 | 0 | 430
PACZ | kNN_100 | 18 | 100 | 1040809770981 | 0.16427 | 111.611 | 0 | 433
PACZ | kNN_100 | 19 | 100 | 1228714252491 | 0.276645 | 111.611 | 0 | 719
PACZ | kNN_100 | 20 | 100 | 1120737909081 | 0.235717 | 111.611 | 0 | 725
PACZ | kNN_100 | 21 | 100 | 1404162226998 | 0.29405 | 111.611 | 0 | 697
PACZ | kNN_100 | 22 | 100 | 1233130107366 | 0.332673 | 111.611 | 0 | 853
PACZ | kNN_100 | 23 | 100 | 1273099895649 | 0.277678 | 111.611 | 0 | 769
PACZ | kNN_100 | 24 | 100 | 1232400393933 | 0.267347 | 111.611 | 0 | 639
PACZ | kNN_100 | 25 | 100 | 1232932512033 | 0.226339 | 111.611 | 0 | 606
PACZ | kNN_100 | 26 | 100 | 1193075357283 | 0.215054 | 111.611 | 0 | 608
PACZ | kNN_100 | 27 | 100 | 649696949733 | 0.0739892 | 111.611 | 0 | 189
PACZ | kNN_100 | 28 | 100 | 1109170391661 | 0.19296 | 111.611 | 0 | 486
PACZ | kNN_100 | 29 | 100 | 966173051817 | 0.354608 | 111.611 | 0 | 1144
PACZ | kNN_100 | 30 | 100 | 1192841072718 | 0.131607 | 111.611 | 0 | 414
PACZ | kNN_100 | 31 | 100 | 1044766120035 | 0.223955 | 111.611 | 0 | 773
PACZ | kNN_100 | 32 | 100 | 1228769000481 | 0.187 | 111.611 | 0 | 530
PACZ | kNN_100 | 33 | 100 | 1190988824175 | 0.304699 | 111.611 | 0 | 862
PACZ | kNN_100 | 34 | 100 | 1275619657248 | 0.286659 | 111.611 | 0 | 873
PACZ | kNN_100 | 35 | 100 | 1398018141024 | 0.269651 | 111.611 | 0 | 806
PACZ | kNN_100 | 36 | 100 | 1165722551490 | 0.209729 | 111.611 | 0 | 701
PACZ | kNN_100 | 37 | 100 | 1188060026502 | 0.232697 | 111.611 | 0 | 685
PACZ | kNN_100 | 38 | 100 | 1281708703710 | 0.250022 | 111.611 | 0 | 785
PACZ | kNN_100 | 39 | 100 | 1228953274119 | 0.18398 | 111.611 | 0 | 444
PACZ | kNN_100 | 40 | 100 | 1290333983256 | 0.260989 | 111.611 | 0 | 723
PACZ | kNN_100 | 41 | 100 | 1301585913765 | 0.258048 | 111.611 | 0 | 638
PACZ | kNN_100 | 42 | 100 | 1365278371410 | 0.0980695 | 111.611 | 0 | 244
PACZ | kNN_100 | 43 | 100 | 1397763091455 | 0.204643 | 111.611 | 0 | 695
PACZ | kNN_100 | 44 | 100 | 443938833369 | 0.112693 | 111.611 | 0 | 330
PACZ | kNN_100 | 45 | 100 | 1268572199241 | 0.311295 | 111.611 | 0 | 846
PACZ | kNN_100 | 46 | 100 | 1373289482784 | 0.0762939 | 111.611 | 0 | 217
PACZ | kNN_100 | 47 | 100 | 1425379488234 | 0.212669 | 111.611 | 0 | 645
PACZ | kNN_100 | 48 | 100 | 1186302870399 | 0.3407 | 111.611 | 0 | 942
PACZ | kNN_100 | 49 | 100 | 1253844367743 | 0.26528 | 111.611 | 0 | 591
PACZ | kNN_100 | 50 | 100 | 1105637773809 | 0.273307 | 111.611 | 0 | 834
PACZ | kNN_100 | 51 | 100 | 1256612028663 | 0.316699 | 111.611 | 0 | 983
PACZ | kNN_100 | 52 | 100 | 1192891459254 | 0.133038 | 111.611 | 0 | 343
PACZ | kNN_100 | 53 | 100 | 1243459126656 | 0.222683 | 111.611 | 0 | 733
PACZ | kNN_100 | 54 | 100 | 1301638985451 | 0.181357 | 111.611 | 0 | 561
PACZ | kNN_100 | 55 | 100 | 1188685194357 | 0.263691 | 111.611 | 0 | 923
PACZ | kNN_100 | 56 | 100 | 1144794854631 | 0.298023 | 111.611 | 0 | 908
PACZ | kNN_100 | 57 | 100 | 1202160329562 | 0.175714 | 111.611 | 0 | 444
PACZ | kNN_100 | 58 | 100 | 1242926302362 | 0.307719 | 111.611 | 0 | 756
PACZ | kNN_100 | 59 | 100 | 1026740460633 | 0.240008 | 111.611 | 0 | 751
PACZ | kNN_100 | 60 | 100 | 1324651595223 | 0.145038 | 111.611 | 0 | 430
PACZ | kNN_100 | 61 | 100 | 1192520613312 | 0.154018 | 111.611 | 0 | 398
PACZ | kNN_100 | 62 | 100 | 1242353927241 | 0.149727 | 111.611 | 0 | 482
PACZ | kNN_100 | 63 | 100 | 960637122492 | 0.223319 | 111.611 | 0 | 590
PACZ | kNN_100 | 64 | 100 | 1399318875627 | 0.278314 | 111.611 | 0 | 792
PACZ | kNN_100 | 65 | 100 | 681672620739 | 0.16435 | 111.611 | 0 | 488
PACZ | kNN_100 | 66 | 100 | 986206788636 | 0.3136 | 111.611 | 0 | 879
PACZ | kNN_100 | 67 | 100 | 1255210723794 | 0.185013 | 111.611 | 0 | 546
PACZ | kNN_100 | 68 | 100 | 1373348608752 | 0.156641 | 111.611 | 0 | 411
PACZ | kNN_100 | 69 | 100 | 1156928991984 | 0.357707 | 111.611 | 0 | 1027
PACZ | kNN_100 | 70 | 100 | 1035669571527 | 0.200351 | 111.611 | 0 | 730
PACZ | kNN_100 | 71 | 100 | 1381814995968 | 0.184059 | 111.611 | 0 | 537
PACZ | kNN_100 | 72 | 100 | 1345551238437 | 0.310659 | 111.611 | 0 | 882
PACZ | kNN_100 | 73 | 100 | 1210834718844 | 0.281652 | 111.611 | 0 | 884
PACZ | kNN_100 | 74 | 100 | 1018719191103 | 0.0443459 | 111.611 | 0 | 135
PACZ | kNN_100 | 75 | 100 | 1270650202332 | 0.25328 | 111.611 | 0 | 759
PACZ | kNN_100 | 76 | 100 | 1204542733179 | 0.155687 | 111.611 | 0 | 399
PACZ | kNN_100 | 77 | 100 | 1337306693916 | 0.0713666 | 111.611 | 0 | 198
PACZ | kNN_100 | 78 | 100 | 1023588655125 | 0.202656 | 111.611 | 0 | 583
PACZ | kNN_100 | 79 | 100 | 1284598495254 | 0.197331 | 111.611 | 0 | 647
PACZ | kNN_100 | 80 | 100 | 487948086687 | 0.103633 | 111.611 | 0 | 282
PACZ | kNN_100 | 81 | 100 | 1301557811880 | 0.264009 | 111.611 | 0 | 855
PACZ | kNN_100 | 82 | 100 | 1130471139801 | 0.159343 | 111.611 | 0 | 484
PACZ | kNN_100 | 83 | 100 | 1271273082012 | 0.254393 | 111.611 | 0 | 756
PACZ | kNN_100 | 84 | 100 | 1069608637974 | 0.22165 | 111.611 | 0 | 486
PACZ | kNN_100 | 85 | 100 | 1122500810202 | 0.166972 | 111.611 | 0 | 490
PACZ | kNN_100 | 86 | 100 | 1214050941603 | 0.255028 | 111.611 | 0 | 691
PACZ | kNN_100 | 87 | 100 | 1270454877201 | 0.268698 | 111.611 | 0 | 835
PACZ | kNN_100 | 88 | 100 | 911387052822 | 0.19606 | 111.611 | 0 | 616
PACZ | kNN_100 | 89 | 100 | 927283175949 | 0.132322 | 111.611 | 0 | 365
PACZ | kNN_100 | 90 | 100 | 1011499784916 | 0.25932 | 111.611 | 0 | 798
PACZ | kNN_100 | 91 | 100 | 1369243728276 | 0.26536 | 111.611 | 0 | 761
PACZ | kNN_100 | 92 | 100 | 1092953321532 | 0.166019 | 111.611 | 0 | 434
PACZ | kNN_100 | 93 | 100 | 1192891416486 | 0.158072 | 111.611 | 0 | 296
PACZ | kNN_100 | 94 | 100 | 1410136636023 | 0.248988 | 111.611 | 0 | 602
PACZ | kNN_100 | 95 | 100 | 1417053224949 | 0.229359 | 111.611 | 0 | 575
PACZ | kNN_100 | 96 | 100 | 1304385089769 | 0.334024 | 111.611 | 0 | 1073
PACZ | kNN_100 | 97 | 100 | 1267644805914 | 0.249306 | 111.611 | 0 | 747
PACZ | kNN_100 | 98 | 100 | 966230951502 | 0.223955 | 111.611 | 0 | 669
PACZ | kNN_100 | 99 | 100 | 1586873303298 | 0.283003 | 111.611 | 0 | 630
