Algo | QType | QID | Count | Hash | Time_ms | Mem_Tree_MB | Mem_Delta_MB | Nodes
PACZ | Range_Small | 0 | 609 | 7980894882423 | 0.0213782 | 69.7034 | 0 | 279
PACZ | Range_Small | 1 | 147 | 2097020329824 | 0.00699361 | 69.7034 | 0 | 199
PACZ | Range_Small | 2 | 693 | 11002739714112 | 0.0103315 | 69.7034 | 0 | 247
PACZ | Range_Small | 3 | 1266 | 15554523089184 | 0.0209808 | 69.7034 | 0 | 345
PACZ | Range_Small | 4 | 1046 | 10152203346459 | 0.0213782 | 69.7034 | 0 | 301
PACZ | Range_Small | 5 | 17181 | 202226849484405 | 0.212351 | 69.7034 | 0 | 1989
PACZ | Range_Small | 6 | 216 | 2690875421235 | 0.00699361 | 69.7034 | 0 | 183
PACZ | Range_Small | 7 | 979 | 12154524713778 | 0.0136693 | 69.7034 | 0 | 267
PACZ | Range_Small | 8 | 395 | 4608246816924 | 0.0127157 | 69.7034 | 0 | 207
PACZ | Range_Small | 9 | 20147 | 241008987880935 | 0.219027 | 69.7034 | 0 | 2299
PACZ | Range_Small | 10 | 942 | 9686803208718 | 0.0180403 | 69.7034 | 0 | 359
PACZ | Range_Small | 11 | 309 | 4179657339990 | 0.00802676 | 69.7034 | 0 | 189
PACZ | Range_Small | 12 | 800 | 9850563262437 | 0.0130335 | 69.7034 | 0 | 271
PACZ | Range_Small | 13 | 1856 | 19482738888285 | 0.0243982 | 69.7034 | 0 | 399
PACZ | Range_Small | 14 | 4211 | 51441627912216 | 0.0583331 | 69.7034 | 0 | 673
PACZ | Range_Small | 15 | 609 | 7336441282533 | 0.0223319 | 69.7034 | 0 | 339
PACZ | Range_Small | 16 | 1836 | 25778309884113 | 0.0353654 | 69.7034 | 0 | 423
PACZ | Range_Small | 17 | 1083 | 17170696723425 | 0.0139872 | 69.7034 | 0 | 295
PACZ | Range_Small | 18 | 2029 | 20242480782648 | 0.0369549 | 69.7034 | 0 | 497
PACZ | Range_Small | 19 | 1404 | 16384339059957 | 0.0263055 | 69.7034 | 0 | 355
PACZ | Range_Small | 20 | 876 | 11452600625799 | 0.015974 | 69.7034 | 0 | 325
PACZ | Range_Small | 21 | 1887 | 22594256793672 | 0.0223319 | 69.7034 | 0 | 377
PACZ | Range_Small | 22 | 5151 | 64323399795147 | 0.0677109 | 69.7034 | 0 | 753
PACZ | Range_Small | 23 | 1813 | 21118402927161 | 0.0400543 | 69.7034 | 0 | 449
PACZ | Range_Small | 24 | 559 | 6363097935138 | 0.0109673 | 69.7034 | 0 | 277
PACZ | Range_Small | 25 | 1618 | 22675781267424 | 0.0286102 | 69.7034 | 0 | 441
PACZ | Range_Small | 26 | 2178 | 27087071535393 | 0.0326633 | 69.7034 | 0 | 445
PACZ | Range_Small | 27 | 786 | 10864843036932 | 0.0123183 | 69.7034 | 0 | 247
PACZ | Range_Small | 28 | 166 | 2113659193053 | 0.0112851 | 69.7034 | 0 | 195
PACZ | Range_Small | 29 | 445 | 4495330607643 | 0.0106494 | 69.7034 | 0 | 247
PACZ | Range_Small | 30 | 281 | 2935057564134 | 0.0153383 | 69.7034 | 0 | 249
PACZ | Range_Small | 31 | 2683 | 24142968341769 | 0.039657 | 69.7034 | 0 | 479
PACZ | Range_Small | 32 | 487 | 6822411782181 | 0.0093778 | 69.7034 | 0 | 259
PACZ | Range_Small | 33 | 1 | 10297120956 | 0.00166893 | 69.7034 | 0 | 61
PACZ | Range_Small | 34 | 110 | 1373319228861 | 0.00667572 | 69.7034 | 0 | 181
PACZ | Range_Small | 35 | 804 | 7705359166317 | 0.0149409 | 69.7034 | 0 | 329
PACZ | Range_Small | 36 | 336 | 4632102005034 | 0.0112851 | 69.7034 | 0 | 219
PACZ | Range_Small | 37 | 633 | 5924758912086 | 0.014623 | 69.7034 | 0 | 305
PACZ | Range_Small | 38 | 1010 | 12325968331068 | 0.0193119 | 69.7034 | 0 | 297
PACZ | Range_Small | 39 | 73 | 756602778732 | 0.00500679 | 69.7034 | 0 | 165
PACZ | Range_Small | 40 | 16281 | 190617118490979 | 0.204961 | 69.7034 | 0 | 1957
PACZ | Range_Small | 41 | 998 | 11762760422907 | 0.0243187 | 69.7034 | 0 | 299
PACZ | Range_Small | 42 | 789 | 9975655544850 | 0.0110467 | 69.7034 | 0 | 243
PACZ | Range_Small | 43 | 2440 | 25043444109210 | 0.0449816 | 69.7034 | 0 | 505
PACZ | Range_Small | 44 | 3841 | 47610959721888 | 0.0596841 | 69.7034 | 0 | 661
PACZ | Range_Small | 45 | 6695 | 83637585447894 | 0.0852744 | 69.7034 | 0 | 941
PACZ | Range_Small | 46 | 2355 | 29032849350969 | 0.0273387 | 69.7034 | 0 | 421
PACZ | Range_Small | 47 | 915 | 11240930456142 | 0.0153383 | 69.7034 | 0 | 301
PACZ | Range_Small | 48 | 861 | 8755550596164 | 0.0143846 | 69.7034 | 0 | 301
PACZ | Range_Small | 49 | 1516 | 18073714272954 | 0.0182788 | 69.7034 | 0 | 331
PACZ | Range_Small | 50 | 1112 | 15637109801667 | 0.0185966 | 69.7034 | 0 | 373
PACZ | Range_Small | 51 | 569 | 6939803750754 | 0.0123183 | 69.7034 | 0 | 273
PACZ | Range_Small | 52 | 379 | 4825970220666 | 0.00802676 | 69.7034 | 0 | 241
PACZ | Range_Small | 53 | 949 | 10393094546385 | 0.0140667 | 69.7034 | 0 | 293
PACZ | Range_Small | 54 | 2370 | 25690783961748 | 0.0332991 | 69.7034 | 0 | 513
PACZ | Range_Small | 55 | 624 | 8210633509548 | 0.0139872 | 69.7034 | 0 | 271
PACZ | Range_Small | 56 | 54 | 671068254399 | 0.00437101 | 69.7034 | 0 | 139
PACZ | Range_Small | 57 | 779 | 10676468322258 | 0.0147025 | 69.7034 | 0 | 267
PACZ | Range_Small | 58 | 82 | 1153515090021 | 0.00405312 | 69.7034 | 0 | 145
PACZ | Range_Small | 59 | 2427 | 29509209220917 | 0.0279744 | 69.7034 | 0 | 455
PACZ | Range_Small | 60 | 428 | 5418403999107 | 0.0100136 | 69.7034 | 0 | 257
PACZ | Range_Small | 61 | 133 | 1934092721118 | 0.00596046 | 69.7034 | 0 | 185
PACZ | Range_Small | 62 | 2341 | 20875174994616 | 0.0290076 | 69.7034 | 0 | 463
PACZ | Range_Small | 63 | 200 | 2188752527859 | 0.00866254 | 69.7034 | 0 | 233
PACZ | Range_Small | 64 | 915 | 11278373257614 | 0.0156562 | 69.7034 | 0 | 311
PACZ | Range_Small | 65 | 1271 | 15427988648511 | 0.0209808 | 69.7034 | 0 | 357
PACZ | Range_Small | 66 | 2020 | 25734715879287 | 0.0236829 | 69.7034 | 0 | 379
PACZ | Range_Small | 67 | 834 | 10172977413612 | 0.0160535 | 69.7034 | 0 | 313
PACZ | Range_Small | 68 | 10 | 64070621688 | 0.00198682 | 69.7034 | 0 | 89
PACZ | Range_Small | 69 | 3 | 5238264885 | 0.00230471 | 69.7034 | 0 | 105
PACZ | Range_Small | 70 | 627 | 7536208989993 | 0.00905991 | 69.7034 | 0 | 203
PACZ | Range_Small | 71 | 1490 | 18306626683212 | 0.0193119 | 69.7034 | 0 | 343
PACZ | Range_Small | 72 | 461 | 5426587906980 | 0.00866254 | 69.7034 | 0 | 237
PACZ | Range_Small | 73 | 98 | 940134416193 | 0.0046889 | 69.7034 | 0 | 163
PACZ | Range_Small | 74 | 6519 | 74282393614899 | 0.078996 | 69.7034 | 0 | 1069
PACZ | Range_Small | 75 | 1002 | 12619430326785 | 0.0143846 | 69.7034 | 0 | 287
PACZ | Range_Small | 76 | 1315 | 15618152284134 | 0.0200272 | 69.7034 | 0 | 397
PACZ | Range_Small | 77 | 2388 | 28543983022119 | 0.0303586 | 69.7034 | 0 | 447
PACZ | Range_Small | 78 | 2135 | 26993672085801 | 0.0213782 | 69.7034 | 0 | 381
PACZ | Range_Small | 79 | 1123 | 12698789024268 | 0.0320276 | 69.7034 | 0 | 409
PACZ | Range_Small | 80 | 723 | 7619118933843 | 0.015974 | 69.7034 | 0 | 247
PACZ | Range_Small | 81 | 75 | 1058019149994 | 0.00500679 | 69.7034 | 0 | 159
PACZ | Range_Small | 82 | 413 | 4160456420160 | 0.0093778 | 69.7034 | 0 | 213
PACZ | Range_Small | 83 | 29 | 365918020359 | 0.00429153 | 69.7034 | 0 | 163
PACZ | Range_Small | 84 | 1517 | 15835519646754 | 0.0196298 | 69.7034 | 0 | 365
PACZ | Range_Small | 85 | 6715 | 84101326322529 | 0.0706514 | 69.7034 | 0 | 939
PACZ | Range_Small | 86 | 7577 | 94689547048614 | 0.0677109 | 69.7034 | 0 | 1029
PACZ | Range_Small | 87 | 242 | 3422593620573 | 0.00834465 | 69.7034 | 0 | 259
PACZ | Range_Small | 88 | 900 | 10780851495150 | 0.0113646 | 69.7034 | 0 | 257
PACZ | Range_Small | 89 | 632 | 6912329774139 | 0.0123978 | 69.7034 | 0 | 251
PACZ | Range_Small | 90 | 1063 | 14653291624791 | 0.0150204 | 69.7034 | 0 | 275
PACZ | Range_Small | 91 | 2179 | 26498425286676 | 0.023365 | 69.7034 | 0 | 427
PACZ | Range_Small | 92 | 2465 | 27530456963370 | 0.0320276 | 69.7034 | 0 | 489
PACZ | Range_Small | 93 | 2205 | 27126868220646 | 0.0279744 | 69.7034 | 0 | 471
PACZ | Range_Small | 94 | 1678 | 18393313744626 | 0.0243187 | 69.7034 | 0 | 435
PACZ | Range_Small | 95 | 750 | 6416125107510 | 0.0123978 | 69.7034 | 0 | 287
PACZ | Range_Small | 96 | 838 | 9869866407324 | 0.0147025 | 69.7034 | 0 | 267
PACZ | Range_Small | 97 | 346 | 4221561009300 | 0.0109673 | 69.7034 | 0 | 297
PACZ | Range_Small | 98 | 3021 | 31234934839203 | 0.033617 | 69.7034 | 0 | 481
PACZ | Range_Small | 99 | 2932 | 34870843292829 | 0.0419617 | 69.7034 | 0 | 495
PACZ | Range_Medium | 0 | 6138 | 79494385649106 | 0.095288 | 69.7034 | 0 | 743
PACZ | Range_Medium | 1 | 105108 | 1225877288414727 | 1.26028 | 69.7034 | 0 | 9647
PACZ | Range_Medium | 2 | 21181 | 263960269540674 | 0.203609 | 69.7034 | 0 | 2139
PACZ | Range_Medium | 3 | 98633 | 1134300654651930 | 1.08099 | 69.7034 | 0 | 9083
PACZ | Range_Medium | 4 | 14748 | 175464248793252 | 0.159343 | 69.7034 | 0 | 1617
PACZ | Range_Medium | 5 | 24308 | 281789009440827 | 0.220378 | 69.7034 | 0 | 2361
PACZ | Range_Medium | 6 | 37367 | 462475045551738 | 0.361284 | 69.7034 | 0 | 3555
PACZ | Range_Medium | 7 | 52138 | 723665304371703 | 0.461658 | 69.7034 | 0 | 4527
PACZ | Range_Medium | 8 | 3465 | 23746270192857 | 0.0393391 | 69.7034 | 0 | 563
PACZ | Range_Medium | 9 | 15257 | 181555834229826 | 0.144641 | 69.7034 | 0 | 1601
PACZ | Range_Medium | 10 | 13860 | 158890864249119 | 0.118653 | 69.7034 | 0 | 1387
PACZ | Range_Medium | 11 | 40620 | 486391558644942 | 0.36931 | 69.7034 | 0 | 3687
PACZ | Range_Medium | 12 | 49571 | 518317708119144 | 0.459671 | 69.7034 | 0 | 4493
PACZ | Range_Medium | 13 | 65301 | 688273434430344 | 0.585636 | 69.7034 | 0 | 5655
PACZ | Range_Medium | 14 | 15238 | 194025324400752 | 0.137329 | 69.7034 | 0 | 1517
PACZ | Range_Medium | 15 | 26251 | 316989639827814 | 0.247955 | 69.7034 | 0 | 2631
PACZ | Range_Medium | 16 | 41376 | 583600710394299 | 0.367641 | 69.7034 | 0 | 3681
PACZ | Range_Medium | 17 | 25889 | 297730193136249 | 0.216643 | 69.7034 | 0 | 2397
PACZ | Range_Medium | 18 | 99165 | 1165227343726110 | 1.08798 | 69.7034 | 0 | 9057
PACZ | Range_Medium | 19 | 47408 | 640228901369163 | 0.448704 | 69.7034 | 0 | 4217
PACZ | Range_Medium | 20 | 96604 | 1133813917443654 | 1.16467 | 69.7034 | 0 | 8967
PACZ | Range_Medium | 21 | 18663 | 225005061977874 | 0.194629 | 69.7034 | 0 | 1979
PACZ | Range_Medium | 22 | 38788 | 415924534453383 | 0.420332 | 69.7034 | 0 | 3603
PACZ | Range_Medium | 23 | 51798 | 541130773985457 | 0.535329 | 69.7034 | 0 | 4683
PACZ | Range_Medium | 24 | 27680 | 324434668498170 | 0.270287 | 69.7034 | 0 | 2637
PACZ | Range_Medium | 25 | 84859 | 1002869443556841 | 1.02504 | 69.7034 | 0 | 8071
PACZ | Range_Medium | 26 | 33650 | 400478743302492 | 0.362953 | 69.7034 | 0 | 3189
PACZ | Range_Medium | 27 | 46707 | 565203668705796 | 0.463009 | 69.7034 | 0 | 4283
PACZ | Range_Medium | 28 | 33299 | 335035158370347 | 0.32568 | 69.7034 | 0 | 3055
PACZ | Range_Medium | 29 | 22635 | 296023310487540 | 0.228008 | 69.7034 | 0 | 2167
PACZ | Range_Medium | 30 | 83269 | 921878582617038 | 0.89701 | 69.7034 | 0 | 7203
PACZ | Range_Medium | 31 | 99732 | 1170884743258929 | 1.19368 | 69.7034 | 0 | 9059
PACZ | Range_Medium | 32 | 17283 | 201105559282989 | 0.177383 | 69.7034 | 0 | 1705
PACZ | Range_Medium | 33 | 25454 | 297328922134824 | 0.255028 | 69.7034 | 0 | 2415
PACZ | Range_Medium | 34 | 31464 | 318382920993849 | 0.336329 | 69.7034 | 0 | 2889
PACZ | Range_Medium | 35 | 99071 | 1164638555783796 | 1.20465 | 69.7034 | 0 | 9071
PACZ | Range_Medium | 36 | 62686 | 735171747960369 | 0.678301 | 69.7034 | 0 | 5499
PACZ | Range_Medium | 37 | 6 | 38321562042 | 0.0029405 | 69.7034 | 0 | 67
PACZ | Range_Medium | 38 | 42047 | 475979677113495 | 0.467618 | 69.7034 | 0 | 3923
PACZ | Range_Medium | 39 | 19142 | 210408303755163 | 0.20504 | 69.7034 | 0 | 1983
PACZ | Range_Medium | 40 | 64989 | 697061801199573 | 0.714938 | 69.7034 | 0 | 5753
PACZ | Range_Medium | 41 | 36847 | 439076659316382 | 0.399351 | 69.7034 | 0 | 3391
PACZ | Range_Medium | 42 | 13087 | 159104200093452 | 0.132004 | 69.7034 | 0 | 1227
PACZ | Range_Medium | 43 | 47210 | 569781713764431 | 0.535329 | 69.7034 | 0 | 4261
PACZ | Range_Medium | 44 | 25850 | 297326993485437 | 0.259638 | 69.7034 | 0 | 2399
PACZ | Range_Medium | 45 | 23817 | 289653025750125 | 0.222365 | 69.7034 | 0 | 2313
PACZ | Range_Medium | 46 | 38402 | 411485953022235 | 0.43273 | 69.7034 | 0 | 3505
PACZ | Range_Medium | 47 | 95797 | 1118376696744069 | 1.1843 | 69.7034 | 0 | 8865
PACZ | Range_Medium | 48 | 46110 | 561789746204115 | 0.528336 | 69.7034 | 0 | 4275
PACZ | Range_Medium | 49 | 6511 | 79382042080995 | 0.0756582 | 69.7034 | 0 | 827
PACZ | Range_Medium | 50 | 35462 | 400387074416691 | 0.382344 | 69.7034 | 0 | 3309
PACZ | Range_Medium | 51 | 23563 | 288987348366393 | 0.241677 | 69.7034 | 0 | 2307
PACZ | Range_Medium | 52 | 15221 | 181422882380331 | 0.167688 | 69.7034 | 0 | 1699
PACZ | Range_Medium | 53 | 1138 | 10304763347733 | 0.0209808 | 69.7034 | 0 | 305
PACZ | Range_Medium | 54 | 25381 | 279654311337780 | 0.270685 | 69.7034 | 0 | 2447
PACZ | Range_Medium | 55 | 9386 | 111163451029560 | 0.0970364 | 69.7034 | 0 | 949
PACZ | Range_Medium | 56 | 11050 | 130265601059133 | 0.114679 | 69.7034 | 0 | 1163
PACZ | Range_Medium | 57 | 30724 | 312035737061979 | 0.329018 | 69.7034 | 0 | 2813
PACZ | Range_Medium | 58 | 35877 | 382159056328596 | 0.400066 | 69.7034 | 0 | 3329
PACZ | Range_Medium | 59 | 34605 | 429900391055577 | 0.384331 | 69.7034 | 0 | 3267
PACZ | Range_Medium | 60 | 25244 | 302250162334995 | 0.257969 | 69.7034 | 0 | 2471
PACZ | Range_Medium | 61 | 29180 | 321119500345233 | 0.320276 | 69.7034 | 0 | 2867
PACZ | Range_Medium | 62 | 17989 | 217558652699514 | 0.178655 | 69.7034 | 0 | 1843
PACZ | Range_Medium | 63 | 62247 | 650499458844093 | 0.675996 | 69.7034 | 0 | 5461
PACZ | Range_Medium | 64 | 97727 | 1148332785993579 | 1.18303 | 69.7034 | 0 | 9047
PACZ | Range_Medium | 65 | 99286 | 1166559060858021 | 1.13535 | 69.7034 | 0 | 9053
PACZ | Range_Medium | 66 | 3 | 34065871773 | 0.00135104 | 69.7034 | 0 | 33
PACZ | Range_Medium | 67 | 50879 | 610708182526305 | 0.524362 | 69.7034 | 0 | 4369
PACZ | Range_Medium | 68 | 52078 | 624464581331088 | 0.485977 | 69.7034 | 0 | 4489
PACZ | Range_Medium | 69 | 39552 | 485607412522347 | 0.416358 | 69.7034 | 0 | 3675
PACZ | Range_Medium | 70 | 40895 | 568742614333062 | 0.431299 | 69.7034 | 0 | 3477
PACZ | Range_Medium | 71 | 27392 | 327343047190122 | 0.297387 | 69.7034 | 0 | 2613
PACZ | Range_Medium | 72 | 43208 | 518752379045742 | 0.455936 | 69.7034 | 0 | 3815
PACZ | Range_Medium | 73 | 64054 | 680350476085569 | 0.704288 | 69.7034 | 0 | 5629
PACZ | Range_Medium | 74 | 98243 | 1151528734989033 | 1.21339 | 69.7034 | 0 | 8977
PACZ | Range_Medium | 75 | 43525 | 585615746824575 | 0.456333 | 69.7034 | 0 | 3895
PACZ | Range_Medium | 76 | 79865 | 904419236555073 | 0.899394 | 69.7034 | 0 | 7001
PACZ | Range_Medium | 77 | 36341 | 408033993659088 | 0.407298 | 69.7034 | 0 | 3413
PACZ | Range_Medium | 78 | 57368 | 587660600815203 | 0.643015 | 69.7034 | 0 | 5063
PACZ | Range_Medium | 79 | 6744 | 83192797279296 | 0.0774066 | 69.7034 | 0 | 803
PACZ | Range_Medium | 80 | 46662 | 503192730263187 | 0.57896 | 69.7034 | 0 | 4537
PACZ | Range_Medium | 81 | 4343 | 53117003743650 | 0.0612736 | 69.7034 | 0 | 791
PACZ | Range_Medium | 82 | 90302 | 1057123328784099 | 1.07932 | 69.7034 | 0 | 8487
PACZ | Range_Medium | 83 | 31482 | 415689127413501 | 0.322024 | 69.7034 | 0 | 2969
PACZ | Range_Medium | 84 | 55101 | 658524733304832 | 0.618935 | 69.7034 | 0 | 4739
PACZ | Range_Medium | 85 | 18751 | 225963433792134 | 0.198364 | 69.7034 | 0 | 2003
PACZ | Range_Medium | 86 | 36121 | 485379611490063 | 0.369628 | 69.7034 | 0 | 3309
PACZ | Range_Medium | 87 | 62214 | 729701368821882 | 0.664314 | 69.7034 | 0 | 5333
PACZ | Range_Medium | 88 | 38292 | 457990771315842 | 0.394662 | 69.7034 | 0 | 3477
PACZ | Range_Medium | 89 | 37558 | 435200646680826 | 0.408014 | 69.7034 | 0 | 3597
PACZ | Range_Medium | 90 | 24162 | 275738511954462 | 0.244617 | 69.7034 | 0 | 2303
PACZ | Range_Medium | 91 | 17176 | 204769071907395 | 0.187318 | 69.7034 | 0 | 1769
PACZ | Range_Medium | 92 | 30883 | 412694946455688 | 0.317971 | 69.7034 | 0 | 2891
PACZ | Range_Medium | 93 | 60543 | 711367166945193 | 0.705322 | 69.7034 | 0 | 5359
PACZ | Range_Medium | 94 | 35405 | 401231216098089 | 0.395695 | 69.7034 | 0 | 3569
PACZ | Range_Medium | 95 | 5804 | 62755555662780 | 0.0686646 | 69.7034 | 0 | 747
PACZ | Range_Medium | 96 | 97801 | 1146598186159260 | 1.20966 | 69.7034 | 0 | 9029
PACZ | Range_Medium | 97 | 27678 | 330649791614229 | 0.296672 | 69.7034 | 0 | 2803
PACZ | Range_Medium | 98 | 3 | 36695847870 | 0.00230471 | 69.7034 | 0 | 73
PACZ | Range_Medium | 99 | 96640 | 1134468286373511 | 1.18399 | 69.7034 | 0 | 8973
PACZ | Range_Large | 0 | 478828 | 5713376877175779 | 5.75233 | 69.7034 | 0 | 39033
PACZ | Range_Large | 1 | 725098 | 8553694695088374 | 8.54405 | 69.7034 | 0 | 58613
PACZ | Range_Large | 2 | 518343 | 6179472840980442 | 6.26667 | 69.7034 | 0 | 42297
PACZ | Range_Large | 3 | 655380 | 7686294377422647 | 7.68701 | 69.7034 | 0 | 53169
PACZ | Range_Large | 4 | 574066 | 6838234179234858 | 6.85469 | 69.7034 | 0 | 46709
PACZ | Range_Large | 5 | 772961 | 9069509030600715 | 9.05728 | 69.7034 | 0 | 62239
PACZ | Range_Large | 6 | 575937 | 6861882475112172 | 6.76926 | 69.7034 | 0 | 46837
PACZ | Range_Large | 7 | 678192 | 7955165669731347 | 7.96898 | 69.7034 | 0 | 54819
PACZ | Range_Large | 8 | 449189 | 5369522115066945 | 5.35369 | 69.7034 | 0 | 37245
PACZ | Range_Large | 9 | 470430 | 5623372134862980 | 5.60864 | 69.7034 | 0 | 38371
PACZ | Range_Large | 10 | 480692 | 5757799060872963 | 5.76973 | 69.7034 | 0 | 39229
PACZ | Range_Large | 11 | 513781 | 6143353418357517 | 6.06966 | 69.7034 | 0 | 41893
PACZ | Range_Large | 12 | 478140 | 5585156784844902 | 5.55738 | 69.7034 | 0 | 38151
PACZ | Range_Large | 13 | 735309 | 8653197463477824 | 8.64538 | 69.7034 | 0 | 59219
PACZ | Range_Large | 14 | 728988 | 8581258415404188 | 8.63163 | 69.7034 | 0 | 58843
PACZ | Range_Large | 15 | 489811 | 5706271756260297 | 5.6413 | 69.7034 | 0 | 38941
PACZ | Range_Large | 16 | 573560 | 6822943904306070 | 6.77498 | 69.7034 | 0 | 46641
PACZ | Range_Large | 17 | 353824 | 4047977034040896 | 4.16231 | 69.7034 | 0 | 28265
PACZ | Range_Large | 18 | 461237 | 5514649978420374 | 5.64933 | 69.7034 | 0 | 37643
PACZ | Range_Large | 19 | 579991 | 6898990032484230 | 6.96333 | 69.7034 | 0 | 46995
PACZ | Range_Large | 20 | 444376 | 5217207570544353 | 5.08801 | 69.7034 | 0 | 35393
PACZ | Range_Large | 21 | 478312 | 5586813852014136 | 5.49603 | 69.7034 | 0 | 38175
PACZ | Range_Large | 22 | 587847 | 6893128981892601 | 6.86701 | 69.7034 | 0 | 47641
PACZ | Range_Large | 23 | 502800 | 6014604974719023 | 6.06402 | 69.7034 | 0 | 41109
PACZ | Range_Large | 24 | 754769 | 8876624299889382 | 9.15901 | 69.7034 | 0 | 60813
PACZ | Range_Large | 25 | 723523 | 8532505219976595 | 8.84763 | 69.7034 | 0 | 58427
PACZ | Range_Large | 26 | 366697 | 4205643252024456 | 4.34534 | 69.7034 | 0 | 29221
PACZ | Range_Large | 27 | 345851 | 3940752019769589 | 4.00964 | 69.7034 | 0 | 27507
PACZ | Range_Large | 28 | 480294 | 5610658562255433 | 5.65998 | 69.7034 | 0 | 38349
PACZ | Range_Large | 29 | 508517 | 6063596986149066 | 6.0184 | 69.7034 | 0 | 41597
PACZ | Range_Large | 30 | 574228 | 6837799130850168 | 6.75035 | 69.7034 | 0 | 46641
PACZ | Range_Large | 31 | 516452 | 6175986911293812 | 6.07061 | 69.7034 | 0 | 42103
PACZ | Range_Large | 32 | 468914 | 5478085385951040 | 5.29265 | 69.7034 | 0 | 37283
PACZ | Range_Large | 33 | 573562 | 6834250459875114 | 6.85334 | 69.7034 | 0 | 46689
PACZ | Range_Large | 34 | 452580 | 5312432161221156 | 5.20571 | 69.7034 | 0 | 36121
PACZ | Range_Large | 35 | 404675 | 4618228689433560 | 4.84133 | 69.7034 | 0 | 33745
PACZ | Range_Large | 36 | 524251 | 6256804090100700 | 6.21335 | 69.7034 | 0 | 42809
PACZ | Range_Large | 37 | 451377 | 5404738268286009 | 5.32468 | 69.7034 | 0 | 36903
PACZ | Range_Large | 38 | 593867 | 6894558548511156 | 7.04034 | 69.7034 | 0 | 48857
PACZ | Range_Large | 39 | 741759 | 8725621331785893 | 8.72469 | 69.7034 | 0 | 59771
PACZ | Range_Large | 40 | 637157 | 7545574818990129 | 7.61135 | 69.7034 | 0 | 51817
PACZ | Range_Large | 41 | 355860 | 4067985329030289 | 4.07966 | 69.7034 | 0 | 28413
PACZ | Range_Large | 42 | 571292 | 6802164178926678 | 6.74438 | 69.7034 | 0 | 46469
PACZ | Range_Large | 43 | 452749 | 5419444345239936 | 5.39565 | 69.7034 | 0 | 36909
PACZ | Range_Large | 44 | 468395 | 5596826996834553 | 5.60967 | 69.7034 | 0 | 38185
PACZ | Range_Large | 45 | 473509 | 5661748039758822 | 5.63502 | 69.7034 | 0 | 38557
PACZ | Range_Large | 46 | 654566 | 7677921346802748 | 7.66667 | 69.7034 | 0 | 52975
PACZ | Range_Large | 47 | 388608 | 4493123436464481 | 4.42632 | 69.7034 | 0 | 30993
PACZ | Range_Large | 48 | 574604 | 6844734420670104 | 6.81861 | 69.7034 | 0 | 46735
PACZ | Range_Large | 49 | 452229 | 5415243724603962 | 5.3246 | 69.7034 | 0 | 36853
PACZ | Range_Large | 50 | 587500 | 6887324032624692 | 6.9073 | 69.7034 | 0 | 47667
PACZ | Range_Large | 51 | 385944 | 4686048099740322 | 4.63033 | 69.7034 | 0 | 32043
PACZ | Range_Large | 52 | 573800 | 6836006927834868 | 6.78372 | 69.7034 | 0 | 46707
PACZ | Range_Large | 53 | 493219 | 5750472877166211 | 5.70798 | 69.7034 | 0 | 39151
PACZ | Range_Large | 54 | 511577 | 6103812139240980 | 6.11766 | 69.7034 | 0 | 41797
PACZ | Range_Large | 55 | 487880 | 5687342040027531 | 5.60164 | 69.7034 | 0 | 38825
PACZ | Range_Large | 56 | 574154 | 6837346659874371 | 6.85906 | 69.7034 | 0 | 46641
PACZ | Range_Large | 57 | 708711 | 8360944969292847 | 8.32399 | 69.7034 | 0 | 57087
PACZ | Range_Large | 58 | 516673 | 6163782241645056 | 6.1353 | 69.7034 | 0 | 42087
PACZ | Range_Large | 59 | 463017 | 5419074188166843 | 5.30306 | 69.7034 | 0 | 36961
PACZ | Range_Large | 60 | 721498 | 8473346672424624 | 8.4223 | 69.7034 | 0 | 58077
PACZ | Range_Large | 61 | 460164 | 5506069773533694 | 5.45939 | 69.7034 | 0 | 37487
PACZ | Range_Large | 62 | 504858 | 5907035359546236 | 5.9437 | 69.7034 | 0 | 40645
PACZ | Range_Large | 63 | 458834 | 5504023278397998 | 5.37062 | 69.7034 | 0 | 37419
PACZ | Range_Large | 64 | 532493 | 6353042004608343 | 6.37539 | 69.7034 | 0 | 43517
PACZ | Range_Large | 65 | 492288 | 5872119105634122 | 5.80565 | 69.7034 | 0 | 40199
PACZ | Range_Large | 66 | 582169 | 6827340943654821 | 6.93838 | 69.7034 | 0 | 47241
PACZ | Range_Large | 67 | 487147 | 5674745792047554 | 5.57836 | 69.7034 | 0 | 38777
PACZ | Range_Large | 68 | 371568 | 4276960174131990 | 4.27365 | 69.7034 | 0 | 29705
PACZ | Range_Large | 69 | 574775 | 6843428705771343 | 6.74963 | 69.7034 | 0 | 46645
PACZ | Range_Large | 70 | 568989 | 6775239155991414 | 6.754 | 69.7034 | 0 | 46215
PACZ | Range_Large | 71 | 761517 | 8933425099907166 | 8.91566 | 69.7034 | 0 | 61111
PACZ | Range_Large | 72 | 453735 | 5324428041097641 | 5.18298 | 69.7034 | 0 | 36165
PACZ | Range_Large | 73 | 602102 | 7065947841752073 | 7.1063 | 69.7034 | 0 | 48837
PACZ | Range_Large | 74 | 530572 | 6221249724383646 | 6.3293 | 69.7034 | 0 | 43049
PACZ | Range_Large | 75 | 444009 | 5319864698760999 | 5.46503 | 69.7034 | 0 | 36293
PACZ | Range_Large | 76 | 514804 | 6144395796438033 | 6.19237 | 69.7034 | 0 | 41967
PACZ | Range_Large | 77 | 719803 | 8481462927883767 | 8.42166 | 69.7034 | 0 | 57831
PACZ | Range_Large | 78 | 509547 | 6086655361771248 | 6.07332 | 69.7034 | 0 | 41633
PACZ | Range_Large | 79 | 400148 | 4647614871210945 | 4.51334 | 69.7034 | 0 | 31813
PACZ | Range_Large | 80 | 750758 | 8833086482586843 | 8.88403 | 69.7034 | 0 | 60295
PACZ | Range_Large | 81 | 592661 | 6961337230872465 | 6.96405 | 69.7034 | 0 | 48067
PACZ | Range_Large | 82 | 685132 | 8024331112048503 | 8.00864 | 69.7034 | 0 | 55155
PACZ | Range_Large | 83 | 508364 | 6076547457152901 | 6.05671 | 69.7034 | 0 | 41425
PACZ | Range_Large | 84 | 578282 | 6787342470989775 | 6.74899 | 69.7034 | 0 | 46867
PACZ | Range_Large | 85 | 574251 | 6838691921240139 | 6.80033 | 69.7034 | 0 | 46641
PACZ | Range_Large | 86 | 715490 | 8370481615969056 | 8.47006 | 69.7034 | 0 | 57725
PACZ | Range_Large | 87 | 515512 | 6149774421065310 | 6.16161 | 69.7034 | 0 | 42051
PACZ | Range_Large | 88 | 531941 | 6362378413745265 | 6.24927 | 69.7034 | 0 | 43325
PACZ | Range_Large | 89 | 736933 | 8675901134395881 | 8.71428 | 69.7034 | 0 | 59301
PACZ | Range_Large | 90 | 478592 | 5724734540213754 | 5.71473 | 69.7034 | 0 | 39117
PACZ | Range_Large | 91 | 406766 | 4737596937726423 | 4.6773 | 69.7034 | 0 | 32481
PACZ | Range_Large | 92 | 592461 | 6958761441481155 | 6.91605 | 69.7034 | 0 | 48037
PACZ | Range_Large | 93 | 463267 | 5423485638385542 | 5.33597 | 69.7034 | 0 | 36967
PACZ | Range_Large | 94 | 506262 | 6051019127948118 | 6.14595 | 69.7034 | 0 | 41291
PACZ | Range_Large | 95 | 375915 | 4324941135526344 | 4.34669 | 69.7034 | 0 | 29959
PACZ | Range_Large | 96 | 484168 | 5640662932599546 | 5.55436 | 69.7034 | 0 | 38557
PACZ | Range_Large | 97 | 407828 | 4633088745845082 | 4.89195 | 69.7034 | 0 | 33879
PACZ | Range_Large | 98 | 483817 | 5772466165871052 | 5.68167 | 69.7034 | 0 | 39383
PACZ | Range_Large | 99 | 498660 | 5961932394045855 | 5.9576 | 69.7034 | 0 | 40673
PACZ | kNN_10 | 0 | 10 | 119297513013 | 0.0486374 | 69.7034 | 0 | 317
PACZ | kNN_10 | 1 | 10 | 125384495757 | 0.0463327 | 69.7034 | 0 | 318
PACZ | kNN_10 | 2 | 10 | 119779294119 | 0.063022 | 69.7034 | 0 | 460
PACZ | kNN_10 | 3 | 10 | 148721994627 | 0.0480016 | 69.7034 | 0 | 416
PACZ | kNN_10 | 4 | 10 | 56880525243 | 0.0293255 | 69.7034 | 0 | 266
PACZ | kNN_10 | 5 | 10 | 119248171857 | 0.0347296 | 69.7034 | 0 | 276
PACZ | kNN_10 | 6 | 10 | 139810718967 | 0.0437101 | 69.7034 | 0 | 363
PACZ | kNN_10 | 7 | 10 | 104740608813 | 0.0610352 | 69.7034 | 0 | 469
PACZ | kNN_10 | 8 | 10 | 102454162116 | 0.0303586 | 69.7034 | 0 | 275
PACZ | kNN_10 | 9 | 10 | 107644662933 | 0.0496705 | 69.7034 | 0 | 435
PACZ | kNN_10 | 10 | 10 | 123294967929 | 0.0360012 | 69.7034 | 0 | 276
PACZ | kNN_10 | 11 | 10 | 130010235837 | 0.0620683 | 69.7034 | 0 | 491
PACZ | kNN_10 | 12 | 10 | 127120462806 | 0.0473658 | 69.7034 | 0 | 402
PACZ | kNN_10 | 13 | 10 | 120101218626 | 0.0387033 | 69.7034 | 0 | 335
PACZ | kNN_10 | 14 | 10 | 96067245882 | 0.0499884 | 69.7034 | 0 | 362
PACZ | kNN_10 | 15 | 10 | 93829746294 | 0.0449816 | 69.7034 | 0 | 405
PACZ | kNN_10 | 16 | 10 | 126308783589 | 0.0466506 | 69.7034 | 0 | 392
PACZ | kNN_10 | 17 | 10 | 123003856137 | 0.0313918 | 69.7034 | 0 | 239
PACZ | kNN_10 | 18 | 10 | 95996222925 | 0.0370344 | 69.7034 | 0 | 307
PACZ | kNN_10 | 19 | 10 | 123295322334 | 0.0473658 | 69.7034 | 0 | 382
PACZ | kNN_10 | 20 | 10 | 124016360157 | 0.0326633 | 69.7034 | 0 | 301
PACZ | kNN_10 | 21 | 10 | 136392016377 | 0.0363191 | 69.7034 | 0 | 367
PACZ | kNN_10 | 22 | 10 | 124014227592 | 0.027736 | 69.7034 | 0 | 283
PACZ | kNN_10 | 23 | 10 | 104476891338 | 0.0340144 | 69.7034 | 0 | 346
PACZ | kNN_10 | 24 | 10 | 119994451095 | 0.0470479 | 69.7034 | 0 | 350
PACZ | kNN_10 | 25 | 10 | 122863449456 | 0.0403722 | 69.7034 | 0 | 345
PACZ | kNN_10 | 26 | 10 | 126944032926 | 0.0452995 | 69.7034 | 0 | 428
PACZ | kNN_10 | 27 | 10 | 138036763665 | 0.0419617 | 69.7034 | 0 | 392
PACZ | kNN_10 | 28 | 10 | 138192573195 | 0.0360012 | 69.7034 | 0 | 270
PACZ | kNN_10 | 29 | 10 | 119288234667 | 0.0227292 | 69.7034 | 0 | 191
PACZ | kNN_10 | 30 | 10 | 44012218473 | 0.0343323 | 69.7034 | 0 | 302
PACZ | kNN_10 | 31 | 10 | 102554836416 | 0.0372728 | 69.7034 | 0 | 347
PACZ | kNN_10 | 32 | 10 | 126889302309 | 0.0422796 | 69.7034 | 0 | 402
PACZ | kNN_10 | 33 | 10 | 136057816545 | 0.0376701 | 69.7034 | 0 | 378
PACZ | kNN_10 | 34 | 10 | 117394575462 | 0.0519753 | 69.7034 | 0 | 425
PACZ | kNN_10 | 35 | 10 | 115561103808 | 0.0273387 | 69.7034 | 0 | 278
PACZ | kNN_10 | 36 | 10 | 59648238849 | 0.0416438 | 69.7034 | 0 | 377
PACZ | kNN_10 | 37 | 10 | 102408261534 | 0.0373522 | 69.7034 | 0 | 303
PACZ | kNN_10 | 38 | 10 | 85011711570 | 0.0387033 | 69.7034 | 0 | 365
PACZ | kNN_10 | 39 | 10 | 90029682972 | 0.0373522 | 69.7034 | 0 | 345
PACZ | kNN_10 | 40 | 10 | 112860320406 | 0.0487169 | 69.7034 | 0 | 418
PACZ | kNN_10 | 41 | 10 | 138181672884 | 0.0406901 | 69.7034 | 0 | 305
PACZ | kNN_10 | 42 | 10 | 123566580426 | 0.0400543 | 69.7034 | 0 | 345
PACZ | kNN_10 | 43 | 10 | 148408656672 | 0.0606378 | 69.7034 | 0 | 469
PACZ | kNN_10 | 44 | 10 | 139289256192 | 0.018994 | 69.7034 | 0 | 195
PACZ | kNN_10 | 45 | 10 | 117415269735 | 0.045379 | 69.7034 | 0 | 397
PACZ | kNN_10 | 46 | 10 | 119305505826 | 0.0346502 | 69.7034 | 0 | 295
PACZ | kNN_10 | 47 | 10 | 126394959174 | 0.0633399 | 69.7034 | 0 | 556
PACZ | kNN_10 | 48 | 10 | 90990991242 | 0.0766913 | 69.7034 | 0 | 620
PACZ | kNN_10 | 49 | 10 | 108692322480 | 0.0492732 | 69.7034 | 0 | 458
PACZ | kNN_10 | 50 | 10 | 70715933217 | 0.0363191 | 69.7034 | 0 | 402
PACZ | kNN_10 | 51 | 10 | 83890335621 | 0.0340144 | 69.7034 | 0 | 300
PACZ | kNN_10 | 52 | 10 | 129158998881 | 0.0456174 | 69.7034 | 0 | 419
PACZ | kNN_10 | 53 | 10 | 102554838693 | 0.039657 | 69.7034 | 0 | 360
PACZ | kNN_10 | 54 | 10 | 122863450893 | 0.0460148 | 69.7034 | 0 | 370
PACZ | kNN_10 | 55 | 10 | 100046774070 | 0.0553926 | 69.7034 | 0 | 468
PACZ | kNN_10 | 56 | 10 | 137973116925 | 0.0390212 | 69.7034 | 0 | 380
PACZ | kNN_10 | 57 | 10 | 105265573254 | 0.0403722 | 69.7034 | 0 | 355
PACZ | kNN_10 | 58 | 10 | 141128208168 | 0.0383059 | 69.7034 | 0 | 305
PACZ | kNN_10 | 59 | 10 | 93838754028 | 0.0526905 | 69.7034 | 0 | 439
PACZ | kNN_10 | 60 | 10 | 90139304616 | 0.0336965 | 69.7034 | 0 | 257
PACZ | kNN_10 | 61 | 10 | 66457395609 | 0.0653267 | 69.7034 | 0 | 599
PACZ | kNN_10 | 62 | 10 | 123186883398 | 0.0529289 | 69.7034 | 0 | 357
PACZ | kNN_10 | 63 | 10 | 158680896948 | 0.0282923 | 69.7034 | 0 | 259
PACZ | kNN_10 | 64 | 10 | 102408272337 | 0.0360012 | 69.7034 | 0 | 304
PACZ | kNN_10 | 65 | 10 | 120452710062 | 0.0197093 | 69.7034 | 0 | 186
PACZ | kNN_10 | 66 | 10 | 146073085185 | 0.0300407 | 69.7034 | 0 | 295
PACZ | kNN_10 | 67 | 10 | 158776151058 | 0.0346502 | 69.7034 | 0 | 297
PACZ | kNN_10 | 68 | 10 | 122876897169 | 0.0313123 | 69.7034 | 0 | 290
PACZ | kNN_10 | 69 | 10 | 63424154802 | 0.0626246 | 69.7034 | 0 | 515
PACZ | kNN_10 | 70 | 10 | 158689959768 | 0.0439485 | 69.7034 | 0 | 356
PACZ | kNN_10 | 71 | 10 | 34403180241 | 0.0219345 | 69.7034 | 0 | 187
PACZ | kNN_10 | 72 | 10 | 130167564171 | 0.0496705 | 69.7034 | 0 | 347
PACZ | kNN_10 | 73 | 10 | 126701401992 | 0.0449816 | 69.7034 | 0 | 412
PACZ | kNN_10 | 74 | 10 | 138581301063 | 0.0276566 | 69.7034 | 0 | 218
PACZ | kNN_10 | 75 | 10 | 126053805441 | 0.0399748 | 69.7034 | 0 | 345
PACZ | kNN_10 | 76 | 10 | 59618713323 | 0.0353654 | 69.7034 | 0 | 325
PACZ | kNN_10 | 77 | 10 | 158680894977 | 0.0513395 | 69.7034 | 0 | 397
PACZ | kNN_10 | 78 | 10 | 140414928537 | 0.0486374 | 69.7034 | 0 | 398
PACZ | kNN_10 | 79 | 10 | 118562885064 | 0.0376701 | 69.7034 | 0 | 327
PACZ | kNN_10 | 80 | 10 | 81413381538 | 0.0489553 | 69.7034 | 0 | 444
PACZ | kNN_10 | 81 | 10 | 147326439528 | 0.017643 | 69.7034 | 0 | 169
PACZ | kNN_10 | 82 | 10 | 138795077265 | 0.0279744 | 69.7034 | 0 | 234
PACZ | kNN_10 | 83 | 10 | 90095520756 | 0.0520547 | 69.7034 | 0 | 408
PACZ | kNN_10 | 84 | 10 | 119994463314 | 0.0393391 | 69.7034 | 0 | 323
PACZ | kNN_10 | 85 | 10 | 146071585005 | 0.0473658 | 69.7034 | 0 | 410
PACZ | kNN_10 | 86 | 10 | 137860234791 | 0.0313918 | 69.7034 | 0 | 296
PACZ | kNN_10 | 87 | 10 | 119309654973 | 0.037988 | 69.7034 | 0 | 295
PACZ | kNN_10 | 88 | 10 | 129807760539 | 0.0496705 | 69.7034 | 0 | 423
PACZ | kNN_10 | 89 | 10 | 129824664873 | 0.041008 | 69.7034 | 0 | 399
PACZ | kNN_10 | 90 | 10 | 125377076232 | 0.0303586 | 69.7034 | 0 | 296
PACZ | kNN_10 | 91 | 10 | 128227242903 | 0.0517368 | 69.7034 | 0 | 487
PACZ | kNN_10 | 92 | 10 | 90151486479 | 0.0486374 | 69.7034 | 0 | 360
PACZ | kNN_10 | 93 | 10 | 97723814733 | 0.0576178 | 69.7034 | 0 | 436
PACZ | kNN_10 | 94 | 10 | 129900645597 | 0.0509421 | 69.7034 | 0 | 444
PACZ | kNN_10 | 95 | 10 | 121767493512 | 0.0332991 | 69.7034 | 0 | 263
PACZ | kNN_10 | 96 | 10 | 111931484325 | 0.0290076 | 69.7034 | 0 | 225
PACZ | kNN_10 | 97 | 10 | 137163146475 | 0.0356833 | 69.7034 | 0 | 343
PACZ | kNN_10 | 98 | 10 | 102454182453 | 0.0400543 | 69.7034 | 0 | 323
PACZ | kNN_10 | 99 | 10 | 125521073751 | 0.0323455 | 69.7034 | 0 | 331
PACZ | kNN_100 | 0 | 100 | 1192974898773 | 0.233332 | 69.7034 | 0 | 552
PACZ | kNN_100 | 1 | 100 | 1253834314308 | 0.239054 | 69.7034 | 0 | 540
PACZ | kNN_100 | 2 | 100 | 1207871591283 | 0.3407 | 69.7034 | 0 | 730
PACZ | kNN_100 | 3 | 100 | 1256859895425 | 0.263929 | 69.7034 | 0 | 727
PACZ | kNN_100 | 4 | 100 | 568805253558 | 0.212987 | 69.7034 | 0 | 544
PACZ | kNN_100 | 5 | 100 | 1192480160733 | 0.185013 | 69.7034 | 0 | 423
PACZ | kNN_100 | 6 | 100 | 1398093166671 | 0.289361 | 69.7034 | 0 | 697
PACZ | kNN_100 | 7 | 100 | 1075059623394 | 0.361363 | 69.7034 | 0 | 889
PACZ | kNN_100 | 8 | 100 | 1024541710995 | 0.184695 | 69.7034 | 0 | 475
PACZ | kNN_100 | 9 | 100 | 1142779388199 | 0.315269 | 69.7034 | 0 | 844
PACZ | kNN_100 | 10 | 100 | 1232949750588 | 0.223637 | 69.7034 | 0 | 527
PACZ | kNN_100 | 11 | 100 | 1300104223212 | 0.302633 | 69.7034 | 0 | 832
PACZ | kNN_100 | 12 | 100 | 1271204580729 | 0.299295 | 69.7034 | 0 | 809
PACZ | kNN_100 | 13 | 100 | 1222832019678 | 0.240962 | 69.7034 | 0 | 567
PACZ | kNN_100 | 14 | 100 | 972706729233 | 0.22165 | 69.7034 | 0 | 564
PACZ | kNN_100 | 15 | 100 | 1073531761017 | 0.262658 | 69.7034 | 0 | 854
PACZ | kNN_100 | 16 | 100 | 1266163991358 | 0.282049 | 69.7034 | 0 | 820
PACZ | kNN_100 | 17 | 100 | 1276190409477 | 0.182708 | 69.7034 | 0 | 452
PACZ | kNN_100 | 18 | 100 | 959962226250 | 0.165304 | 69.7034 | 0 | 482
PACZ | kNN_100 | 19 | 100 | 999647709384 | 0.264009 | 69.7034 | 0 | 708
PACZ | kNN_100 | 20 | 100 | 1240163164749 | 0.221014 | 69.7034 | 0 | 575
PACZ | kNN_100 | 21 | 100 | 1320170132724 | 0.204007 | 69.7034 | 0 | 608
PACZ | kNN_100 | 22 | 100 | 1240142291418 | 0.158707 | 69.7034 | 0 | 504
PACZ | kNN_100 | 23 | 100 | 1044768950064 | 0.22467 | 69.7034 | 0 | 740
PACZ | kNN_100 | 24 | 100 | 1199944592916 | 0.211954 | 69.7034 | 0 | 535
PACZ | kNN_100 | 25 | 100 | 1228609930752 | 0.222365 | 69.7034 | 0 | 630
PACZ | kNN_100 | 26 | 100 | 1249251613788 | 0.263055 | 69.7034 | 0 | 885
PACZ | kNN_100 | 27 | 100 | 1424890138062 | 0.211 | 69.7034 | 0 | 683
PACZ | kNN_100 | 28 | 100 | 1377992228154 | 0.157356 | 69.7034 | 0 | 458
PACZ | kNN_100 | 29 | 100 | 1192882649742 | 0.112057 | 69.7034 | 0 | 280
PACZ | kNN_100 | 30 | 100 | 493723615284 | 0.197331 | 69.7034 | 0 | 552
PACZ | kNN_100 | 31 | 100 | 1025548358934 | 0.219345 | 69.7034 | 0 | 687
PACZ | kNN_100 | 32 | 100 | 1257688065678 | 0.227292 | 69.7034 | 0 | 777
PACZ | kNN_100 | 33 | 100 | 1223999310243 | 0.221014 | 69.7034 | 0 | 687
PACZ | kNN_100 | 34 | 100 | 1247480882229 | 0.241359 | 69.7034 | 0 | 744
PACZ | kNN_100 | 35 | 100 | 1250934450516 | 0.142018 | 69.7034 | 0 | 464
PACZ | kNN_100 | 36 | 100 | 596482372275 | 0.254393 | 69.7034 | 0 | 787
PACZ | kNN_100 | 37 | 100 | 1071578930589 | 0.169357 | 69.7034 | 0 | 509
PACZ | kNN_100 | 38 | 100 | 821487322263 | 0.216722 | 69.7034 | 0 | 713
PACZ | kNN_100 | 39 | 100 | 900296794101 | 0.185649 | 69.7034 | 0 | 636
PACZ | kNN_100 | 40 | 100 | 1141811753871 | 0.279665 | 69.7034 | 0 | 853
PACZ | kNN_100 | 41 | 100 | 1381814820594 | 0.174363 | 69.7034 | 0 | 525
PACZ | kNN_100 | 42 | 100 | 1277644028010 | 0.188669 | 69.7034 | 0 | 633
PACZ | kNN_100 | 43 | 100 | 1431078525768 | 0.263611 | 69.7034 | 0 | 790
PACZ | kNN_100 | 44 | 100 | 1392892536030 | 0.109355 | 69.7034 | 0 | 309
PACZ | kNN_100 | 45 | 100 | 1057141445328 | 0.220299 | 69.7034 | 0 | 727
PACZ | kNN_100 | 46 | 100 | 1193055029109 | 0.161648 | 69.7034 | 0 | 545
PACZ | kNN_100 | 47 | 100 | 1264744368453 | 0.334342 | 69.7034 | 0 | 1108
PACZ | kNN_100 | 48 | 100 | 922553373357 | 0.394662 | 69.7034 | 0 | 1132
PACZ | kNN_100 | 49 | 100 | 1086923223882 | 0.276009 | 69.7034 | 0 | 824
PACZ | kNN_100 | 50 | 100 | 657694597068 | 0.235637 | 69.7034 | 0 | 867
PACZ | kNN_100 | 51 | 100 | 1115251115793 | 0.191371 | 69.7034 | 0 | 652
PACZ | kNN_100 | 52 | 100 | 1275698054703 | 0.242313 | 69.7034 | 0 | 805
PACZ | kNN_100 | 53 | 100 | 1025548325433 | 0.215371 | 69.7034 | 0 | 710
PACZ | kNN_100 | 54 | 100 | 1228630653081 | 0.221332 | 69.7034 | 0 | 627
PACZ | kNN_100 | 55 | 100 | 1215498774441 | 0.254949 | 69.7034 | 0 | 848
PACZ | kNN_100 | 56 | 100 | 1377573756417 | 0.245015 | 69.7034 | 0 | 669
PACZ | kNN_100 | 57 | 100 | 1055269338981 | 0.205358 | 69.7034 | 0 | 672
PACZ | kNN_100 | 58 | 100 | 1395253607763 | 0.263691 | 69.7034 | 0 | 552
PACZ | kNN_100 | 59 | 100 | 1221092031471 | 0.27434 | 69.7034 | 0 | 753
PACZ | kNN_100 | 60 | 100 | 1021122364935 | 0.179609 | 69.7034 | 0 | 526
PACZ | kNN_100 | 61 | 100 | 664573945170 | 0.305335 | 69.7034 | 0 | 1156
PACZ | kNN_100 | 62 | 100 | 1231861903449 | 0.24271 | 69.7034 | 0 | 649
PACZ | kNN_100 | 63 | 100 | 1580986315992 | 0.147661 | 69.7034 | 0 | 417
PACZ | kNN_100 | 64 | 100 | 1028512411125 | 0.165383 | 69.7034 | 0 | 510
PACZ | kNN_100 | 65 | 100 | 1204527123720 | 0.12668 | 69.7034 | 0 | 275
PACZ | kNN_100 | 66 | 100 | 1454315826450 | 0.216007 | 69.7034 | 0 | 546
PACZ | kNN_100 | 67 | 100 | 1587761373621 | 0.22761 | 69.7034 | 0 | 492
PACZ | kNN_100 | 68 | 100 | 1228769010279 | 0.197331 | 69.7034 | 0 | 525
PACZ | kNN_100 | 69 | 100 | 1041878089938 | 0.275373 | 69.7034 | 0 | 974
PACZ | kNN_100 | 70 | 100 | 1586899522413 | 0.222365 | 69.7034 | 0 | 590
PACZ | kNN_100 | 71 | 100 | 528064057563 | 0.10697 | 69.7034 | 0 | 351
PACZ | kNN_100 | 72 | 100 | 1301678442744 | 0.272989 | 69.7034 | 0 | 674
PACZ | kNN_100 | 73 | 100 | 1151249256066 | 0.263691 | 69.7034 | 0 | 917
PACZ | kNN_100 | 74 | 100 | 1385812985172 | 0.105381 | 69.7034 | 0 | 321
PACZ | kNN_100 | 75 | 100 | 1037675716527 | 0.195344 | 69.7034 | 0 | 640
PACZ | kNN_100 | 76 | 100 | 596187110169 | 0.16133 | 69.7034 | 0 | 562
PACZ | kNN_100 | 77 | 100 | 1586808953217 | 0.251293 | 69.7034 | 0 | 609
PACZ | kNN_100 | 78 | 100 | 1401511251429 | 0.259002 | 69.7034 | 0 | 709
PACZ | kNN_100 | 79 | 100 | 1170635954835 | 0.284036 | 69.7034 | 0 | 688
PACZ | kNN_100 | 80 | 100 | 852936994197 | 0.268698 | 69.7034 | 0 | 908
PACZ | kNN_100 | 81 | 100 | 1462932826614 | 0.102361 | 69.7034 | 0 | 336
PACZ | kNN_100 | 82 | 100 | 1387950892140 | 0.147661 | 69.7034 | 0 | 413
PACZ | kNN_100 | 83 | 100 | 900926087193 | 0.248988 | 69.7034 | 0 | 751
PACZ | kNN_100 | 84 | 100 | 1179561869745 | 0.176668 | 69.7034 | 0 | 516
PACZ | kNN_100 | 85 | 100 | 1459168687188 | 0.271956 | 69.7034 | 0 | 748
PACZ | kNN_100 | 86 | 100 | 1293946225752 | 0.166972 | 69.7034 | 0 | 575
PACZ | kNN_100 | 87 | 100 | 1193096549025 | 0.201066 | 69.7034 | 0 | 519
PACZ | kNN_100 | 88 | 100 | 1272721342524 | 0.279347 | 69.7034 | 0 | 753
PACZ | kNN_100 | 89 | 100 | 1286059735944 | 0.247002 | 69.7034 | 0 | 825
PACZ | kNN_100 | 90 | 100 | 1254153928557 | 0.240962 | 69.7034 | 0 | 572
PACZ | kNN_100 | 91 | 100 | 1046875352091 | 0.271718 | 69.7034 | 0 | 957
PACZ | kNN_100 | 92 | 100 | 901514912703 | 0.29103 | 69.7034 | 0 | 619
PACZ | kNN_100 | 93 | 100 | 1064786684469 | 0.281652 | 69.7034 | 0 | 708
PACZ | kNN_100 | 94 | 100 | 1220803613565 | 0.281016 | 69.7034 | 0 | 745
PACZ | kNN_100 | 95 | 100 | 1217674934352 | 0.198364 | 69.7034 | 0 | 542
PACZ | kNN_100 | 96 | 100 | 1166783975751 | 0.174999 | 69.7034 | 0 | 472
PACZ | kNN_100 | 97 | 100 | 1371631477530 | 0.253995 | 69.7034 | 0 | 696
PACZ | kNN_100 | 98 | 100 | 923915443110 | 0.264009 | 69.7034 | 0 | 618
PACZ | kNN_100 | 99 | 100 | 1255210739199 | 0.166337 | 69.7034 | 0 | 582
