Algo | QType | QID | Count | Hash | Time_ms | Mem_Tree_MB | Mem_Delta_MB | Nodes
PACZ | Range_Small | 0 | 12296 | 150897223064694 | 0.166019 | 128.08 | 0 | 1605
PACZ | Range_Small | 1 | 95 | 1278071785854 | 0.00866254 | 128.08 | 0 | 215
PACZ | Range_Small | 2 | 701 | 9560512006077 | 0.0150204 | 128.08 | 0 | 269
PACZ | Range_Small | 3 | 2194 | 26094150739218 | 0.0326633 | 128.08 | 0 | 415
PACZ | Range_Small | 4 | 1500 | 16152830973522 | 0.0266234 | 128.08 | 0 | 359
PACZ | Range_Small | 5 | 3885 | 48104630892042 | 0.0516574 | 128.08 | 0 | 681
PACZ | Range_Small | 6 | 4349 | 54580990508502 | 0.0610352 | 128.08 | 0 | 715
PACZ | Range_Small | 7 | 78 | 1016710488150 | 0.0109673 | 128.08 | 0 | 171
PACZ | Range_Small | 8 | 664 | 8433865684911 | 0.0153383 | 128.08 | 0 | 247
PACZ | Range_Small | 9 | 560 | 6480461237118 | 0.0150204 | 128.08 | 0 | 233
PACZ | Range_Small | 10 | 5806 | 71634062767326 | 0.0809828 | 128.08 | 0 | 921
PACZ | Range_Small | 11 | 1093 | 13038231482595 | 0.015974 | 128.08 | 0 | 329
PACZ | Range_Small | 12 | 155 | 1960932313920 | 0.0103315 | 128.08 | 0 | 237
PACZ | Range_Small | 13 | 164 | 1549515967947 | 0.00603994 | 128.08 | 0 | 171
PACZ | Range_Small | 14 | 6212 | 77028759623082 | 0.0696977 | 128.08 | 0 | 895
PACZ | Range_Small | 15 | 1091 | 13446473170545 | 0.0247161 | 128.08 | 0 | 355
PACZ | Range_Small | 16 | 1818 | 22784040082434 | 0.0303586 | 128.08 | 0 | 431
PACZ | Range_Small | 17 | 3876 | 49885490114880 | 0.0480016 | 128.08 | 0 | 743
PACZ | Range_Small | 18 | 15217 | 179458374955779 | 0.188669 | 128.08 | 0 | 1915
PACZ | Range_Small | 19 | 354 | 3674895192246 | 0.0109673 | 128.08 | 0 | 251
PACZ | Range_Small | 20 | 280 | 3575785048056 | 0.0093778 | 128.08 | 0 | 241
PACZ | Range_Small | 21 | 1443 | 15868393788228 | 0.0230471 | 128.08 | 0 | 397
PACZ | Range_Small | 22 | 1 | 9691240209 | 0.00198682 | 128.08 | 0 | 65
PACZ | Range_Small | 23 | 959 | 5722691730342 | 0.0166893 | 128.08 | 0 | 295
PACZ | Range_Small | 24 | 15223 | 180641725149198 | 0.154336 | 128.08 | 0 | 1869
PACZ | Range_Small | 25 | 1267 | 14923457401554 | 0.0216961 | 128.08 | 0 | 317
PACZ | Range_Small | 26 | 354 | 3958348541589 | 0.0116825 | 128.08 | 0 | 245
PACZ | Range_Small | 27 | 5748 | 76146527219148 | 0.0720024 | 128.08 | 0 | 787
PACZ | Range_Small | 28 | 6053 | 75897648271815 | 0.0656446 | 128.08 | 0 | 851
PACZ | Range_Small | 29 | 1346 | 16151817042315 | 0.0166893 | 128.08 | 0 | 293
PACZ | Range_Small | 30 | 634 | 7468715450553 | 0.0116825 | 128.08 | 0 | 245
PACZ | Range_Small | 31 | 103 | 795340953075 | 0.00802676 | 128.08 | 0 | 195
PACZ | Range_Small | 32 | 1489 | 18040459163376 | 0.018994 | 128.08 | 0 | 343
PACZ | Range_Small | 33 | 2615 | 23578464146079 | 0.0473658 | 128.08 | 0 | 469
PACZ | Range_Small | 34 | 1 | 3568433409 | 0.00135104 | 128.08 | 0 | 47
PACZ | Range_Small | 35 | 568 | 7060491569523 | 0.0136693 | 128.08 | 0 | 311
PACZ | Range_Small | 36 | 344 | 3535499249454 | 0.0103315 | 128.08 | 0 | 269
PACZ | Range_Small | 37 | 2929 | 35609777965479 | 0.0356833 | 128.08 | 0 | 535
PACZ | Range_Small | 38 | 2343 | 28847178433260 | 0.0380675 | 128.08 | 0 | 499
PACZ | Range_Small | 39 | 3444 | 44833521687378 | 0.0369549 | 128.08 | 0 | 443
PACZ | Range_Small | 40 | 2391 | 29059455285414 | 0.0266234 | 128.08 | 0 | 445
PACZ | Range_Small | 41 | 85 | 1014007902858 | 0.00627836 | 128.08 | 0 | 169
PACZ | Range_Small | 42 | 5077 | 65188648902771 | 0.0549952 | 128.08 | 0 | 735
PACZ | Range_Small | 43 | 289 | 2607856813161 | 0.00866254 | 128.08 | 0 | 183
PACZ | Range_Small | 44 | 1061 | 14883865064961 | 0.0173251 | 128.08 | 0 | 349
PACZ | Range_Small | 45 | 269 | 3539945447085 | 0.0093778 | 128.08 | 0 | 223
PACZ | Range_Small | 46 | 85 | 938166249489 | 0.00929832 | 128.08 | 0 | 267
PACZ | Range_Small | 47 | 18934 | 225059567678220 | 0.191927 | 128.08 | 0 | 2201
PACZ | Range_Small | 48 | 1279 | 18510545321847 | 0.0183582 | 128.08 | 0 | 321
PACZ | Range_Small | 49 | 25 | 286499498058 | 0.00532468 | 128.08 | 0 | 161
PACZ | Range_Small | 50 | 889 | 11317419539859 | 0.0236829 | 128.08 | 0 | 317
PACZ | Range_Small | 51 | 247 | 3014118494115 | 0.00762939 | 128.08 | 0 | 211
PACZ | Range_Small | 52 | 4180 | 52320071043360 | 0.0500679 | 128.08 | 0 | 649
PACZ | Range_Small | 53 | 2707 | 32835821651415 | 0.0452995 | 128.08 | 0 | 455
PACZ | Range_Small | 54 | 612 | 8393593709433 | 0.0177224 | 128.08 | 0 | 253
PACZ | Range_Small | 55 | 1 | 4154074740 | 0.00135104 | 128.08 | 0 | 41
PACZ | Range_Small | 56 | 181 | 1744455238860 | 0.00866254 | 128.08 | 0 | 219
PACZ | Range_Small | 57 | 164 | 925437090444 | 0.00667572 | 128.08 | 0 | 177
PACZ | Range_Small | 58 | 634 | 7594507415421 | 0.00961622 | 128.08 | 0 | 231
PACZ | Range_Small | 59 | 1478 | 17446449316974 | 0.0209808 | 128.08 | 0 | 369
PACZ | Range_Small | 60 | 52 | 638941522308 | 0.00603994 | 128.08 | 0 | 197
PACZ | Range_Small | 61 | 2042 | 24169903083984 | 0.0317097 | 128.08 | 0 | 463
PACZ | Range_Small | 62 | 1790 | 24794779128141 | 0.0296434 | 128.08 | 0 | 401
PACZ | Range_Small | 63 | 16596 | 201451670357406 | 0.182947 | 128.08 | 0 | 2021
PACZ | Range_Small | 64 | 505 | 8002439236149 | 0.0183582 | 128.08 | 0 | 293
PACZ | Range_Small | 65 | 2688 | 24274483433406 | 0.0369549 | 128.08 | 0 | 467
PACZ | Range_Small | 66 | 2524 | 30258796528686 | 0.0420411 | 128.08 | 0 | 481
PACZ | Range_Small | 67 | 511 | 5234147819130 | 0.0147025 | 128.08 | 0 | 323
PACZ | Range_Small | 68 | 400 | 5931261700227 | 0.0103315 | 128.08 | 0 | 233
PACZ | Range_Small | 69 | 535 | 3947787996690 | 0.0133514 | 128.08 | 0 | 309
PACZ | Range_Small | 70 | 42 | 423803982861 | 0.00532468 | 128.08 | 0 | 159
PACZ | Range_Small | 71 | 14644 | 171224577584823 | 0.169357 | 128.08 | 0 | 1883
PACZ | Range_Small | 72 | 8705 | 106968726604422 | 0.115315 | 128.08 | 0 | 1213
PACZ | Range_Small | 73 | 1141 | 15419239686753 | 0.0229677 | 128.08 | 0 | 345
PACZ | Range_Small | 74 | 1545 | 16375389219819 | 0.023365 | 128.08 | 0 | 413
PACZ | Range_Small | 75 | 635 | 8147408622972 | 0.0116825 | 128.08 | 0 | 235
PACZ | Range_Small | 76 | 732 | 3321026987451 | 0.0107288 | 128.08 | 0 | 229
PACZ | Range_Small | 77 | 442 | 6129485831529 | 0.0103315 | 128.08 | 0 | 241
PACZ | Range_Small | 78 | 481 | 4574515128525 | 0.0153383 | 128.08 | 0 | 251
PACZ | Range_Small | 79 | 1807 | 22653497209362 | 0.0299613 | 128.08 | 0 | 455
PACZ | Range_Small | 80 | 3495 | 45497390647227 | 0.0352859 | 128.08 | 0 | 443
PACZ | Range_Small | 81 | 13404 | 156256025050449 | 0.145992 | 128.08 | 0 | 1741
PACZ | Range_Small | 82 | 704 | 7914708177756 | 0.0173251 | 128.08 | 0 | 277
PACZ | Range_Small | 83 | 1023 | 9970857272655 | 0.0363191 | 128.08 | 0 | 399
PACZ | Range_Small | 84 | 333 | 4027837977525 | 0.0116825 | 128.08 | 0 | 283
PACZ | Range_Small | 85 | 407 | 2899826478231 | 0.0112851 | 128.08 | 0 | 261
PACZ | Range_Small | 86 | 258 | 2615646275706 | 0.00699361 | 128.08 | 0 | 199
PACZ | Range_Small | 87 | 463 | 5688618600270 | 0.0100136 | 128.08 | 0 | 223
PACZ | Range_Small | 88 | 1074 | 11542408261386 | 0.0163714 | 128.08 | 0 | 313
PACZ | Range_Small | 89 | 4105 | 51571240659846 | 0.0526905 | 128.08 | 0 | 709
PACZ | Range_Small | 90 | 828 | 9866039173773 | 0.0186761 | 128.08 | 0 | 277
PACZ | Range_Small | 91 | 822 | 9396652897476 | 0.0160535 | 128.08 | 0 | 309
PACZ | Range_Small | 92 | 141 | 1669358076747 | 0.00667572 | 128.08 | 0 | 199
PACZ | Range_Small | 93 | 1291 | 18305875213371 | 0.0230471 | 128.08 | 0 | 401
PACZ | Range_Small | 94 | 383 | 5679198307161 | 0.00929832 | 128.08 | 0 | 235
PACZ | Range_Small | 95 | 847 | 5439794628855 | 0.0149409 | 128.08 | 0 | 283
PACZ | Range_Small | 96 | 1327 | 14599719211476 | 0.0166893 | 128.08 | 0 | 333
PACZ | Range_Small | 97 | 5819 | 72024805217316 | 0.0646909 | 128.08 | 0 | 839
PACZ | Range_Small | 98 | 169 | 1278751686606 | 0.00667572 | 128.08 | 0 | 207
PACZ | Range_Small | 99 | 719 | 9289702240380 | 0.0173251 | 128.08 | 0 | 295
PACZ | Range_Medium | 0 | 11156 | 133972308712908 | 0.106335 | 128.08 | 0 | 1179
PACZ | Range_Medium | 1 | 16471 | 197765975515551 | 0.194629 | 128.08 | 0 | 1917
PACZ | Range_Medium | 2 | 25705 | 292530647369481 | 0.257969 | 128.08 | 0 | 2749
PACZ | Range_Medium | 3 | 19012 | 222212884363710 | 0.193993 | 128.08 | 0 | 2255
PACZ | Range_Medium | 4 | 6559 | 77690287627110 | 0.0679493 | 128.08 | 0 | 825
PACZ | Range_Medium | 5 | 2555 | 30820902542643 | 0.0306765 | 128.08 | 0 | 375
PACZ | Range_Medium | 6 | 15898 | 202478610389001 | 0.158389 | 128.08 | 0 | 1739
PACZ | Range_Medium | 7 | 36569 | 404988141826239 | 0.334024 | 128.08 | 0 | 3743
PACZ | Range_Medium | 8 | 11936 | 124732105011849 | 0.11762 | 128.08 | 0 | 1435
PACZ | Range_Medium | 9 | 14471 | 175188275617650 | 0.140667 | 128.08 | 0 | 1723
PACZ | Range_Medium | 10 | 45802 | 546949157820162 | 0.495354 | 128.08 | 0 | 4205
PACZ | Range_Medium | 11 | 5884 | 73184812045851 | 0.0596841 | 128.08 | 0 | 795
PACZ | Range_Medium | 12 | 4698 | 63400566356661 | 0.0756582 | 128.08 | 0 | 729
PACZ | Range_Medium | 13 | 81044 | 954933614011794 | 0.893037 | 128.08 | 0 | 7869
PACZ | Range_Medium | 14 | 14490 | 157440567385251 | 0.16133 | 128.08 | 0 | 1825
PACZ | Range_Medium | 15 | 31262 | 342177134226882 | 0.257651 | 128.08 | 0 | 3249
PACZ | Range_Medium | 16 | 23503 | 267129270097974 | 0.225306 | 128.08 | 0 | 2623
PACZ | Range_Medium | 17 | 89428 | 1058434728622701 | 0.990311 | 128.08 | 0 | 8409
PACZ | Range_Medium | 18 | 6389 | 52463274489072 | 0.0610352 | 128.08 | 0 | 793
PACZ | Range_Medium | 19 | 84524 | 994835544186240 | 0.853697 | 128.08 | 0 | 8151
PACZ | Range_Medium | 20 | 40865 | 485697659409990 | 0.393947 | 128.08 | 0 | 3817
PACZ | Range_Medium | 21 | 1692 | 19093331833233 | 0.0259876 | 128.08 | 0 | 377
PACZ | Range_Medium | 22 | 15315 | 175262140181784 | 0.151952 | 128.08 | 0 | 1847
PACZ | Range_Medium | 23 | 6351 | 54829665677319 | 0.0653267 | 128.08 | 0 | 771
PACZ | Range_Medium | 24 | 5592 | 52012411414128 | 0.045379 | 128.08 | 0 | 729
PACZ | Range_Medium | 25 | 3183 | 35140461150885 | 0.0353654 | 128.08 | 0 | 495
PACZ | Range_Medium | 26 | 20431 | 245402353435731 | 0.194311 | 128.08 | 0 | 2229
PACZ | Range_Medium | 27 | 31254 | 336130650757023 | 0.29699 | 128.08 | 0 | 3179
PACZ | Range_Medium | 28 | 49053 | 577006199697900 | 0.480016 | 128.08 | 0 | 4615
PACZ | Range_Medium | 29 | 19370 | 225367747401519 | 0.184695 | 128.08 | 0 | 2265
PACZ | Range_Medium | 30 | 20854 | 238035067825320 | 0.207345 | 128.08 | 0 | 2461
PACZ | Range_Medium | 31 | 3899 | 47709390713931 | 0.0466506 | 128.08 | 0 | 639
PACZ | Range_Medium | 32 | 27705 | 287270769204600 | 0.260989 | 128.08 | 0 | 2827
PACZ | Range_Medium | 33 | 4443 | 30061587426984 | 0.0490348 | 128.08 | 0 | 683
PACZ | Range_Medium | 34 | 14909 | 165176554698099 | 0.141064 | 128.08 | 0 | 1607
PACZ | Range_Medium | 35 | 89622 | 1060098994039683 | 0.991027 | 128.08 | 0 | 8357
PACZ | Range_Medium | 36 | 5481 | 67450534439727 | 0.0576178 | 128.08 | 0 | 781
PACZ | Range_Medium | 37 | 3358 | 22556554998441 | 0.0373522 | 128.08 | 0 | 523
PACZ | Range_Medium | 38 | 3417 | 38161459139622 | 0.0383059 | 128.08 | 0 | 537
PACZ | Range_Medium | 39 | 40253 | 423690075007254 | 0.403643 | 128.08 | 0 | 3931
PACZ | Range_Medium | 40 | 76381 | 906219046162377 | 0.91966 | 128.08 | 0 | 7375
PACZ | Range_Medium | 41 | 32821 | 430093133604522 | 0.309388 | 128.08 | 0 | 3405
PACZ | Range_Medium | 42 | 3434 | 44134033790127 | 0.0387033 | 128.08 | 0 | 519
PACZ | Range_Medium | 43 | 23747 | 293278458222612 | 0.237385 | 128.08 | 0 | 2693
PACZ | Range_Medium | 44 | 19267 | 223184196875967 | 0.184695 | 128.08 | 0 | 2069
PACZ | Range_Medium | 45 | 13128 | 175118945824863 | 0.128269 | 128.08 | 0 | 1593
PACZ | Range_Medium | 46 | 21624 | 265837369929006 | 0.190655 | 128.08 | 0 | 2571
PACZ | Range_Medium | 47 | 26960 | 281139051912495 | 0.272592 | 128.08 | 0 | 2713
PACZ | Range_Medium | 48 | 56925 | 609155254738596 | 0.637372 | 128.08 | 0 | 5537
PACZ | Range_Medium | 49 | 59317 | 715361022294897 | 0.646671 | 128.08 | 0 | 5885
PACZ | Range_Medium | 50 | 10138 | 118187829310902 | 0.120958 | 128.08 | 0 | 1473
PACZ | Range_Medium | 51 | 5355 | 41577109670217 | 0.063022 | 128.08 | 0 | 757
PACZ | Range_Medium | 52 | 38204 | 521159628053370 | 0.407378 | 128.08 | 0 | 3949
PACZ | Range_Medium | 53 | 87208 | 1029437499023073 | 1.019 | 128.08 | 0 | 8265
PACZ | Range_Medium | 54 | 29957 | 320208461240466 | 0.286341 | 128.08 | 0 | 3047
PACZ | Range_Medium | 55 | 24391 | 251823419002293 | 0.23373 | 128.08 | 0 | 2493
PACZ | Range_Medium | 56 | 22574 | 273885113850978 | 0.246048 | 128.08 | 0 | 2659
PACZ | Range_Medium | 57 | 82600 | 971839846868778 | 0.931978 | 128.08 | 0 | 7981
PACZ | Range_Medium | 58 | 88978 | 1052395370125305 | 0.940641 | 128.08 | 0 | 8429
PACZ | Range_Medium | 59 | 2363 | 21556799342769 | 0.0360012 | 128.08 | 0 | 503
PACZ | Range_Medium | 60 | 11699 | 139046856162168 | 0.125647 | 128.08 | 0 | 1503
PACZ | Range_Medium | 61 | 25832 | 270471705630930 | 0.257651 | 128.08 | 0 | 2641
PACZ | Range_Medium | 62 | 89261 | 1056073258460946 | 0.989358 | 128.08 | 0 | 8417
PACZ | Range_Medium | 63 | 6554 | 74183389388646 | 0.0640551 | 128.08 | 0 | 745
PACZ | Range_Medium | 64 | 14513 | 177998995176066 | 0.156323 | 128.08 | 0 | 1749
PACZ | Range_Medium | 65 | 13101 | 148566485405199 | 0.136614 | 128.08 | 0 | 1485
PACZ | Range_Medium | 66 | 31927 | 419334973890723 | 0.331958 | 128.08 | 0 | 3275
PACZ | Range_Medium | 67 | 62967 | 711636889050984 | 0.701348 | 128.08 | 0 | 6061
PACZ | Range_Medium | 68 | 20239 | 240794669059128 | 0.205994 | 128.08 | 0 | 2149
PACZ | Range_Medium | 69 | 10210 | 124916164223334 | 0.106653 | 128.08 | 0 | 1211
PACZ | Range_Medium | 70 | 89378 | 1058208329562708 | 1.08695 | 128.08 | 0 | 8407
PACZ | Range_Medium | 71 | 19110 | 200225036062545 | 0.19304 | 128.08 | 0 | 2123
PACZ | Range_Medium | 72 | 43526 | 445725527814279 | 0.461976 | 128.08 | 0 | 4383
PACZ | Range_Medium | 73 | 10514 | 121335371707662 | 0.121673 | 128.08 | 0 | 1379
PACZ | Range_Medium | 74 | 7872 | 104145405244923 | 0.0913143 | 128.08 | 0 | 1113
PACZ | Range_Medium | 75 | 66571 | 764888794767018 | 0.787338 | 128.08 | 0 | 6605
PACZ | Range_Medium | 76 | 84593 | 984204972247404 | 0.982364 | 128.08 | 0 | 8243
PACZ | Range_Medium | 77 | 14303 | 158134069354593 | 0.157674 | 128.08 | 0 | 1685
PACZ | Range_Medium | 78 | 64040 | 705245489492319 | 0.735998 | 128.08 | 0 | 6117
PACZ | Range_Medium | 79 | 2288 | 31077739025055 | 0.0326633 | 128.08 | 0 | 465
PACZ | Range_Medium | 80 | 19146 | 234431423670066 | 0.209967 | 128.08 | 0 | 2139
PACZ | Range_Medium | 81 | 3707 | 40630512934971 | 0.0429948 | 128.08 | 0 | 505
PACZ | Range_Medium | 82 | 22640 | 256761048524838 | 0.255346 | 128.08 | 0 | 2539
PACZ | Range_Medium | 83 | 20250 | 241571080196757 | 0.207663 | 128.08 | 0 | 2215
PACZ | Range_Medium | 84 | 33842 | 406884053959422 | 0.370661 | 128.08 | 0 | 3495
PACZ | Range_Medium | 85 | 32632 | 441419084403609 | 0.344992 | 128.08 | 0 | 3469
PACZ | Range_Medium | 86 | 5653 | 63259784194842 | 0.0673135 | 128.08 | 0 | 869
PACZ | Range_Medium | 87 | 6553 | 84345559567284 | 0.0693003 | 128.08 | 0 | 789
PACZ | Range_Medium | 88 | 12583 | 150899407389513 | 0.13566 | 128.08 | 0 | 1517
PACZ | Range_Medium | 89 | 37954 | 398331079940097 | 0.405709 | 128.08 | 0 | 3787
PACZ | Range_Medium | 90 | 18375 | 212075529947739 | 0.193993 | 128.08 | 0 | 2113
PACZ | Range_Medium | 91 | 58333 | 679153777680555 | 0.62871 | 128.08 | 0 | 5507
PACZ | Range_Medium | 92 | 45361 | 541280827076097 | 0.433286 | 128.08 | 0 | 4191
PACZ | Range_Medium | 93 | 15763 | 188586005491716 | 0.169039 | 128.08 | 0 | 1853
PACZ | Range_Medium | 94 | 30654 | 328166515602228 | 0.329336 | 128.08 | 0 | 3159
PACZ | Range_Medium | 95 | 35383 | 479853611877285 | 0.37535 | 128.08 | 0 | 3541
PACZ | Range_Medium | 96 | 47954 | 494831036016198 | 0.52468 | 128.08 | 0 | 4817
PACZ | Range_Medium | 97 | 44597 | 468360444637473 | 0.399669 | 128.08 | 0 | 4311
PACZ | Range_Medium | 98 | 97382 | 1144457608657089 | 1.13034 | 128.08 | 0 | 9117
PACZ | Range_Medium | 99 | 76780 | 910202571766047 | 0.929356 | 128.08 | 0 | 7439
PACZ | Range_Large | 0 | 373221 | 4347101580611256 | 4.48298 | 128.08 | 0 | 32743
PACZ | Range_Large | 1 | 391713 | 4550853387283287 | 4.76233 | 128.08 | 0 | 34243
PACZ | Range_Large | 2 | 610590 | 7163839883426343 | 7.83038 | 128.08 | 0 | 53659
PACZ | Range_Large | 3 | 420522 | 4996543044810225 | 5.591 | 128.08 | 0 | 37575
PACZ | Range_Large | 4 | 394779 | 4709630754212598 | 4.92167 | 128.08 | 0 | 35211
PACZ | Range_Large | 5 | 382679 | 4450345221032742 | 4.63502 | 128.08 | 0 | 33547
PACZ | Range_Large | 6 | 599202 | 7043206280047281 | 7.50295 | 128.08 | 0 | 52821
PACZ | Range_Large | 7 | 562472 | 6637401726721185 | 7.049 | 128.08 | 0 | 49821
PACZ | Range_Large | 8 | 1 | 15298736046 | 0.00166893 | 128.08 | 0 | 37
PACZ | Range_Large | 9 | 472212 | 5615149117432446 | 5.99106 | 128.08 | 0 | 41895
PACZ | Range_Large | 10 | 619122 | 7241467437983910 | 7.75131 | 128.08 | 0 | 54345
PACZ | Range_Large | 11 | 477747 | 5670933795139305 | 5.87535 | 128.08 | 0 | 42395
PACZ | Range_Large | 12 | 564169 | 6602612227964733 | 6.92797 | 128.08 | 0 | 49871
PACZ | Range_Large | 13 | 495620 | 5810331470353203 | 6.28932 | 128.08 | 0 | 43887
PACZ | Range_Large | 14 | 598204 | 7022274808920060 | 7.49795 | 128.08 | 0 | 52699
PACZ | Range_Large | 15 | 562793 | 6597731343798126 | 7.16734 | 128.08 | 0 | 49705
PACZ | Range_Large | 16 | 635 | 4673147441916 | 0.00905991 | 128.08 | 0 | 125
PACZ | Range_Large | 17 | 392950 | 4566624867178494 | 4.94997 | 128.08 | 0 | 34305
PACZ | Range_Large | 18 | 589118 | 6917743814851563 | 7.69933 | 128.08 | 0 | 51901
PACZ | Range_Large | 19 | 438718 | 5208476343362262 | 5.44763 | 128.08 | 0 | 39081
PACZ | Range_Large | 20 | 377349 | 4386242667804561 | 4.72665 | 128.08 | 0 | 33229
PACZ | Range_Large | 21 | 577809 | 6764360487098463 | 7.13332 | 128.08 | 0 | 50997
PACZ | Range_Large | 22 | 570933 | 6718945311924807 | 7.12196 | 128.08 | 0 | 50397
PACZ | Range_Large | 23 | 480789 | 5637164828836989 | 5.97167 | 128.08 | 0 | 42475
PACZ | Range_Large | 24 | 405564 | 4819296091828245 | 5.03198 | 128.08 | 0 | 36191
PACZ | Range_Large | 25 | 366010 | 4260245816778297 | 4.50134 | 128.08 | 0 | 32151
PACZ | Range_Large | 26 | 380148 | 4420489568201412 | 4.70002 | 128.08 | 0 | 33353
PACZ | Range_Large | 27 | 260915 | 2972047670360586 | 3.34032 | 128.08 | 0 | 23503
PACZ | Range_Large | 28 | 423170 | 4937428599789951 | 5.38405 | 128.08 | 0 | 37265
PACZ | Range_Large | 29 | 475679 | 5647967116928151 | 5.88536 | 128.08 | 0 | 42269
PACZ | Range_Large | 30 | 431155 | 5137314758114121 | 5.46002 | 128.08 | 0 | 38451
PACZ | Range_Large | 31 | 388210 | 4505614944967803 | 4.77028 | 128.08 | 0 | 33937
PACZ | Range_Large | 32 | 473289 | 5538688293479997 | 5.99631 | 128.08 | 0 | 41813
PACZ | Range_Large | 33 | 369941 | 4408227326787765 | 4.69637 | 128.08 | 0 | 33061
PACZ | Range_Large | 34 | 519740 | 6092238253576629 | 6.56168 | 128.08 | 0 | 45917
PACZ | Range_Large | 35 | 224222 | 2539286104443657 | 2.78465 | 128.08 | 0 | 20149
PACZ | Range_Large | 36 | 372857 | 4444720567271811 | 4.60664 | 128.08 | 0 | 33219
PACZ | Range_Large | 37 | 373941 | 4355260512629943 | 4.60966 | 128.08 | 0 | 32803
PACZ | Range_Large | 38 | 395593 | 4720540197029523 | 4.91834 | 128.08 | 0 | 35283
PACZ | Range_Large | 39 | 427380 | 5104884107466537 | 5.445 | 128.08 | 0 | 38233
PACZ | Range_Large | 40 | 474588 | 5635536388290768 | 5.93098 | 128.08 | 0 | 42171
PACZ | Range_Large | 41 | 581233 | 6841157047943001 | 7.35871 | 128.08 | 0 | 51365
PACZ | Range_Large | 42 | 609819 | 7153535490334662 | 7.5407 | 128.08 | 0 | 53739
PACZ | Range_Large | 43 | 387110 | 4619846698214286 | 4.83163 | 128.08 | 0 | 34531
PACZ | Range_Large | 44 | 386058 | 4488581004618819 | 4.75836 | 128.08 | 0 | 33775
PACZ | Range_Large | 45 | 427695 | 4990357341707766 | 5.33668 | 128.08 | 0 | 37989
PACZ | Range_Large | 46 | 267634 | 3056779352086632 | 3.37736 | 128.08 | 0 | 24179
PACZ | Range_Large | 47 | 581482 | 6851950815046926 | 7.42364 | 128.08 | 0 | 51339
PACZ | Range_Large | 48 | 468466 | 5555090893346658 | 5.95498 | 128.08 | 0 | 41659
PACZ | Range_Large | 49 | 633023 | 7387291159359249 | 9.78335 | 128.08 | 0 | 55657
PACZ | Range_Large | 50 | 410469 | 4796357099536773 | 6.81329 | 128.08 | 0 | 36167
PACZ | Range_Large | 51 | 36 | 297337322547 | 0.00437101 | 128.08 | 0 | 65
PACZ | Range_Large | 52 | 401449 | 4793835386001255 | 5.40566 | 128.08 | 0 | 35871
PACZ | Range_Large | 53 | 209317 | 2367350571151896 | 2.92993 | 128.08 | 0 | 18985
PACZ | Range_Large | 54 | 393717 | 4697305408190949 | 5.409 | 128.08 | 0 | 35139
PACZ | Range_Large | 55 | 608543 | 7151304464459769 | 8.15201 | 128.08 | 0 | 53663
PACZ | Range_Large | 56 | 475909 | 5574430199450973 | 6.4067 | 128.08 | 0 | 42207
PACZ | Range_Large | 57 | 421899 | 5015973993573951 | 5.64202 | 128.08 | 0 | 37381
PACZ | Range_Large | 58 | 557433 | 6518493437542506 | 7.58465 | 128.08 | 0 | 49183
PACZ | Range_Large | 59 | 605064 | 7096806891430332 | 8.13063 | 128.08 | 0 | 53279
PACZ | Range_Large | 60 | 347700 | 3969706421574954 | 5.70401 | 128.08 | 0 | 31377
PACZ | Range_Large | 61 | 576792 | 6733506276252672 | 7.75504 | 128.08 | 0 | 50849
PACZ | Range_Large | 62 | 298118 | 3413083589813265 | 3.75605 | 128.08 | 0 | 26033
PACZ | Range_Large | 63 | 372866 | 4442958923203923 | 5.08602 | 128.08 | 0 | 33253
PACZ | Range_Large | 64 | 347628 | 4048805291592288 | 4.80064 | 128.08 | 0 | 30625
PACZ | Range_Large | 65 | 445072 | 5296261299539997 | 6.21899 | 128.08 | 0 | 39609
PACZ | Range_Large | 66 | 282452 | 3209119250562561 | 3.7787 | 128.08 | 0 | 24529
PACZ | Range_Large | 67 | 474401 | 5633556279181731 | 6.52965 | 128.08 | 0 | 42151
PACZ | Range_Large | 68 | 503879 | 5910038258752794 | 6.91406 | 128.08 | 0 | 44535
PACZ | Range_Large | 69 | 386615 | 4493687627879763 | 5.32031 | 128.08 | 0 | 33795
PACZ | Range_Large | 70 | 624653 | 7298399200030854 | 8.55764 | 128.08 | 0 | 54827
PACZ | Range_Large | 71 | 588486 | 6881512171169730 | 8.07707 | 128.08 | 0 | 51909
PACZ | Range_Large | 72 | 454898 | 5409560426625585 | 6.32397 | 128.08 | 0 | 40437
PACZ | Range_Large | 73 | 474925 | 5638549035113745 | 6.47068 | 128.08 | 0 | 42175
PACZ | Range_Large | 74 | 609773 | 7158372419687418 | 8.36428 | 128.08 | 0 | 53669
PACZ | Range_Large | 75 | 546951 | 6408778481299680 | 7.49628 | 128.08 | 0 | 48403
PACZ | Range_Large | 76 | 368570 | 4388303547991518 | 4.78768 | 128.08 | 0 | 32817
PACZ | Range_Large | 77 | 369498 | 4309975180621332 | 5.05606 | 128.08 | 0 | 32475
PACZ | Range_Large | 78 | 386085 | 4488138202383819 | 5.1953 | 128.08 | 0 | 33767
PACZ | Range_Large | 79 | 473035 | 5616728894346003 | 6.47569 | 128.08 | 0 | 42039
PACZ | Range_Large | 80 | 593147 | 6963296008638177 | 8.05529 | 128.08 | 0 | 52207
PACZ | Range_Large | 81 | 296978 | 3404047478321844 | 3.98938 | 128.08 | 0 | 25943
PACZ | Range_Large | 82 | 396909 | 4738881305409549 | 5.17035 | 128.08 | 0 | 35491
PACZ | Range_Large | 83 | 329605 | 3757424840670219 | 4.45167 | 128.08 | 0 | 29575
PACZ | Range_Large | 84 | 406034 | 4842182160088260 | 5.32405 | 128.08 | 0 | 36215
PACZ | Range_Large | 85 | 439372 | 5236428328445982 | 5.65839 | 128.08 | 0 | 39109
PACZ | Range_Large | 86 | 419457 | 4988008425821601 | 5.22431 | 128.08 | 0 | 37275
PACZ | Range_Large | 87 | 485887 | 5697465201626328 | 6.03167 | 128.08 | 0 | 43029
PACZ | Range_Large | 88 | 382395 | 4447489109640669 | 4.66498 | 128.08 | 0 | 33545
PACZ | Range_Large | 89 | 379583 | 4518087792480870 | 4.57327 | 128.08 | 0 | 33845
PACZ | Range_Large | 90 | 645178 | 7541734189541154 | 7.876 | 128.08 | 0 | 56551
PACZ | Range_Large | 91 | 365873 | 4353708231432639 | 4.50834 | 128.08 | 0 | 32677
PACZ | Range_Large | 92 | 516708 | 6054632143317693 | 6.59601 | 128.08 | 0 | 45655
PACZ | Range_Large | 93 | 312651 | 3616125091971555 | 4.07434 | 128.08 | 0 | 27441
PACZ | Range_Large | 94 | 376924 | 4385905159416681 | 4.80064 | 128.08 | 0 | 33101
PACZ | Range_Large | 95 | 359877 | 4202259023310096 | 4.57001 | 128.08 | 0 | 31537
PACZ | Range_Large | 96 | 366210 | 4251979012989141 | 4.71973 | 128.08 | 0 | 32149
PACZ | Range_Large | 97 | 388270 | 4510827778110588 | 4.85269 | 128.08 | 0 | 33965
PACZ | Range_Large | 98 | 297637 | 3406732764535707 | 3.70995 | 128.08 | 0 | 25987
PACZ | Range_Large | 99 | 422869 | 5042596955700936 | 5.28502 | 128.08 | 0 | 37759
PACZ | kNN_10 | 0 | 10 | 148396049385 | 0.0587304 | 128.08 | 0 | 416
PACZ | kNN_10 | 1 | 10 | 120452719440 | 0.0297228 | 128.08 | 0 | 237
PACZ | kNN_10 | 2 | 10 | 120467979330 | 0.0240008 | 128.08 | 0 | 241
PACZ | kNN_10 | 3 | 10 | 125519094930 | 0.0336965 | 128.08 | 0 | 311
PACZ | kNN_10 | 4 | 10 | 90162720666 | 0.037988 | 128.08 | 0 | 367
PACZ | kNN_10 | 5 | 10 | 120069778434 | 0.0326633 | 128.08 | 0 | 287
PACZ | kNN_10 | 6 | 10 | 127120416606 | 0.0463327 | 128.08 | 0 | 431
PACZ | kNN_10 | 7 | 10 | 54268640580 | 0.0580152 | 128.08 | 0 | 492
PACZ | kNN_10 | 8 | 10 | 124355841132 | 0.0236829 | 128.08 | 0 | 236
PACZ | kNN_10 | 9 | 10 | 106500776241 | 0.0553131 | 128.08 | 0 | 468
PACZ | kNN_10 | 10 | 10 | 137333770296 | 0.0183582 | 128.08 | 0 | 144
PACZ | kNN_10 | 11 | 10 | 119852067906 | 0.0296434 | 128.08 | 0 | 282
PACZ | kNN_10 | 12 | 10 | 44037861315 | 0.0283718 | 128.08 | 0 | 219
PACZ | kNN_10 | 13 | 10 | 120457785939 | 0.0293255 | 128.08 | 0 | 243
PACZ | kNN_10 | 14 | 10 | 129474545778 | 0.0593662 | 128.08 | 0 | 499
PACZ | kNN_10 | 15 | 10 | 126337699011 | 0.0539621 | 128.08 | 0 | 496
PACZ | kNN_10 | 16 | 10 | 95070004344 | 0.0596841 | 128.08 | 0 | 469
PACZ | kNN_10 | 17 | 10 | 135634574646 | 0.0519753 | 128.08 | 0 | 479
PACZ | kNN_10 | 18 | 10 | 139802986932 | 0.0489553 | 128.08 | 0 | 420
PACZ | kNN_10 | 19 | 10 | 129974678847 | 0.0496705 | 128.08 | 0 | 434
PACZ | kNN_10 | 20 | 10 | 158685428496 | 0.0476042 | 128.08 | 0 | 388
PACZ | kNN_10 | 21 | 10 | 90128296215 | 0.0326633 | 128.08 | 0 | 236
PACZ | kNN_10 | 22 | 10 | 103810300830 | 0.0273387 | 128.08 | 0 | 265
PACZ | kNN_10 | 23 | 10 | 59648354868 | 0.0520547 | 128.08 | 0 | 489
PACZ | kNN_10 | 24 | 10 | 126317353608 | 0.045379 | 128.08 | 0 | 459
PACZ | kNN_10 | 25 | 10 | 124348659405 | 0.0429948 | 128.08 | 0 | 389
PACZ | kNN_10 | 26 | 10 | 60957847305 | 0.0590483 | 128.08 | 0 | 524
PACZ | kNN_10 | 27 | 10 | 57835404426 | 0.0293255 | 128.08 | 0 | 355
PACZ | kNN_10 | 28 | 10 | 105660108861 | 0.0356038 | 128.08 | 0 | 358
PACZ | kNN_10 | 29 | 10 | 72204816234 | 0.0349681 | 128.08 | 0 | 297
PACZ | kNN_10 | 30 | 10 | 62665195473 | 0.0286897 | 128.08 | 0 | 242
PACZ | kNN_10 | 31 | 10 | 129966584403 | 0.0510216 | 128.08 | 0 | 476
PACZ | kNN_10 | 32 | 10 | 90154318953 | 0.0346502 | 128.08 | 0 | 299
PACZ | kNN_10 | 33 | 10 | 106160050092 | 0.055631 | 128.08 | 0 | 463
PACZ | kNN_10 | 34 | 10 | 126362802783 | 0.0452995 | 128.08 | 0 | 476
PACZ | kNN_10 | 35 | 10 | 146089709595 | 0.0333786 | 128.08 | 0 | 305
PACZ | kNN_10 | 36 | 10 | 72645864168 | 0.0206629 | 128.08 | 0 | 187
PACZ | kNN_10 | 37 | 10 | 130081310709 | 0.0476837 | 128.08 | 0 | 484
PACZ | kNN_10 | 38 | 10 | 129807761361 | 0.042359 | 128.08 | 0 | 426
PACZ | kNN_10 | 39 | 10 | 138582974130 | 0.023365 | 128.08 | 0 | 234
PACZ | kNN_10 | 40 | 10 | 103647655341 | 0.0446637 | 128.08 | 0 | 332
PACZ | kNN_10 | 41 | 10 | 125463147492 | 0.0319481 | 128.08 | 0 | 330
PACZ | kNN_10 | 42 | 10 | 150948188559 | 0.0240008 | 128.08 | 0 | 194
PACZ | kNN_10 | 43 | 10 | 77718086568 | 0.0406901 | 128.08 | 0 | 424
PACZ | kNN_10 | 44 | 10 | 127873429836 | 0.0406901 | 128.08 | 0 | 419
PACZ | kNN_10 | 45 | 10 | 143445779223 | 0.0390212 | 128.08 | 0 | 362
PACZ | kNN_10 | 46 | 10 | 124453567686 | 0.0520547 | 128.08 | 0 | 502
PACZ | kNN_10 | 47 | 10 | 44012261109 | 0.0276566 | 128.08 | 0 | 320
PACZ | kNN_10 | 48 | 10 | 126178403769 | 0.0576178 | 128.08 | 0 | 478
PACZ | kNN_10 | 49 | 10 | 106743860994 | 0.0443459 | 128.08 | 0 | 343
PACZ | kNN_10 | 50 | 10 | 130908254406 | 0.0596841 | 128.08 | 0 | 532
PACZ | kNN_10 | 51 | 10 | 62888335692 | 0.0487169 | 128.08 | 0 | 495
PACZ | kNN_10 | 52 | 10 | 139277130378 | 0.0263055 | 128.08 | 0 | 241
PACZ | kNN_10 | 53 | 10 | 131552932335 | 0.0232855 | 128.08 | 0 | 219
PACZ | kNN_10 | 54 | 10 | 119994465894 | 0.036637 | 128.08 | 0 | 330
PACZ | kNN_10 | 55 | 10 | 126245218305 | 0.0459353 | 128.08 | 0 | 412
PACZ | kNN_10 | 56 | 10 | 84246888258 | 0.0439485 | 128.08 | 0 | 354
PACZ | kNN_10 | 57 | 10 | 118105273644 | 0.0456174 | 128.08 | 0 | 455
PACZ | kNN_10 | 58 | 10 | 120042036708 | 0.0293255 | 128.08 | 0 | 297
PACZ | kNN_10 | 59 | 10 | 92486696919 | 0.0216961 | 128.08 | 0 | 224
PACZ | kNN_10 | 60 | 10 | 123093808536 | 0.0493526 | 128.08 | 0 | 494
PACZ | kNN_10 | 61 | 10 | 129452169663 | 0.0530084 | 128.08 | 0 | 546
PACZ | kNN_10 | 62 | 10 | 105662070132 | 0.0293255 | 128.08 | 0 | 327
PACZ | kNN_10 | 63 | 10 | 105623592201 | 0.0273387 | 128.08 | 0 | 316
PACZ | kNN_10 | 64 | 10 | 122028503784 | 0.0280539 | 128.08 | 0 | 238
PACZ | kNN_10 | 65 | 10 | 119304646218 | 0.0376701 | 128.08 | 0 | 309
PACZ | kNN_10 | 66 | 10 | 138320507535 | 0.0227292 | 128.08 | 0 | 180
PACZ | kNN_10 | 67 | 10 | 154688728365 | 0.0360012 | 128.08 | 0 | 402
PACZ | kNN_10 | 68 | 10 | 102454189791 | 0.0247161 | 128.08 | 0 | 257
PACZ | kNN_10 | 69 | 10 | 124345130034 | 0.0313123 | 128.08 | 0 | 356
PACZ | kNN_10 | 70 | 10 | 52918207293 | 0.0186761 | 128.08 | 0 | 174
PACZ | kNN_10 | 71 | 10 | 15334888206 | 0.00929832 | 128.08 | 0 | 99
PACZ | kNN_10 | 72 | 10 | 130010191134 | 0.0533263 | 128.08 | 0 | 518
PACZ | kNN_10 | 73 | 10 | 141846852060 | 0.0350475 | 128.08 | 0 | 284
PACZ | kNN_10 | 74 | 10 | 118561340919 | 0.0419617 | 128.08 | 0 | 404
PACZ | kNN_10 | 75 | 10 | 131596257615 | 0.0373522 | 128.08 | 0 | 313
PACZ | kNN_10 | 76 | 10 | 126756026871 | 0.0533263 | 128.08 | 0 | 538
PACZ | kNN_10 | 77 | 10 | 138852872310 | 0.0420411 | 128.08 | 0 | 427
PACZ | kNN_10 | 78 | 10 | 122029013844 | 0.0213782 | 128.08 | 0 | 212
PACZ | kNN_10 | 79 | 10 | 126446830188 | 0.0460148 | 128.08 | 0 | 466
PACZ | kNN_10 | 80 | 10 | 131281679586 | 0.0583331 | 128.08 | 0 | 598
PACZ | kNN_10 | 81 | 10 | 110714367168 | 0.0316302 | 128.08 | 0 | 353
PACZ | kNN_10 | 82 | 10 | 105333485670 | 0.0373522 | 128.08 | 0 | 445
PACZ | kNN_10 | 83 | 10 | 156442703775 | 0.0519753 | 128.08 | 0 | 396
PACZ | kNN_10 | 84 | 10 | 147343802175 | 0.0203451 | 128.08 | 0 | 185
PACZ | kNN_10 | 85 | 10 | 129026041836 | 0.0352859 | 128.08 | 0 | 406
PACZ | kNN_10 | 86 | 10 | 58567910880 | 0.0263055 | 128.08 | 0 | 324
PACZ | kNN_10 | 87 | 10 | 147343791315 | 0.0203451 | 128.08 | 0 | 207
PACZ | kNN_10 | 88 | 10 | 50177259480 | 0.0616709 | 128.08 | 0 | 582
PACZ | kNN_10 | 89 | 10 | 145474840095 | 0.0390212 | 128.08 | 0 | 382
PACZ | kNN_10 | 90 | 10 | 90061128345 | 0.0436306 | 128.08 | 0 | 412
PACZ | kNN_10 | 91 | 10 | 128228894637 | 0.0499884 | 128.08 | 0 | 560
PACZ | kNN_10 | 92 | 10 | 127180935753 | 0.039657 | 128.08 | 0 | 414
PACZ | kNN_10 | 93 | 10 | 107803317831 | 0.0270208 | 128.08 | 0 | 310
PACZ | kNN_10 | 94 | 10 | 146906767044 | 0.0290076 | 128.08 | 0 | 286
PACZ | kNN_10 | 95 | 10 | 90165315468 | 0.0516574 | 128.08 | 0 | 501
PACZ | kNN_10 | 96 | 10 | 105623599818 | 0.0290076 | 128.08 | 0 | 321
PACZ | kNN_10 | 97 | 10 | 146073067059 | 0.0329812 | 128.08 | 0 | 320
PACZ | kNN_10 | 98 | 10 | 85631644314 | 0.0536442 | 128.08 | 0 | 572
PACZ | kNN_10 | 99 | 10 | 59648231127 | 0.0360012 | 128.08 | 0 | 415
PACZ | kNN_100 | 0 | 100 | 1483954142259 | 0.238339 | 128.08 | 0 | 748
PACZ | kNN_100 | 1 | 100 | 1156972013388 | 0.138601 | 128.08 | 0 | 341
PACZ | kNN_100 | 2 | 100 | 1221251503008 | 0.142336 | 128.08 | 0 | 377
PACZ | kNN_100 | 3 | 100 | 1255189522575 | 0.178337 | 128.08 | 0 | 543
PACZ | kNN_100 | 4 | 100 | 895524306222 | 0.206312 | 128.08 | 0 | 663
PACZ | kNN_100 | 5 | 100 | 1200697839447 | 0.208298 | 128.08 | 0 | 478
PACZ | kNN_100 | 6 | 100 | 1271204173782 | 0.279347 | 128.08 | 0 | 896
PACZ | kNN_100 | 7 | 100 | 1045853801886 | 0.290712 | 128.08 | 0 | 848
PACZ | kNN_100 | 8 | 100 | 1246645180350 | 0.136058 | 128.08 | 0 | 413
PACZ | kNN_100 | 9 | 100 | 1066707099846 | 0.33466 | 128.08 | 0 | 849
PACZ | kNN_100 | 10 | 100 | 1373332968528 | 0.082016 | 128.08 | 0 | 232
PACZ | kNN_100 | 11 | 100 | 1203694365606 | 0.200669 | 128.08 | 0 | 438
PACZ | kNN_100 | 12 | 100 | 682343135679 | 0.149647 | 128.08 | 0 | 384
PACZ | kNN_100 | 13 | 100 | 1204577819574 | 0.163317 | 128.08 | 0 | 403
PACZ | kNN_100 | 14 | 100 | 1286960510760 | 0.334024 | 128.08 | 0 | 909
PACZ | kNN_100 | 15 | 100 | 1227125199264 | 0.278632 | 128.08 | 0 | 915
PACZ | kNN_100 | 16 | 100 | 1124798430048 | 0.43265 | 128.08 | 0 | 904
PACZ | kNN_100 | 17 | 100 | 1356345738543 | 0.319322 | 128.08 | 0 | 886
PACZ | kNN_100 | 18 | 100 | 1398027403728 | 0.292619 | 128.08 | 0 | 774
PACZ | kNN_100 | 19 | 100 | 1230291434046 | 0.332594 | 128.08 | 0 | 876
PACZ | kNN_100 | 20 | 100 | 1586858803263 | 0.238657 | 128.08 | 0 | 629
PACZ | kNN_100 | 21 | 100 | 945963454455 | 0.175317 | 128.08 | 0 | 463
PACZ | kNN_100 | 22 | 100 | 1038104980731 | 0.185013 | 128.08 | 0 | 511
PACZ | kNN_100 | 23 | 100 | 1051646180172 | 0.316381 | 128.08 | 0 | 982
PACZ | kNN_100 | 24 | 100 | 1263416381985 | 0.25932 | 128.08 | 0 | 900
PACZ | kNN_100 | 25 | 100 | 1243486554321 | 0.29095 | 128.08 | 0 | 822
PACZ | kNN_100 | 26 | 100 | 793892315871 | 0.324011 | 128.08 | 0 | 1009
PACZ | kNN_100 | 27 | 100 | 773418592332 | 0.256697 | 128.08 | 0 | 683
PACZ | kNN_100 | 28 | 100 | 1018350650580 | 0.221332 | 128.08 | 0 | 630
PACZ | kNN_100 | 29 | 100 | 860841502191 | 0.177304 | 128.08 | 0 | 481
PACZ | kNN_100 | 30 | 100 | 750423198273 | 0.226021 | 128.08 | 0 | 424
PACZ | kNN_100 | 31 | 100 | 1295481742371 | 0.29405 | 128.08 | 0 | 879
PACZ | kNN_100 | 32 | 100 | 901543217235 | 0.220378 | 128.08 | 0 | 633
PACZ | kNN_100 | 33 | 100 | 1080799109406 | 0.287692 | 128.08 | 0 | 914
PACZ | kNN_100 | 34 | 100 | 1263627428523 | 0.237306 | 128.08 | 0 | 859
PACZ | kNN_100 | 35 | 100 | 1460897097450 | 0.183662 | 128.08 | 0 | 538
PACZ | kNN_100 | 36 | 100 | 594449771982 | 0.157038 | 128.08 | 0 | 395
PACZ | kNN_100 | 37 | 100 | 1306251415182 | 0.302315 | 128.08 | 0 | 873
PACZ | kNN_100 | 38 | 100 | 1274620922634 | 0.264009 | 128.08 | 0 | 767
PACZ | kNN_100 | 39 | 100 | 1386574896036 | 0.124296 | 128.08 | 0 | 381
PACZ | kNN_100 | 40 | 100 | 1036520187261 | 0.217279 | 128.08 | 0 | 574
PACZ | kNN_100 | 41 | 100 | 1254631682781 | 0.188351 | 128.08 | 0 | 608
PACZ | kNN_100 | 42 | 100 | 1510917473973 | 0.148296 | 128.08 | 0 | 319
PACZ | kNN_100 | 43 | 100 | 1007509871475 | 0.221014 | 128.08 | 0 | 777
PACZ | kNN_100 | 44 | 100 | 1275958748445 | 0.231028 | 128.08 | 0 | 744
PACZ | kNN_100 | 45 | 100 | 1392267319620 | 0.204643 | 128.08 | 0 | 644
PACZ | kNN_100 | 46 | 100 | 1173278931741 | 0.339667 | 128.08 | 0 | 936
PACZ | kNN_100 | 47 | 100 | 422867641335 | 0.237385 | 128.08 | 0 | 717
PACZ | kNN_100 | 48 | 100 | 1261784064207 | 0.320037 | 128.08 | 0 | 967
PACZ | kNN_100 | 49 | 100 | 1067204536563 | 0.202974 | 128.08 | 0 | 595
PACZ | kNN_100 | 50 | 100 | 1296942605043 | 0.312726 | 128.08 | 0 | 942
PACZ | kNN_100 | 51 | 100 | 941105726238 | 0.303348 | 128.08 | 0 | 940
PACZ | kNN_100 | 52 | 100 | 1392771352932 | 0.162363 | 128.08 | 0 | 444
PACZ | kNN_100 | 53 | 100 | 1202084105190 | 0.169992 | 128.08 | 0 | 396
PACZ | kNN_100 | 54 | 100 | 1199967591429 | 0.233332 | 128.08 | 0 | 529
PACZ | kNN_100 | 55 | 100 | 1351912124688 | 0.260671 | 128.08 | 0 | 773
PACZ | kNN_100 | 56 | 100 | 750084561933 | 0.249942 | 128.08 | 0 | 602
PACZ | kNN_100 | 57 | 100 | 1211691438252 | 0.330289 | 128.08 | 0 | 861
PACZ | kNN_100 | 58 | 100 | 1200420338829 | 0.166972 | 128.08 | 0 | 472
PACZ | kNN_100 | 59 | 100 | 991943914326 | 0.165304 | 128.08 | 0 | 423
PACZ | kNN_100 | 60 | 100 | 1225157891361 | 0.293652 | 128.08 | 0 | 895
PACZ | kNN_100 | 61 | 100 | 1182416880597 | 0.321388 | 128.08 | 0 | 991
PACZ | kNN_100 | 62 | 100 | 1094863093788 | 0.191371 | 128.08 | 0 | 665
PACZ | kNN_100 | 63 | 100 | 1065807348909 | 0.212987 | 128.08 | 0 | 653
PACZ | kNN_100 | 64 | 100 | 1220285031303 | 0.204961 | 128.08 | 0 | 469
PACZ | kNN_100 | 65 | 100 | 1193050869312 | 0.220617 | 128.08 | 0 | 590
PACZ | kNN_100 | 66 | 100 | 1367472899547 | 0.119368 | 128.08 | 0 | 304
PACZ | kNN_100 | 67 | 100 | 1340304716070 | 0.238975 | 128.08 | 0 | 758
PACZ | kNN_100 | 68 | 100 | 1001754920889 | 0.153303 | 128.08 | 0 | 470
PACZ | kNN_100 | 69 | 100 | 1243450867518 | 0.211954 | 128.08 | 0 | 740
PACZ | kNN_100 | 70 | 100 | 651516358821 | 0.111262 | 128.08 | 0 | 303
PACZ | kNN_100 | 71 | 100 | 262331316594 | 0.0633399 | 128.08 | 0 | 189
PACZ | kNN_100 | 72 | 100 | 1285562124861 | 0.304381 | 128.08 | 0 | 891
PACZ | kNN_100 | 73 | 100 | 1418468466072 | 0.200987 | 128.08 | 0 | 527
PACZ | kNN_100 | 74 | 100 | 1190116109169 | 0.241041 | 128.08 | 0 | 671
PACZ | kNN_100 | 75 | 100 | 1285829121438 | 0.258048 | 128.08 | 0 | 608
PACZ | kNN_100 | 76 | 100 | 1265868233127 | 0.362396 | 128.08 | 0 | 1139
PACZ | kNN_100 | 77 | 100 | 1037265079683 | 0.247637 | 128.08 | 0 | 798
PACZ | kNN_100 | 78 | 100 | 1226494561632 | 0.150681 | 128.08 | 0 | 410
PACZ | kNN_100 | 79 | 100 | 1241243391105 | 0.300646 | 128.08 | 0 | 868
PACZ | kNN_100 | 80 | 100 | 1292081437173 | 0.379006 | 128.08 | 0 | 1061
PACZ | kNN_100 | 81 | 100 | 1216898135958 | 0.260353 | 128.08 | 0 | 708
PACZ | kNN_100 | 82 | 100 | 1189684792872 | 0.284274 | 128.08 | 0 | 892
PACZ | kNN_100 | 83 | 100 | 1564427042928 | 0.209649 | 128.08 | 0 | 648
PACZ | kNN_100 | 84 | 100 | 1473438025491 | 0.149727 | 128.08 | 0 | 404
PACZ | kNN_100 | 85 | 100 | 1293708547935 | 0.239372 | 128.08 | 0 | 759
PACZ | kNN_100 | 86 | 100 | 658515811635 | 0.150363 | 128.08 | 0 | 565
PACZ | kNN_100 | 87 | 100 | 1473437914350 | 0.171661 | 128.08 | 0 | 475
PACZ | kNN_100 | 88 | 100 | 804940637685 | 0.420332 | 128.08 | 0 | 1138
PACZ | kNN_100 | 89 | 100 | 1454748425799 | 0.260035 | 128.08 | 0 | 762
PACZ | kNN_100 | 90 | 100 | 900751763592 | 0.28801 | 128.08 | 0 | 771
PACZ | kNN_100 | 91 | 100 | 1282094453619 | 0.314315 | 128.08 | 0 | 956
PACZ | kNN_100 | 92 | 100 | 1269557485491 | 0.318368 | 128.08 | 0 | 808
PACZ | kNN_100 | 93 | 100 | 1138392326142 | 0.239293 | 128.08 | 0 | 582
PACZ | kNN_100 | 94 | 100 | 1235658024630 | 0.167608 | 128.08 | 0 | 506
PACZ | kNN_100 | 95 | 100 | 1042555415616 | 0.297944 | 128.08 | 0 | 946
PACZ | kNN_100 | 96 | 100 | 1056236010240 | 0.182708 | 128.08 | 0 | 640
PACZ | kNN_100 | 97 | 100 | 1460730675882 | 0.212034 | 128.08 | 0 | 574
PACZ | kNN_100 | 98 | 100 | 795503473902 | 0.31503 | 128.08 | 0 | 984
PACZ | kNN_100 | 99 | 100 | 596482356084 | 0.283003 | 128.08 | 0 | 888
