Algo | QType | QID | Count | Hash | Time_ms | Mem_Tree_MB | Mem_Delta_MB | Nodes
PACZ | Range_Small | 0 | 244 | 3383741532858 | 0.00739098 | 130.432 | 0 | 157
PACZ | Range_Small | 1 | 1194 | 14271991079397 | 0.0216961 | 130.432 | 0 | 281
PACZ | Range_Small | 2 | 1803 | 17864976092796 | 0.0300407 | 130.432 | 0 | 453
PACZ | Range_Small | 3 | 202 | 2569709309754 | 0.00500679 | 130.432 | 0 | 161
PACZ | Range_Small | 4 | 188 | 2026695091353 | 0.00794729 | 130.432 | 0 | 221
PACZ | Range_Small | 5 | 944 | 11598667468533 | 0.0332991 | 130.432 | 0 | 349
PACZ | Range_Small | 6 | 87 | 1271571536556 | 0.00707308 | 130.432 | 0 | 187
PACZ | Range_Small | 7 | 518 | 7243798506519 | 0.00866254 | 130.432 | 0 | 203
PACZ | Range_Small | 8 | 790 | 11042534384382 | 0.0106494 | 130.432 | 0 | 239
PACZ | Range_Small | 9 | 3750 | 34742786071398 | 0.0537237 | 130.432 | 0 | 547
PACZ | Range_Small | 10 | 4514 | 55388931201468 | 0.0580152 | 130.432 | 0 | 697
PACZ | Range_Small | 11 | 239 | 3243414060636 | 0.0136693 | 130.432 | 0 | 207
PACZ | Range_Small | 12 | 627 | 6254759898348 | 0.0183582 | 130.432 | 0 | 271
PACZ | Range_Small | 13 | 317 | 3902022117177 | 0.0103315 | 130.432 | 0 | 249
PACZ | Range_Small | 14 | 385 | 4460001442941 | 0.0130335 | 130.432 | 0 | 211
PACZ | Range_Small | 15 | 63 | 605075119767 | 0.00603994 | 130.432 | 0 | 151
PACZ | Range_Small | 16 | 399 | 4942210466880 | 0.0156562 | 130.432 | 0 | 195
PACZ | Range_Small | 17 | 3757 | 45755312179056 | 0.056982 | 130.432 | 0 | 673
PACZ | Range_Small | 18 | 1651 | 17312012103930 | 0.033617 | 130.432 | 0 | 335
PACZ | Range_Small | 19 | 892 | 10175976847149 | 0.0269413 | 130.432 | 0 | 371
PACZ | Range_Small | 20 | 2413 | 29436129284085 | 0.0389417 | 130.432 | 0 | 519
PACZ | Range_Small | 21 | 259 | 3153774212496 | 0.0073115 | 130.432 | 0 | 195
PACZ | Range_Small | 22 | 1249 | 12892290353025 | 0.0249545 | 130.432 | 0 | 389
PACZ | Range_Small | 23 | 614 | 7656049633992 | 0.0185966 | 130.432 | 0 | 295
PACZ | Range_Small | 24 | 1 | 6910052823 | 0.00127157 | 130.432 | 0 | 37
PACZ | Range_Small | 25 | 1731 | 20728210892454 | 0.0290076 | 130.432 | 0 | 321
PACZ | Range_Small | 26 | 1311 | 15621950329833 | 0.0259876 | 130.432 | 0 | 375
PACZ | Range_Small | 27 | 4879 | 62631893465406 | 0.0736713 | 130.432 | 0 | 705
PACZ | Range_Small | 28 | 3452 | 43446062049891 | 0.052611 | 130.432 | 0 | 659
PACZ | Range_Small | 29 | 835 | 9141205063992 | 0.0206629 | 130.432 | 0 | 341
PACZ | Range_Small | 30 | 375 | 4632933573363 | 0.0093778 | 130.432 | 0 | 227
PACZ | Range_Small | 31 | 46 | 401233346715 | 0.0100136 | 130.432 | 0 | 167
PACZ | Range_Small | 32 | 240 | 3502898742876 | 0.00603994 | 130.432 | 0 | 161
PACZ | Range_Small | 33 | 1401 | 13698969099072 | 0.0293255 | 130.432 | 0 | 425
PACZ | Range_Small | 34 | 1858 | 19814907097164 | 0.0343323 | 130.432 | 0 | 427
PACZ | Range_Small | 35 | 1026 | 12678957749817 | 0.0303586 | 130.432 | 0 | 331
PACZ | Range_Small | 36 | 780 | 9129439477407 | 0.0183582 | 130.432 | 0 | 269
PACZ | Range_Small | 37 | 460 | 4407213356490 | 0.0106494 | 130.432 | 0 | 277
PACZ | Range_Small | 38 | 281 | 3840385264905 | 0.0136693 | 130.432 | 0 | 231
PACZ | Range_Small | 39 | 473 | 4901209574634 | 0.0186761 | 130.432 | 0 | 275
PACZ | Range_Small | 40 | 76 | 916428309417 | 0.00365575 | 130.432 | 0 | 127
PACZ | Range_Small | 41 | 307 | 3706671507621 | 0.00762939 | 130.432 | 0 | 195
PACZ | Range_Small | 42 | 624 | 7436128052592 | 0.0160535 | 130.432 | 0 | 261
PACZ | Range_Small | 43 | 531 | 5655684859926 | 0.0100136 | 130.432 | 0 | 207
PACZ | Range_Small | 44 | 1396 | 13180926749223 | 0.0356833 | 130.432 | 0 | 351
PACZ | Range_Small | 45 | 2105 | 27400616892792 | 0.0243982 | 130.432 | 0 | 373
PACZ | Range_Small | 46 | 1632 | 20437395256101 | 0.0313123 | 130.432 | 0 | 419
PACZ | Range_Small | 47 | 163 | 2241794908332 | 0.0106494 | 130.432 | 0 | 169
PACZ | Range_Small | 48 | 339 | 2183837456874 | 0.0136693 | 130.432 | 0 | 227
PACZ | Range_Small | 49 | 783 | 11053909293033 | 0.0126362 | 130.432 | 0 | 273
PACZ | Range_Small | 50 | 971 | 11624361370113 | 0.0282923 | 130.432 | 0 | 283
PACZ | Range_Small | 51 | 185 | 861211302006 | 0.0100136 | 130.432 | 0 | 153
PACZ | Range_Small | 52 | 315 | 3899087407656 | 0.00874201 | 130.432 | 0 | 213
PACZ | Range_Small | 53 | 434 | 6034125192012 | 0.0156562 | 130.432 | 0 | 241
PACZ | Range_Small | 54 | 32 | 398611715328 | 0.0046889 | 130.432 | 0 | 147
PACZ | Range_Small | 55 | 596 | 8181710320731 | 0.015974 | 130.432 | 0 | 227
PACZ | Range_Small | 56 | 81 | 880918548549 | 0.00572205 | 130.432 | 0 | 167
PACZ | Range_Small | 57 | 15471 | 188656292420385 | 0.219345 | 130.432 | 0 | 1901
PACZ | Range_Small | 58 | 3186 | 42641153713494 | 0.0553131 | 130.432 | 0 | 581
PACZ | Range_Small | 59 | 410 | 5097755371686 | 0.0139872 | 130.432 | 0 | 229
PACZ | Range_Small | 60 | 6304 | 78172362674049 | 0.0863075 | 130.432 | 0 | 861
PACZ | Range_Small | 61 | 6296 | 78077943919809 | 0.0616709 | 130.432 | 0 | 861
PACZ | Range_Small | 62 | 681 | 5458927812324 | 0.0153383 | 130.432 | 0 | 229
PACZ | Range_Small | 63 | 815 | 9646113761145 | 0.015974 | 130.432 | 0 | 255
PACZ | Range_Small | 64 | 170 | 1621498764114 | 0.00532468 | 130.432 | 0 | 147
PACZ | Range_Small | 65 | 198 | 2260428895617 | 0.013272 | 130.432 | 0 | 219
PACZ | Range_Small | 66 | 74 | 935147985735 | 0.0073115 | 130.432 | 0 | 159
PACZ | Range_Small | 67 | 863 | 10218938846151 | 0.0100136 | 130.432 | 0 | 255
PACZ | Range_Small | 68 | 435 | 4454743720992 | 0.0186761 | 130.432 | 0 | 313
PACZ | Range_Small | 69 | 319 | 4443327226752 | 0.00564257 | 130.432 | 0 | 153
PACZ | Range_Small | 70 | 1 | 6269997246 | 0.00166893 | 130.432 | 0 | 55
PACZ | Range_Small | 71 | 11116 | 136829470211367 | 0.142972 | 130.432 | 0 | 1439
PACZ | Range_Small | 72 | 64 | 605448149592 | 0.00770887 | 130.432 | 0 | 215
PACZ | Range_Small | 73 | 997 | 13812383911302 | 0.0139872 | 130.432 | 0 | 277
PACZ | Range_Small | 74 | 8482 | 104934757745958 | 0.118335 | 130.432 | 0 | 1151
PACZ | Range_Small | 75 | 1240 | 14900840660196 | 0.0226498 | 130.432 | 0 | 329
PACZ | Range_Small | 76 | 839 | 10258792542906 | 0.0156562 | 130.432 | 0 | 325
PACZ | Range_Small | 77 | 1032 | 14138665384965 | 0.0186761 | 130.432 | 0 | 311
PACZ | Range_Small | 78 | 33 | 332988837390 | 0.0103315 | 130.432 | 0 | 177
PACZ | Range_Small | 79 | 1365 | 14137112742663 | 0.0203451 | 130.432 | 0 | 361
PACZ | Range_Small | 80 | 5546 | 69413334502917 | 0.0580152 | 130.432 | 0 | 815
PACZ | Range_Small | 81 | 188 | 2057028770490 | 0.0162919 | 130.432 | 0 | 221
PACZ | Range_Small | 82 | 975 | 14467470631824 | 0.0112851 | 130.432 | 0 | 253
PACZ | Range_Small | 83 | 1852 | 16311067872591 | 0.0246366 | 130.432 | 0 | 419
PACZ | Range_Small | 84 | 664 | 8218585349736 | 0.0140667 | 130.432 | 0 | 301
PACZ | Range_Small | 85 | 15593 | 190124328422211 | 0.168641 | 130.432 | 0 | 1941
PACZ | Range_Small | 86 | 1965 | 21301377937608 | 0.0339349 | 130.432 | 0 | 435
PACZ | Range_Small | 87 | 442 | 5819494620426 | 0.00961622 | 130.432 | 0 | 213
PACZ | Range_Small | 88 | 445 | 5579567928042 | 0.0153383 | 130.432 | 0 | 251
PACZ | Range_Small | 89 | 679 | 6977981000412 | 0.0123183 | 130.432 | 0 | 279
PACZ | Range_Small | 90 | 368 | 4521603618105 | 0.0107288 | 130.432 | 0 | 233
PACZ | Range_Small | 91 | 310 | 3858113958153 | 0.0173251 | 130.432 | 0 | 209
PACZ | Range_Small | 92 | 756 | 8735980872462 | 0.0180403 | 130.432 | 0 | 283
PACZ | Range_Small | 93 | 154 | 1934307064905 | 0.0107288 | 130.432 | 0 | 197
PACZ | Range_Small | 94 | 443 | 5554229395983 | 0.00866254 | 130.432 | 0 | 237
PACZ | Range_Small | 95 | 425 | 4653660286302 | 0.0110467 | 130.432 | 0 | 257
PACZ | Range_Small | 96 | 622 | 7163492481372 | 0.0113646 | 130.432 | 0 | 275
PACZ | Range_Small | 97 | 1694 | 24648002293824 | 0.0223319 | 130.432 | 0 | 391
PACZ | Range_Small | 98 | 201 | 2950778508522 | 0.0103315 | 130.432 | 0 | 157
PACZ | Range_Small | 99 | 585 | 7893902814768 | 0.0153383 | 130.432 | 0 | 259
PACZ | Range_Medium | 0 | 19618 | 222808660658919 | 0.252406 | 130.432 | 0 | 2031
PACZ | Range_Medium | 1 | 46448 | 553069479879348 | 0.49305 | 130.432 | 0 | 4271
PACZ | Range_Medium | 2 | 2525 | 25256907110757 | 0.0349681 | 130.432 | 0 | 481
PACZ | Range_Medium | 3 | 72577 | 859450211912631 | 0.818412 | 130.432 | 0 | 7131
PACZ | Range_Medium | 4 | 34101 | 464462375693196 | 0.334978 | 130.432 | 0 | 3425
PACZ | Range_Medium | 5 | 32853 | 361617868607799 | 0.327667 | 130.432 | 0 | 3317
PACZ | Range_Medium | 6 | 25913 | 309168928353999 | 0.231345 | 130.432 | 0 | 2775
PACZ | Range_Medium | 7 | 49776 | 585136832249922 | 0.508308 | 130.432 | 0 | 4683
PACZ | Range_Medium | 8 | 75247 | 891301815299883 | 0.964324 | 130.432 | 0 | 7297
PACZ | Range_Medium | 9 | 11782 | 133673077275477 | 0.105302 | 130.432 | 0 | 1335
PACZ | Range_Medium | 10 | 2988 | 33004397627040 | 0.0346502 | 130.432 | 0 | 539
PACZ | Range_Medium | 11 | 45731 | 469887134397957 | 0.45832 | 130.432 | 0 | 4503
PACZ | Range_Medium | 12 | 102 | 653520340572 | 0.00270208 | 130.432 | 0 | 85
PACZ | Range_Medium | 13 | 26523 | 359054485097901 | 0.248035 | 130.432 | 0 | 2863
PACZ | Range_Medium | 14 | 24017 | 271282372715679 | 0.213703 | 130.432 | 0 | 2641
PACZ | Range_Medium | 15 | 22028 | 268510089380904 | 0.206391 | 130.432 | 0 | 2351
PACZ | Range_Medium | 16 | 26219 | 327550541201871 | 0.298262 | 130.432 | 0 | 3015
PACZ | Range_Medium | 17 | 4150 | 48582059468541 | 0.0513395 | 130.432 | 0 | 735
PACZ | Range_Medium | 18 | 97273 | 1144205274607482 | 1.15633 | 130.432 | 0 | 9091
PACZ | Range_Medium | 19 | 77495 | 916244703163878 | 0.778357 | 130.432 | 0 | 7415
PACZ | Range_Medium | 20 | 35929 | 492277643551371 | 0.380993 | 130.432 | 0 | 3643
PACZ | Range_Medium | 21 | 9177 | 106553984146059 | 0.0926654 | 130.432 | 0 | 1103
PACZ | Range_Medium | 22 | 85115 | 1002269810403318 | 0.943343 | 130.432 | 0 | 8147
PACZ | Range_Medium | 23 | 12668 | 144308771879544 | 0.117699 | 130.432 | 0 | 1373
PACZ | Range_Medium | 24 | 5288 | 63743174285055 | 0.0557105 | 130.432 | 0 | 703
PACZ | Range_Medium | 25 | 38934 | 470377960064505 | 0.394344 | 130.432 | 0 | 4115
PACZ | Range_Medium | 26 | 31631 | 444877080021006 | 0.307957 | 130.432 | 0 | 3247
PACZ | Range_Medium | 27 | 13540 | 161991269839275 | 0.124375 | 130.432 | 0 | 1393
PACZ | Range_Medium | 28 | 19604 | 231303120356655 | 0.180721 | 130.432 | 0 | 2141
PACZ | Range_Medium | 29 | 31287 | 433305584054001 | 0.282685 | 130.432 | 0 | 3343
PACZ | Range_Medium | 30 | 7132 | 83528164350018 | 0.0752608 | 130.432 | 0 | 885
PACZ | Range_Medium | 31 | 34722 | 381150538025973 | 0.341654 | 130.432 | 0 | 3535
PACZ | Range_Medium | 32 | 9141 | 110938747066269 | 0.108322 | 130.432 | 0 | 1241
PACZ | Range_Medium | 33 | 3272 | 25732146518808 | 0.0373522 | 130.432 | 0 | 485
PACZ | Range_Medium | 34 | 48221 | 500142192733698 | 0.520309 | 130.432 | 0 | 4705
PACZ | Range_Medium | 35 | 7884 | 88094772472779 | 0.0783602 | 130.432 | 0 | 987
PACZ | Range_Medium | 36 | 12764 | 147476352311148 | 0.110706 | 130.432 | 0 | 1573
PACZ | Range_Medium | 37 | 46315 | 551588811099966 | 0.428677 | 130.432 | 0 | 4297
PACZ | Range_Medium | 38 | 49893 | 586186008111450 | 0.443379 | 130.432 | 0 | 4677
PACZ | Range_Medium | 39 | 15633 | 189928569692166 | 0.151634 | 130.432 | 0 | 1815
PACZ | Range_Medium | 40 | 38982 | 469094527845063 | 0.385284 | 130.432 | 0 | 3995
PACZ | Range_Medium | 41 | 44261 | 464848925869128 | 0.414689 | 130.432 | 0 | 4211
PACZ | Range_Medium | 42 | 332 | 2072576003094 | 0.0107288 | 130.432 | 0 | 213
PACZ | Range_Medium | 43 | 28768 | 356331746809872 | 0.285308 | 130.432 | 0 | 2971
PACZ | Range_Medium | 44 | 3196 | 42103629454275 | 0.037988 | 130.432 | 0 | 583
PACZ | Range_Medium | 45 | 5315 | 53289599222688 | 0.0723203 | 130.432 | 0 | 775
PACZ | Range_Medium | 46 | 17884 | 214355083132335 | 0.170708 | 130.432 | 0 | 2003
PACZ | Range_Medium | 47 | 13791 | 164197442153772 | 0.131369 | 130.432 | 0 | 1423
PACZ | Range_Medium | 48 | 5549 | 68362536905118 | 0.0642935 | 130.432 | 0 | 765
PACZ | Range_Medium | 49 | 18682 | 217787299076352 | 0.199 | 130.432 | 0 | 2041
PACZ | Range_Medium | 50 | 9493 | 116045083587156 | 0.116269 | 130.432 | 0 | 1143
PACZ | Range_Medium | 51 | 6445 | 84363984692235 | 0.0847181 | 130.432 | 0 | 827
PACZ | Range_Medium | 52 | 22828 | 270444072026034 | 0.235001 | 130.432 | 0 | 2407
PACZ | Range_Medium | 53 | 75047 | 888575570080974 | 0.856638 | 130.432 | 0 | 7285
PACZ | Range_Medium | 54 | 88953 | 1052869408476156 | 0.950972 | 130.432 | 0 | 8335
PACZ | Range_Medium | 55 | 27012 | 321832844372976 | 0.2683 | 130.432 | 0 | 2759
PACZ | Range_Medium | 56 | 3218 | 34473886101132 | 0.0442664 | 130.432 | 0 | 525
PACZ | Range_Medium | 57 | 7276 | 92616696049062 | 0.0813007 | 130.432 | 0 | 947
PACZ | Range_Medium | 58 | 5573 | 68159358193623 | 0.0720024 | 130.432 | 0 | 793
PACZ | Range_Medium | 59 | 88497 | 1048408167881079 | 1.07733 | 130.432 | 0 | 8351
PACZ | Range_Medium | 60 | 34883 | 383117334995823 | 0.372966 | 130.432 | 0 | 3533
PACZ | Range_Medium | 61 | 44809 | 535122972501174 | 0.461976 | 130.432 | 0 | 4139
PACZ | Range_Medium | 62 | 2928 | 27466161730212 | 0.0353654 | 130.432 | 0 | 471
PACZ | Range_Medium | 63 | 37286 | 390483370312011 | 0.392993 | 130.432 | 0 | 3769
PACZ | Range_Medium | 64 | 88875 | 1036294229577612 | 1.09069 | 130.432 | 0 | 8539
PACZ | Range_Medium | 65 | 32900 | 362300860747746 | 0.331004 | 130.432 | 0 | 3293
PACZ | Range_Medium | 66 | 8054 | 91679973144768 | 0.0846386 | 130.432 | 0 | 915
PACZ | Range_Medium | 67 | 31742 | 340592666920407 | 0.335296 | 130.432 | 0 | 3241
PACZ | Range_Medium | 68 | 58364 | 672270819147651 | 0.635703 | 130.432 | 0 | 5457
PACZ | Range_Medium | 69 | 5399 | 64799235067458 | 0.0539621 | 130.432 | 0 | 655
PACZ | Range_Medium | 70 | 29874 | 320644436014119 | 0.295639 | 130.432 | 0 | 3031
PACZ | Range_Medium | 71 | 88957 | 1052816452421100 | 1.03998 | 130.432 | 0 | 8353
PACZ | Range_Medium | 72 | 13272 | 159293969418360 | 0.130018 | 130.432 | 0 | 1389
PACZ | Range_Medium | 73 | 5195 | 62107491678780 | 0.0546773 | 130.432 | 0 | 639
PACZ | Range_Medium | 74 | 23937 | 275495228182065 | 0.257015 | 130.432 | 0 | 2637
PACZ | Range_Medium | 75 | 5234 | 57109931034186 | 0.063022 | 130.432 | 0 | 727
PACZ | Range_Medium | 76 | 15424 | 192379028719038 | 0.176032 | 130.432 | 0 | 1807
PACZ | Range_Medium | 77 | 29321 | 313141220853342 | 0.311693 | 130.432 | 0 | 2981
PACZ | Range_Medium | 78 | 10565 | 140651693025930 | 0.12668 | 130.432 | 0 | 1345
PACZ | Range_Medium | 79 | 18403 | 217726521995841 | 0.217676 | 130.432 | 0 | 2243
PACZ | Range_Medium | 80 | 43684 | 451823169503232 | 0.461658 | 130.432 | 0 | 4359
PACZ | Range_Medium | 81 | 15127 | 168001509796401 | 0.168324 | 130.432 | 0 | 1635
PACZ | Range_Medium | 82 | 29036 | 341948907107685 | 0.361284 | 130.432 | 0 | 2987
PACZ | Range_Medium | 83 | 2522 | 34280105007330 | 0.0330607 | 130.432 | 0 | 437
PACZ | Range_Medium | 84 | 95901 | 1124632426476993 | 1.1483 | 130.432 | 0 | 9007
PACZ | Range_Medium | 85 | 30768 | 337685358232578 | 0.317017 | 130.432 | 0 | 3081
PACZ | Range_Medium | 86 | 9347 | 114994032724416 | 0.107288 | 130.432 | 0 | 1143
PACZ | Range_Medium | 87 | 22722 | 287805465179070 | 0.259002 | 130.432 | 0 | 2385
PACZ | Range_Medium | 88 | 50635 | 531925520606985 | 0.592629 | 130.432 | 0 | 4801
PACZ | Range_Medium | 89 | 23590 | 272986175077329 | 0.272036 | 130.432 | 0 | 2789
PACZ | Range_Medium | 90 | 87092 | 1028101145087487 | 1.05135 | 130.432 | 0 | 8211
PACZ | Range_Medium | 91 | 5523 | 69368999525340 | 0.0589689 | 130.432 | 0 | 657
PACZ | Range_Medium | 92 | 16738 | 183926136823251 | 0.193596 | 130.432 | 0 | 1845
PACZ | Range_Medium | 93 | 35287 | 369338224106118 | 0.421683 | 130.432 | 0 | 3651
PACZ | Range_Medium | 94 | 87797 | 1036010197100511 | 1.15331 | 130.432 | 0 | 8221
PACZ | Range_Medium | 95 | 7168 | 79018885720806 | 0.0799497 | 130.432 | 0 | 881
PACZ | Range_Medium | 96 | 89085 | 1054153626389838 | 1.05834 | 130.432 | 0 | 8359
PACZ | Range_Medium | 97 | 5792 | 71197815898878 | 0.0626246 | 130.432 | 0 | 691
PACZ | Range_Medium | 98 | 46373 | 552121317496110 | 0.531991 | 130.432 | 0 | 4305
PACZ | Range_Medium | 99 | 29705 | 339748763395320 | 0.35135 | 130.432 | 0 | 3277
PACZ | Range_Large | 0 | 421126 | 5021696283664362 | 5.42967 | 130.432 | 0 | 37585
PACZ | Range_Large | 1 | 611694 | 7168303746797463 | 8.23903 | 130.432 | 0 | 53805
PACZ | Range_Large | 2 | 391749 | 4568932289263497 | 5.12067 | 130.432 | 0 | 34255
PACZ | Range_Large | 3 | 583102 | 6848942581131099 | 7.48499 | 130.432 | 0 | 51419
PACZ | Range_Large | 4 | 356997 | 4175361313315515 | 4.52733 | 130.432 | 0 | 31265
PACZ | Range_Large | 5 | 389983 | 4653096369089103 | 5.04899 | 130.432 | 0 | 34851
PACZ | Range_Large | 6 | 325325 | 3784352344532079 | 4.17105 | 130.432 | 0 | 28581
PACZ | Range_Large | 7 | 577282 | 6783626898443088 | 7.15001 | 130.432 | 0 | 50981
PACZ | Range_Large | 8 | 561690 | 6575695333140402 | 7.28536 | 130.432 | 0 | 49665
PACZ | Range_Large | 9 | 522532 | 6165112800290646 | 6.96301 | 130.432 | 0 | 46355
PACZ | Range_Large | 10 | 370202 | 4320717712511277 | 4.94528 | 130.432 | 0 | 32455
PACZ | Range_Large | 11 | 368307 | 4301563853583057 | 5.02364 | 130.432 | 0 | 32311
PACZ | Range_Large | 12 | 386166 | 4599596394126468 | 5.33899 | 130.432 | 0 | 34407
PACZ | Range_Large | 13 | 376056 | 4382509931652903 | 5.1163 | 130.432 | 0 | 32963
PACZ | Range_Large | 14 | 426314 | 5069357669969283 | 6.10797 | 130.432 | 0 | 37937
PACZ | Range_Large | 15 | 530113 | 6212196587466588 | 7.303 | 130.432 | 0 | 46817
PACZ | Range_Large | 16 | 559717 | 6548235924907281 | 7.62065 | 130.432 | 0 | 49471
PACZ | Range_Large | 17 | 517067 | 6064102333149750 | 6.68438 | 130.432 | 0 | 45643
PACZ | Range_Large | 18 | 474175 | 5632887839578425 | 6.22098 | 130.432 | 0 | 42057
PACZ | Range_Large | 19 | 373073 | 4336710741628101 | 4.84133 | 130.432 | 0 | 32615
PACZ | Range_Large | 20 | 473220 | 5542835388434346 | 6.07467 | 130.432 | 0 | 41749
PACZ | Range_Large | 21 | 419047 | 4989961464173244 | 5.48196 | 130.432 | 0 | 37363
PACZ | Range_Large | 22 | 318319 | 3694227418134981 | 4.01298 | 130.432 | 0 | 27759
PACZ | Range_Large | 23 | 317602 | 3679512311137869 | 4.09269 | 130.432 | 0 | 27703
PACZ | Range_Large | 24 | 67 | 458365505811 | 0.00532468 | 130.432 | 0 | 81
PACZ | Range_Large | 25 | 222851 | 2530559391341292 | 2.95997 | 130.432 | 0 | 20121
PACZ | Range_Large | 26 | 369378 | 4401148107168180 | 4.84204 | 130.432 | 0 | 32957
PACZ | Range_Large | 27 | 288564 | 3296704643251290 | 3.68738 | 130.432 | 0 | 25127
PACZ | Range_Large | 28 | 470892 | 5598947405849118 | 6.16733 | 130.432 | 0 | 41839
PACZ | Range_Large | 29 | 442011 | 5258551503253185 | 5.86335 | 130.432 | 0 | 39347
PACZ | Range_Large | 30 | 370341 | 4322021208866304 | 4.76829 | 130.432 | 0 | 32473
PACZ | Range_Large | 31 | 587648 | 6918843436919946 | 7.622 | 130.432 | 0 | 51851
PACZ | Range_Large | 32 | 602474 | 7071806617330818 | 7.83467 | 130.432 | 0 | 53063
PACZ | Range_Large | 33 | 476983 | 5590438049321262 | 6.15398 | 130.432 | 0 | 41981
PACZ | Range_Large | 34 | 586681 | 6886466451752205 | 7.55699 | 130.432 | 0 | 51667
PACZ | Range_Large | 35 | 384775 | 4592831289759876 | 4.96403 | 130.432 | 0 | 34387
PACZ | Range_Large | 36 | 486457 | 5704689319711620 | 6.368 | 130.432 | 0 | 43073
PACZ | Range_Large | 37 | 222874 | 2544285164706903 | 2.79967 | 130.432 | 0 | 19479
PACZ | Range_Large | 38 | 611559 | 7167735125832840 | 7.95039 | 130.432 | 0 | 53813
PACZ | Range_Large | 39 | 617359 | 7217181272209053 | 7.8907 | 130.432 | 0 | 54163
PACZ | Range_Large | 40 | 456036 | 5417975090323623 | 5.93964 | 130.432 | 0 | 40853
PACZ | Range_Large | 41 | 469026 | 5575185874315029 | 6.08961 | 130.432 | 0 | 41695
PACZ | Range_Large | 42 | 467573 | 5557916278612008 | 6.10201 | 130.432 | 0 | 41577
PACZ | Range_Large | 43 | 586668 | 6884845955688411 | 7.60865 | 130.432 | 0 | 51639
PACZ | Range_Large | 44 | 318161 | 3689332614939189 | 4.05137 | 130.432 | 0 | 27817
PACZ | Range_Large | 45 | 472010 | 5611312869390114 | 6.18474 | 130.432 | 0 | 41957
PACZ | Range_Large | 46 | 580134 | 6837644046168339 | 7.50931 | 130.432 | 0 | 51233
PACZ | Range_Large | 47 | 363699 | 4245828303522720 | 4.6796 | 130.432 | 0 | 31725
PACZ | Range_Large | 48 | 362734 | 4242190365127938 | 4.632 | 130.432 | 0 | 31713
PACZ | Range_Large | 49 | 457539 | 5445235192346418 | 6.01228 | 130.432 | 0 | 40743
PACZ | Range_Large | 50 | 388993 | 4632415383576402 | 5.09795 | 130.432 | 0 | 34623
PACZ | Range_Large | 51 | 364154 | 4250998885816440 | 4.65496 | 130.432 | 0 | 31739
PACZ | Range_Large | 52 | 370442 | 4321309439358381 | 4.69104 | 130.432 | 0 | 32467
PACZ | Range_Large | 53 | 582764 | 6843465117104745 | 7.59466 | 130.432 | 0 | 51373
PACZ | Range_Large | 54 | 368942 | 4397053566281649 | 4.73936 | 130.432 | 0 | 32931
PACZ | Range_Large | 55 | 435068 | 5178448630474005 | 5.73333 | 130.432 | 0 | 38849
PACZ | Range_Large | 56 | 311344 | 3606452256115263 | 3.94233 | 130.432 | 0 | 27253
PACZ | Range_Large | 57 | 376410 | 4378075201336098 | 4.89902 | 130.432 | 0 | 32809
PACZ | Range_Large | 58 | 472876 | 5622872821498797 | 6.16002 | 130.432 | 0 | 42025
PACZ | Range_Large | 59 | 519019 | 6123327597456198 | 6.82131 | 130.432 | 0 | 46001
PACZ | Range_Large | 60 | 366343 | 4278819376568793 | 4.63001 | 130.432 | 0 | 32117
PACZ | Range_Large | 61 | 517882 | 6076191361474974 | 6.70568 | 130.432 | 0 | 45695
PACZ | Range_Large | 62 | 469202 | 5577447810954885 | 6.12998 | 130.432 | 0 | 41697
PACZ | Range_Large | 63 | 375793 | 4378277832806733 | 4.83966 | 130.432 | 0 | 32947
PACZ | Range_Large | 64 | 355452 | 4148208063479085 | 4.45072 | 130.432 | 0 | 31101
PACZ | Range_Large | 65 | 421070 | 5011403440732383 | 5.51764 | 130.432 | 0 | 37523
PACZ | Range_Large | 66 | 444737 | 5289558587040660 | 5.82107 | 130.432 | 0 | 39637
PACZ | Range_Large | 67 | 427830 | 5104218512620749 | 5.6417 | 130.432 | 0 | 38135
PACZ | Range_Large | 68 | 610150 | 7154796636323013 | 8.01603 | 130.432 | 0 | 53705
PACZ | Range_Large | 69 | 369450 | 4395466697420226 | 4.82337 | 130.432 | 0 | 32963
PACZ | Range_Large | 70 | 516620 | 6095647076833524 | 6.7087 | 130.432 | 0 | 45927
PACZ | Range_Large | 71 | 518091 | 6079413908308101 | 6.75337 | 130.432 | 0 | 45729
PACZ | Range_Large | 72 | 572405 | 6705859598345436 | 7.46767 | 130.432 | 0 | 50445
PACZ | Range_Large | 73 | 585306 | 6870445140022869 | 7.76903 | 130.432 | 0 | 51583
PACZ | Range_Large | 74 | 468125 | 5564793984347307 | 6.33804 | 130.432 | 0 | 41649
PACZ | Range_Large | 75 | 517011 | 6063566944039152 | 6.75003 | 130.432 | 0 | 45637
PACZ | Range_Large | 76 | 470185 | 5588545259330823 | 5.95633 | 130.432 | 0 | 41793
PACZ | Range_Large | 77 | 389931 | 4650111283411257 | 5.10073 | 130.432 | 0 | 34741
PACZ | Range_Large | 78 | 340680 | 3972663608849199 | 4.37005 | 130.432 | 0 | 30045
PACZ | Range_Large | 79 | 369816 | 4314569812253595 | 4.71433 | 130.432 | 0 | 32417
PACZ | Range_Large | 80 | 421800 | 5023550858437380 | 5.53139 | 130.432 | 0 | 37573
PACZ | Range_Large | 81 | 356616 | 4171153599490122 | 4.55332 | 130.432 | 0 | 31253
PACZ | Range_Large | 82 | 507156 | 5948979525931374 | 6.58464 | 130.432 | 0 | 44775
PACZ | Range_Large | 83 | 383988 | 4571239121271174 | 4.95434 | 130.432 | 0 | 34265
PACZ | Range_Large | 84 | 469531 | 5580981239567244 | 6.12934 | 130.432 | 0 | 41701
PACZ | Range_Large | 85 | 580357 | 6840417180169548 | 7.64632 | 130.432 | 0 | 51233
PACZ | Range_Large | 86 | 530943 | 6222118297401753 | 6.84166 | 130.432 | 0 | 46903
PACZ | Range_Large | 87 | 384661 | 4580076417282252 | 5.07633 | 130.432 | 0 | 34295
PACZ | Range_Large | 88 | 390066 | 4638587053748676 | 5.05535 | 130.432 | 0 | 34719
PACZ | Range_Large | 89 | 385405 | 4588319328422034 | 4.97866 | 130.432 | 0 | 34381
PACZ | Range_Large | 90 | 470660 | 5593975093192869 | 5.97397 | 130.432 | 0 | 41815
PACZ | Range_Large | 91 | 542633 | 6350748262724049 | 6.99631 | 130.432 | 0 | 47919
PACZ | Range_Large | 92 | 569563 | 6721114531438785 | 7.44534 | 130.432 | 0 | 50355
PACZ | Range_Large | 93 | 440069 | 5234161571747733 | 5.76798 | 130.432 | 0 | 39213
PACZ | Range_Large | 94 | 591690 | 6942108428069538 | 7.70203 | 130.432 | 0 | 52211
PACZ | Range_Large | 95 | 435869 | 5184528103592511 | 5.68334 | 130.432 | 0 | 38857
PACZ | Range_Large | 96 | 563727 | 6651974348036271 | 7.34766 | 130.432 | 0 | 49833
PACZ | Range_Large | 97 | 302203 | 3559626853465305 | 4.00869 | 130.432 | 0 | 27751
PACZ | Range_Large | 98 | 565497 | 6622353406241574 | 7.34568 | 130.432 | 0 | 49859
PACZ | Range_Large | 99 | 472788 | 5620169866238331 | 6.20564 | 130.432 | 0 | 42003
PACZ | kNN_10 | 0 | 10 | 138813188517 | 0.0623067 | 130.432 | 0 | 439
PACZ | kNN_10 | 1 | 10 | 90138457254 | 0.0449816 | 130.432 | 0 | 271
PACZ | kNN_10 | 2 | 10 | 40821195015 | 0.0809828 | 130.432 | 0 | 645
PACZ | kNN_10 | 3 | 10 | 103663728039 | 0.0347296 | 130.432 | 0 | 326
PACZ | kNN_10 | 4 | 10 | 44337709329 | 0.00699361 | 130.432 | 0 | 69
PACZ | kNN_10 | 5 | 10 | 129465876573 | 0.0472864 | 130.432 | 0 | 392
PACZ | kNN_10 | 6 | 10 | 139936456017 | 0.0480016 | 130.432 | 0 | 356
PACZ | kNN_10 | 7 | 10 | 121927380735 | 0.025034 | 130.432 | 0 | 190
PACZ | kNN_10 | 8 | 10 | 138585044943 | 0.0353654 | 130.432 | 0 | 254
PACZ | kNN_10 | 9 | 10 | 69431726643 | 0.0336965 | 130.432 | 0 | 298
PACZ | kNN_10 | 10 | 10 | 109803100824 | 0.0446637 | 130.432 | 0 | 336
PACZ | kNN_10 | 11 | 10 | 140416222179 | 0.0559489 | 130.432 | 0 | 430
PACZ | kNN_10 | 12 | 10 | 137321905668 | 0.0246366 | 130.432 | 0 | 180
PACZ | kNN_10 | 13 | 10 | 115691208915 | 0.0696182 | 130.432 | 0 | 588
PACZ | kNN_10 | 14 | 10 | 148043552040 | 0.0592868 | 130.432 | 0 | 452
PACZ | kNN_10 | 15 | 10 | 95772802689 | 0.0373522 | 130.432 | 0 | 350
PACZ | kNN_10 | 16 | 10 | 133936858158 | 0.0290076 | 130.432 | 0 | 211
PACZ | kNN_10 | 17 | 10 | 158680899426 | 0.0353654 | 130.432 | 0 | 305
PACZ | kNN_10 | 18 | 10 | 126701404194 | 0.0492732 | 130.432 | 0 | 419
PACZ | kNN_10 | 19 | 10 | 126889315626 | 0.0493526 | 130.432 | 0 | 449
PACZ | kNN_10 | 20 | 10 | 126337732971 | 0.0536442 | 130.432 | 0 | 493
PACZ | kNN_10 | 21 | 10 | 125124440967 | 0.036637 | 130.432 | 0 | 305
PACZ | kNN_10 | 22 | 10 | 157404451734 | 0.036637 | 130.432 | 0 | 325
PACZ | kNN_10 | 23 | 10 | 118815081156 | 0.0726382 | 130.432 | 0 | 602
PACZ | kNN_10 | 24 | 10 | 53003637378 | 0.0313123 | 130.432 | 0 | 338
PACZ | kNN_10 | 25 | 10 | 140529299214 | 0.0350475 | 130.432 | 0 | 319
PACZ | kNN_10 | 26 | 10 | 120068184975 | 0.0317097 | 130.432 | 0 | 284
PACZ | kNN_10 | 27 | 10 | 96552222513 | 0.0313918 | 130.432 | 0 | 239
PACZ | kNN_10 | 28 | 10 | 113974301238 | 0.0626246 | 130.432 | 0 | 486
PACZ | kNN_10 | 29 | 10 | 120197338002 | 0.0673135 | 130.432 | 0 | 613
PACZ | kNN_10 | 30 | 10 | 43362547647 | 0.0296434 | 130.432 | 0 | 201
PACZ | kNN_10 | 31 | 10 | 129276198138 | 0.042359 | 130.432 | 0 | 367
PACZ | kNN_10 | 32 | 10 | 64328045265 | 0.0253518 | 130.432 | 0 | 254
PACZ | kNN_10 | 33 | 10 | 128327417841 | 0.0449816 | 130.432 | 0 | 410
PACZ | kNN_10 | 34 | 10 | 102609580905 | 0.0583331 | 130.432 | 0 | 455
PACZ | kNN_10 | 35 | 10 | 119296740642 | 0.036637 | 130.432 | 0 | 302
PACZ | kNN_10 | 36 | 10 | 57348638298 | 0.0302792 | 130.432 | 0 | 235
PACZ | kNN_10 | 37 | 10 | 72675888516 | 0.0343323 | 130.432 | 0 | 291
PACZ | kNN_10 | 38 | 10 | 101055972744 | 0.0403722 | 130.432 | 0 | 357
PACZ | kNN_10 | 39 | 10 | 122262106980 | 0.022014 | 130.432 | 0 | 236
PACZ | kNN_10 | 40 | 10 | 139840992987 | 0.0656446 | 130.432 | 0 | 527
PACZ | kNN_10 | 41 | 10 | 114012669084 | 0.0383854 | 130.432 | 0 | 364
PACZ | kNN_10 | 42 | 10 | 141807209241 | 0.0370344 | 130.432 | 0 | 343
PACZ | kNN_10 | 43 | 10 | 100826521527 | 0.0656446 | 130.432 | 0 | 592
PACZ | kNN_10 | 44 | 10 | 43646010672 | 0.0249545 | 130.432 | 0 | 216
PACZ | kNN_10 | 45 | 10 | 140757561360 | 0.0425975 | 130.432 | 0 | 386
PACZ | kNN_10 | 46 | 10 | 158776344393 | 0.0299613 | 130.432 | 0 | 265
PACZ | kNN_10 | 47 | 10 | 109836876654 | 0.0553131 | 130.432 | 0 | 467
PACZ | kNN_10 | 48 | 10 | 137321091297 | 0.0169277 | 130.432 | 0 | 145
PACZ | kNN_10 | 49 | 10 | 125463833427 | 0.0352859 | 130.432 | 0 | 318
PACZ | kNN_10 | 50 | 10 | 113785908570 | 0.0506242 | 130.432 | 0 | 476
PACZ | kNN_10 | 51 | 10 | 128231138046 | 0.0480016 | 130.432 | 0 | 418
PACZ | kNN_10 | 52 | 10 | 122073833145 | 0.0340144 | 130.432 | 0 | 249
PACZ | kNN_10 | 53 | 10 | 137163819849 | 0.0420411 | 130.432 | 0 | 313
PACZ | kNN_10 | 54 | 10 | 102718481967 | 0.0380675 | 130.432 | 0 | 356
PACZ | kNN_10 | 55 | 10 | 148180053132 | 0.0589689 | 130.432 | 0 | 453
PACZ | kNN_10 | 56 | 10 | 112905795264 | 0.0323455 | 130.432 | 0 | 338
PACZ | kNN_10 | 57 | 10 | 131762011746 | 0.0660419 | 130.432 | 0 | 492
PACZ | kNN_10 | 58 | 10 | 137860195635 | 0.0383854 | 130.432 | 0 | 339
PACZ | kNN_10 | 59 | 10 | 124014923994 | 0.0373522 | 130.432 | 0 | 323
PACZ | kNN_10 | 60 | 10 | 90036185307 | 0.0303586 | 130.432 | 0 | 304
PACZ | kNN_10 | 61 | 10 | 122866828803 | 0.0343323 | 130.432 | 0 | 289
PACZ | kNN_10 | 62 | 10 | 134898886995 | 0.0559489 | 130.432 | 0 | 478
PACZ | kNN_10 | 63 | 10 | 119993588868 | 0.0459353 | 130.432 | 0 | 325
PACZ | kNN_10 | 64 | 10 | 145474746255 | 0.0483195 | 130.432 | 0 | 423
PACZ | kNN_10 | 65 | 10 | 129657443952 | 0.0509421 | 130.432 | 0 | 453
PACZ | kNN_10 | 66 | 10 | 137860260555 | 0.036637 | 130.432 | 0 | 324
PACZ | kNN_10 | 67 | 10 | 113454808293 | 0.0370344 | 130.432 | 0 | 340
PACZ | kNN_10 | 68 | 10 | 127871352522 | 0.0666777 | 130.432 | 0 | 596
PACZ | kNN_10 | 69 | 10 | 104731936296 | 0.0383059 | 130.432 | 0 | 274
PACZ | kNN_10 | 70 | 10 | 144219454101 | 0.0419617 | 130.432 | 0 | 362
PACZ | kNN_10 | 71 | 10 | 112144831095 | 0.0286897 | 130.432 | 0 | 264
PACZ | kNN_10 | 72 | 10 | 82935207117 | 0.0352859 | 130.432 | 0 | 305
PACZ | kNN_10 | 73 | 10 | 120467253366 | 0.0243982 | 130.432 | 0 | 243
PACZ | kNN_10 | 74 | 10 | 110469986961 | 0.0387033 | 130.432 | 0 | 353
PACZ | kNN_10 | 75 | 10 | 131952607149 | 0.0360012 | 130.432 | 0 | 263
PACZ | kNN_10 | 76 | 10 | 153398118333 | 0.0150204 | 130.432 | 0 | 137
PACZ | kNN_10 | 77 | 10 | 139084605546 | 0.0273387 | 130.432 | 0 | 232
PACZ | kNN_10 | 78 | 10 | 129811967052 | 0.0606378 | 130.432 | 0 | 508
PACZ | kNN_10 | 79 | 10 | 127871355633 | 0.0642935 | 130.432 | 0 | 588
PACZ | kNN_10 | 80 | 10 | 126294196920 | 0.0526905 | 130.432 | 0 | 452
PACZ | kNN_10 | 81 | 10 | 126545415195 | 0.0545979 | 130.432 | 0 | 524
PACZ | kNN_10 | 82 | 10 | 102554830791 | 0.0352859 | 130.432 | 0 | 331
PACZ | kNN_10 | 83 | 10 | 124945874046 | 0.0480016 | 130.432 | 0 | 453
PACZ | kNN_10 | 84 | 10 | 125463158043 | 0.0340144 | 130.432 | 0 | 326
PACZ | kNN_10 | 85 | 10 | 130084237092 | 0.0469685 | 130.432 | 0 | 446
PACZ | kNN_10 | 86 | 10 | 72955574691 | 0.0437101 | 130.432 | 0 | 383
PACZ | kNN_10 | 87 | 10 | 130033493943 | 0.018994 | 130.432 | 0 | 137
PACZ | kNN_10 | 88 | 10 | 137975493729 | 0.0429948 | 130.432 | 0 | 366
PACZ | kNN_10 | 89 | 10 | 68827828296 | 0.0367165 | 130.432 | 0 | 350
PACZ | kNN_10 | 90 | 10 | 106787129061 | 0.0267029 | 130.432 | 0 | 240
PACZ | kNN_10 | 91 | 10 | 124517752395 | 0.0429948 | 130.432 | 0 | 394
PACZ | kNN_10 | 92 | 10 | 110003396385 | 0.0390212 | 130.432 | 0 | 363
PACZ | kNN_10 | 93 | 10 | 139797994989 | 0.0449816 | 130.432 | 0 | 396
PACZ | kNN_10 | 94 | 10 | 120443685762 | 0.0290076 | 130.432 | 0 | 242
PACZ | kNN_10 | 95 | 10 | 120441508857 | 0.0559489 | 130.432 | 0 | 358
PACZ | kNN_10 | 96 | 10 | 125383405527 | 0.0309944 | 130.432 | 0 | 270
PACZ | kNN_10 | 97 | 10 | 90079931742 | 0.0510216 | 130.432 | 0 | 391
PACZ | kNN_10 | 98 | 10 | 113734849347 | 0.0513395 | 130.432 | 0 | 478
PACZ | kNN_10 | 99 | 10 | 122860325340 | 0.0323455 | 130.432 | 0 | 303
PACZ | kNN_100 | 0 | 100 | 1127716975128 | 0.360012 | 130.432 | 0 | 923
PACZ | kNN_100 | 1 | 100 | 906905396112 | 0.239293 | 130.432 | 0 | 530
PACZ | kNN_100 | 2 | 100 | 825616038126 | 0.469685 | 130.432 | 0 | 1128
PACZ | kNN_100 | 3 | 100 | 956218400079 | 0.252326 | 130.432 | 0 | 593
PACZ | kNN_100 | 4 | 100 | 521324498520 | 0.0443459 | 130.432 | 0 | 117
PACZ | kNN_100 | 5 | 100 | 1304600958975 | 0.310024 | 130.432 | 0 | 758
PACZ | kNN_100 | 6 | 100 | 1405753073463 | 0.291983 | 130.432 | 0 | 649
PACZ | kNN_100 | 7 | 100 | 1200607725453 | 0.183741 | 130.432 | 0 | 403
PACZ | kNN_100 | 8 | 100 | 1263036274464 | 0.207663 | 130.432 | 0 | 490
PACZ | kNN_100 | 9 | 100 | 984740755281 | 0.181595 | 130.432 | 0 | 421
PACZ | kNN_100 | 10 | 100 | 1176034916193 | 0.242313 | 130.432 | 0 | 514
PACZ | kNN_100 | 11 | 100 | 1404161884050 | 0.32568 | 130.432 | 0 | 749
PACZ | kNN_100 | 12 | 100 | 1373218332756 | 0.128667 | 130.432 | 0 | 280
PACZ | kNN_100 | 13 | 100 | 1099287142407 | 0.360012 | 130.432 | 0 | 1011
PACZ | kNN_100 | 14 | 100 | 1299355781046 | 0.277996 | 130.432 | 0 | 830
PACZ | kNN_100 | 15 | 100 | 1165270987914 | 0.26528 | 130.432 | 0 | 678
PACZ | kNN_100 | 16 | 100 | 1313512432824 | 0.159343 | 130.432 | 0 | 390
PACZ | kNN_100 | 17 | 100 | 1579598545599 | 0.235319 | 130.432 | 0 | 520
PACZ | kNN_100 | 18 | 100 | 1225669476855 | 0.344038 | 130.432 | 0 | 984
PACZ | kNN_100 | 19 | 100 | 1268893164387 | 0.291665 | 130.432 | 0 | 902
PACZ | kNN_100 | 20 | 100 | 1212422523975 | 0.296036 | 130.432 | 0 | 956
PACZ | kNN_100 | 21 | 100 | 1262482045368 | 0.228008 | 130.432 | 0 | 564
PACZ | kNN_100 | 22 | 100 | 1510101595725 | 0.177701 | 130.432 | 0 | 583
PACZ | kNN_100 | 23 | 100 | 1183164669096 | 0.411669 | 130.432 | 0 | 1159
PACZ | kNN_100 | 24 | 100 | 559637165472 | 0.183344 | 130.432 | 0 | 649
PACZ | kNN_100 | 25 | 100 | 1398599051118 | 0.236988 | 130.432 | 0 | 571
PACZ | kNN_100 | 26 | 100 | 1200683292720 | 0.172615 | 130.432 | 0 | 445
PACZ | kNN_100 | 27 | 100 | 1068935834793 | 0.194629 | 130.432 | 0 | 477
PACZ | kNN_100 | 28 | 100 | 1211643472194 | 0.286341 | 130.432 | 0 | 835
PACZ | kNN_100 | 29 | 100 | 1110940459701 | 0.361999 | 130.432 | 0 | 1068
PACZ | kNN_100 | 30 | 100 | 433690244727 | 0.135024 | 130.432 | 0 | 344
PACZ | kNN_100 | 31 | 100 | 1247347057917 | 0.241677 | 130.432 | 0 | 709
PACZ | kNN_100 | 32 | 100 | 766640617905 | 0.174284 | 130.432 | 0 | 524
PACZ | kNN_100 | 33 | 100 | 1302468507585 | 0.285625 | 130.432 | 0 | 797
PACZ | kNN_100 | 34 | 100 | 1078971824538 | 0.305017 | 130.432 | 0 | 907
PACZ | kNN_100 | 35 | 100 | 1192966299831 | 0.198285 | 130.432 | 0 | 501
PACZ | kNN_100 | 36 | 100 | 605508995238 | 0.175317 | 130.432 | 0 | 424
PACZ | kNN_100 | 37 | 100 | 806219405010 | 0.166337 | 130.432 | 0 | 474
PACZ | kNN_100 | 38 | 100 | 971596165536 | 0.217676 | 130.432 | 0 | 618
PACZ | kNN_100 | 39 | 100 | 1226058954213 | 0.124057 | 130.432 | 0 | 415
PACZ | kNN_100 | 40 | 100 | 1398409931367 | 0.380357 | 130.432 | 0 | 942
PACZ | kNN_100 | 41 | 100 | 1249835811999 | 0.178337 | 130.432 | 0 | 647
PACZ | kNN_100 | 42 | 100 | 1434689178027 | 0.266314 | 130.432 | 0 | 663
PACZ | kNN_100 | 43 | 100 | 1009395416133 | 0.321706 | 130.432 | 0 | 1059
PACZ | kNN_100 | 44 | 100 | 497545002912 | 0.13566 | 130.432 | 0 | 426
PACZ | kNN_100 | 45 | 100 | 1407577016166 | 0.238975 | 130.432 | 0 | 725
PACZ | kNN_100 | 46 | 100 | 1587763600839 | 0.159025 | 130.432 | 0 | 426
PACZ | kNN_100 | 47 | 100 | 1211172288024 | 0.298023 | 130.432 | 0 | 846
PACZ | kNN_100 | 48 | 100 | 1373245433457 | 0.0873407 | 130.432 | 0 | 210
PACZ | kNN_100 | 49 | 100 | 1254638208747 | 0.195662 | 130.432 | 0 | 601
PACZ | kNN_100 | 50 | 100 | 1257984046365 | 0.279983 | 130.432 | 0 | 911
PACZ | kNN_100 | 51 | 100 | 1229303778369 | 0.232379 | 130.432 | 0 | 810
PACZ | kNN_100 | 52 | 100 | 1220832138801 | 0.169675 | 130.432 | 0 | 474
PACZ | kNN_100 | 53 | 100 | 1371636762024 | 0.218391 | 130.432 | 0 | 583
PACZ | kNN_100 | 54 | 100 | 1028472252930 | 0.183344 | 130.432 | 0 | 641
PACZ | kNN_100 | 55 | 100 | 1466803534314 | 0.25932 | 130.432 | 0 | 811
PACZ | kNN_100 | 56 | 100 | 972907935573 | 0.160058 | 130.432 | 0 | 589
PACZ | kNN_100 | 57 | 100 | 1341704591949 | 0.313361 | 130.432 | 0 | 1027
PACZ | kNN_100 | 58 | 100 | 1098559745325 | 0.181039 | 130.432 | 0 | 576
PACZ | kNN_100 | 59 | 100 | 1196851527858 | 0.197967 | 130.432 | 0 | 607
PACZ | kNN_100 | 60 | 100 | 924339402309 | 0.176271 | 130.432 | 0 | 582
PACZ | kNN_100 | 61 | 100 | 1233167737038 | 0.206629 | 130.432 | 0 | 541
PACZ | kNN_100 | 62 | 100 | 1110621397404 | 0.327349 | 130.432 | 0 | 1028
PACZ | kNN_100 | 63 | 100 | 1199924188872 | 0.181993 | 130.432 | 0 | 486
PACZ | kNN_100 | 64 | 100 | 1447023500457 | 0.24732 | 130.432 | 0 | 879
PACZ | kNN_100 | 65 | 100 | 1265256031602 | 0.299692 | 130.432 | 0 | 830
PACZ | kNN_100 | 66 | 100 | 1174489447329 | 0.234365 | 130.432 | 0 | 603
PACZ | kNN_100 | 67 | 100 | 1026019625859 | 0.273307 | 130.432 | 0 | 618
PACZ | kNN_100 | 68 | 100 | 1278713533617 | 0.363668 | 130.432 | 0 | 1203
PACZ | kNN_100 | 69 | 100 | 1092947083923 | 0.186284 | 130.432 | 0 | 527
PACZ | kNN_100 | 70 | 100 | 1450301757444 | 0.20798 | 130.432 | 0 | 630
PACZ | kNN_100 | 71 | 100 | 1121448311505 | 0.140985 | 130.432 | 0 | 430
PACZ | kNN_100 | 72 | 100 | 848471907678 | 0.191689 | 130.432 | 0 | 537
PACZ | kNN_100 | 73 | 100 | 1204672580217 | 0.128667 | 130.432 | 0 | 329
PACZ | kNN_100 | 74 | 100 | 1079905072725 | 0.252644 | 130.432 | 0 | 777
PACZ | kNN_100 | 75 | 100 | 1322775842511 | 0.169277 | 130.432 | 0 | 488
PACZ | kNN_100 | 76 | 100 | 817684724949 | 0.0779629 | 130.432 | 0 | 220
PACZ | kNN_100 | 77 | 100 | 1390851764055 | 0.220299 | 130.432 | 0 | 452
PACZ | kNN_100 | 78 | 100 | 1298120166345 | 0.359615 | 130.432 | 0 | 902
PACZ | kNN_100 | 79 | 100 | 1259133656901 | 0.331322 | 130.432 | 0 | 1156
PACZ | kNN_100 | 80 | 100 | 991975248780 | 0.281334 | 130.432 | 0 | 873
PACZ | kNN_100 | 81 | 100 | 1265141779062 | 0.313997 | 130.432 | 0 | 1113
PACZ | kNN_100 | 82 | 100 | 1025548322214 | 0.191689 | 130.432 | 0 | 669
PACZ | kNN_100 | 83 | 100 | 1188895879281 | 0.269731 | 130.432 | 0 | 810
PACZ | kNN_100 | 84 | 100 | 1254631738365 | 0.23365 | 130.432 | 0 | 624
PACZ | kNN_100 | 85 | 100 | 1300686801399 | 0.300328 | 130.432 | 0 | 875
PACZ | kNN_100 | 86 | 100 | 503432920671 | 0.197331 | 130.432 | 0 | 716
PACZ | kNN_100 | 87 | 100 | 1287780634857 | 0.0816186 | 130.432 | 0 | 220
PACZ | kNN_100 | 88 | 100 | 1101081783687 | 0.211636 | 130.432 | 0 | 661
PACZ | kNN_100 | 89 | 100 | 856445114217 | 0.219663 | 130.432 | 0 | 640
PACZ | kNN_100 | 90 | 100 | 1142336093970 | 0.207345 | 130.432 | 0 | 476
PACZ | kNN_100 | 91 | 100 | 1366972712043 | 0.30899 | 130.432 | 0 | 739
PACZ | kNN_100 | 92 | 100 | 1106036487003 | 0.233332 | 130.432 | 0 | 730
PACZ | kNN_100 | 93 | 100 | 1398016898109 | 0.250657 | 130.432 | 0 | 757
PACZ | kNN_100 | 94 | 100 | 1204436814135 | 0.124296 | 130.432 | 0 | 344
PACZ | kNN_100 | 95 | 100 | 1203459662442 | 0.229994 | 130.432 | 0 | 533
PACZ | kNN_100 | 96 | 100 | 1058543189091 | 0.177066 | 130.432 | 0 | 551
PACZ | kNN_100 | 97 | 100 | 900680547477 | 0.267982 | 130.432 | 0 | 775
PACZ | kNN_100 | 98 | 100 | 1200363225204 | 0.243266 | 130.432 | 0 | 888
PACZ | kNN_100 | 99 | 100 | 1228601705172 | 0.202656 | 130.432 | 0 | 529
