Algo | QType | QID | Count | Hash | Time_ms | Mem_Tree_MB | Mem_Delta_MB | Nodes
PACZ | Range_Small | 0 | 607 | 7666676100627 | 0.0139872 | 45.2885 | 0 | 233
PACZ | Range_Small | 1 | 846 | 6884519382288 | 0.0139872 | 45.2885 | 0 | 261
PACZ | Range_Small | 2 | 789 | 10935819360768 | 0.0123183 | 45.2885 | 0 | 235
PACZ | Range_Small | 3 | 1614 | 19330951974972 | 0.0236034 | 45.2885 | 0 | 369
PACZ | Range_Small | 4 | 580 | 7072049708859 | 0.0136693 | 45.2885 | 0 | 263
PACZ | Range_Small | 5 | 653 | 7124091773250 | 0.0173251 | 45.2885 | 0 | 327
PACZ | Range_Small | 6 | 747 | 9723247946337 | 0.013272 | 45.2885 | 0 | 261
PACZ | Range_Small | 7 | 1929 | 27286029238515 | 0.0319481 | 45.2885 | 0 | 471
PACZ | Range_Small | 8 | 807 | 9976292911071 | 0.0179609 | 45.2885 | 0 | 319
PACZ | Range_Small | 9 | 8695 | 108413737680063 | 0.102679 | 45.2885 | 0 | 1031
PACZ | Range_Small | 10 | 337 | 4605402061341 | 0.0110467 | 45.2885 | 0 | 237
PACZ | Range_Small | 11 | 928 | 8847256430298 | 0.0170072 | 45.2885 | 0 | 293
PACZ | Range_Small | 12 | 803 | 9956038126737 | 0.0166893 | 45.2885 | 0 | 313
PACZ | Range_Small | 13 | 715 | 7527727065759 | 0.0133514 | 45.2885 | 0 | 251
PACZ | Range_Small | 14 | 553 | 6814506041490 | 0.0140667 | 45.2885 | 0 | 275
PACZ | Range_Small | 15 | 569 | 6785443907955 | 0.0109673 | 45.2885 | 0 | 243
PACZ | Range_Small | 16 | 2440 | 28193552417748 | 0.0346502 | 45.2885 | 0 | 453
PACZ | Range_Small | 17 | 8 | 51256497171 | 0.00270208 | 45.2885 | 0 | 91
PACZ | Range_Small | 18 | 2843 | 35389897698156 | 0.0393391 | 45.2885 | 0 | 479
PACZ | Range_Small | 19 | 6712 | 83284468014759 | 0.0869433 | 45.2885 | 0 | 963
PACZ | Range_Small | 20 | 524 | 6251705051568 | 0.0123183 | 45.2885 | 0 | 263
PACZ | Range_Small | 21 | 1160 | 12463960982433 | 0.018994 | 45.2885 | 0 | 331
PACZ | Range_Small | 22 | 642 | 8460012019713 | 0.0150204 | 45.2885 | 0 | 281
PACZ | Range_Small | 23 | 104 | 1153905619833 | 0.00635783 | 45.2885 | 0 | 165
PACZ | Range_Small | 24 | 2070 | 24817416654699 | 0.0290076 | 45.2885 | 0 | 437
PACZ | Range_Small | 25 | 1041 | 14323805833458 | 0.0199477 | 45.2885 | 0 | 337
PACZ | Range_Small | 26 | 481 | 5788546724373 | 0.0133514 | 45.2885 | 0 | 275
PACZ | Range_Small | 27 | 1630 | 20651953763262 | 0.0276566 | 45.2885 | 0 | 419
PACZ | Range_Small | 28 | 613 | 8505401612769 | 0.0143846 | 45.2885 | 0 | 249
PACZ | Range_Small | 29 | 16 | 96635810994 | 0.00532468 | 45.2885 | 0 | 177
PACZ | Range_Small | 30 | 599 | 8366523046740 | 0.0106494 | 45.2885 | 0 | 205
PACZ | Range_Small | 31 | 593 | 7121982717276 | 0.0136693 | 45.2885 | 0 | 289
PACZ | Range_Small | 32 | 1069 | 15098404632192 | 0.0246366 | 45.2885 | 0 | 333
PACZ | Range_Small | 33 | 160 | 2006147594628 | 0.0093778 | 45.2885 | 0 | 217
PACZ | Range_Small | 34 | 94 | 1265155336665 | 0.00739098 | 45.2885 | 0 | 195
PACZ | Range_Small | 35 | 202 | 2124316329519 | 0.00898043 | 45.2885 | 0 | 225
PACZ | Range_Small | 36 | 846 | 11495821585338 | 0.015974 | 45.2885 | 0 | 295
PACZ | Range_Small | 37 | 1446 | 17206249602543 | 0.0210603 | 45.2885 | 0 | 341
PACZ | Range_Small | 38 | 753 | 11955361695867 | 0.0120004 | 45.2885 | 0 | 253
PACZ | Range_Small | 39 | 735 | 9393199093032 | 0.0173251 | 45.2885 | 0 | 331
PACZ | Range_Small | 40 | 264 | 3799496202753 | 0.00929832 | 45.2885 | 0 | 209
PACZ | Range_Small | 41 | 365 | 4355199570036 | 0.0120004 | 45.2885 | 0 | 249
PACZ | Range_Small | 42 | 5193 | 63894165401601 | 0.0686646 | 45.2885 | 0 | 777
PACZ | Range_Small | 43 | 2160 | 25884362860866 | 0.0306765 | 45.2885 | 0 | 427
PACZ | Range_Small | 44 | 267 | 2344313972451 | 0.0116825 | 45.2885 | 0 | 281
PACZ | Range_Small | 45 | 54 | 646035095370 | 0.00635783 | 45.2885 | 0 | 187
PACZ | Range_Small | 46 | 2633 | 32375187789843 | 0.0383854 | 45.2885 | 0 | 531
PACZ | Range_Small | 47 | 549 | 6735538686345 | 0.0109673 | 45.2885 | 0 | 221
PACZ | Range_Small | 48 | 309 | 3205838948091 | 0.0116825 | 45.2885 | 0 | 239
PACZ | Range_Small | 49 | 584 | 5727130922604 | 0.0133514 | 45.2885 | 0 | 259
PACZ | Range_Small | 50 | 469 | 3652812529227 | 0.0113646 | 45.2885 | 0 | 223
PACZ | Range_Small | 51 | 2248 | 25101579650124 | 0.0326633 | 45.2885 | 0 | 435
PACZ | Range_Small | 52 | 143 | 1495535267883 | 0.00794729 | 45.2885 | 0 | 217
PACZ | Range_Small | 53 | 235 | 2922358815717 | 0.00762939 | 45.2885 | 0 | 199
PACZ | Range_Small | 54 | 1332 | 16251467604726 | 0.0243187 | 45.2885 | 0 | 377
PACZ | Range_Small | 55 | 1500 | 18506377971612 | 0.0236829 | 45.2885 | 0 | 353
PACZ | Range_Small | 56 | 1235 | 14690794779528 | 0.0213782 | 45.2885 | 0 | 337
PACZ | Range_Small | 57 | 1824 | 22695130143051 | 0.0280539 | 45.2885 | 0 | 413
PACZ | Range_Small | 58 | 1070 | 9370279198200 | 0.0253518 | 45.2885 | 0 | 371
PACZ | Range_Small | 59 | 2011 | 24141279626112 | 0.0247161 | 45.2885 | 0 | 383
PACZ | Range_Small | 60 | 110 | 1615950704019 | 0.0073115 | 45.2885 | 0 | 177
PACZ | Range_Small | 61 | 829 | 10101990997656 | 0.0182788 | 45.2885 | 0 | 331
PACZ | Range_Small | 62 | 618 | 7444581700281 | 0.0123183 | 45.2885 | 0 | 241
PACZ | Range_Small | 63 | 1611 | 19688943322149 | 0.0243187 | 45.2885 | 0 | 379
PACZ | Range_Small | 64 | 2252 | 25657977603171 | 0.0309944 | 45.2885 | 0 | 409
PACZ | Range_Small | 65 | 331 | 3396585860802 | 0.0136693 | 45.2885 | 0 | 271
PACZ | Range_Small | 66 | 836 | 6883581961425 | 0.0129541 | 45.2885 | 0 | 261
PACZ | Range_Small | 67 | 750 | 9466685554101 | 0.0170072 | 45.2885 | 0 | 293
PACZ | Range_Small | 68 | 526 | 6417715170150 | 0.0123183 | 45.2885 | 0 | 239
PACZ | Range_Small | 69 | 834 | 7719834186600 | 0.0182788 | 45.2885 | 0 | 355
PACZ | Range_Small | 70 | 2579 | 26352369499089 | 0.036637 | 45.2885 | 0 | 499
PACZ | Range_Small | 71 | 115 | 1368874216782 | 0.0073115 | 45.2885 | 0 | 185
PACZ | Range_Small | 72 | 694 | 9549636304125 | 0.0123183 | 45.2885 | 0 | 247
PACZ | Range_Small | 73 | 2395 | 28724515463820 | 0.0363191 | 45.2885 | 0 | 491
PACZ | Range_Small | 74 | 1269 | 15007072970028 | 0.0199477 | 45.2885 | 0 | 335
PACZ | Range_Small | 75 | 1862 | 26356661839710 | 0.0339349 | 45.2885 | 0 | 457
PACZ | Range_Small | 76 | 1411 | 16996451391171 | 0.0216961 | 45.2885 | 0 | 341
PACZ | Range_Small | 77 | 1405 | 15096458280612 | 0.0246366 | 45.2885 | 0 | 405
PACZ | Range_Small | 78 | 1859 | 19601041648575 | 0.0290076 | 45.2885 | 0 | 371
PACZ | Range_Small | 79 | 559 | 6516857108847 | 0.0126362 | 45.2885 | 0 | 237
PACZ | Range_Small | 80 | 138 | 1448958931407 | 0.00802676 | 45.2885 | 0 | 217
PACZ | Range_Small | 81 | 738 | 8694066571662 | 0.0150204 | 45.2885 | 0 | 279
PACZ | Range_Small | 82 | 1948 | 24616285782297 | 0.0273387 | 45.2885 | 0 | 411
PACZ | Range_Small | 83 | 1453 | 17233965483408 | 0.0223319 | 45.2885 | 0 | 347
PACZ | Range_Small | 84 | 788 | 10150940695557 | 0.0149409 | 45.2885 | 0 | 257
PACZ | Range_Small | 85 | 94 | 925741060506 | 0.00667572 | 45.2885 | 0 | 151
PACZ | Range_Small | 86 | 482 | 6839933485932 | 0.0103315 | 45.2885 | 0 | 207
PACZ | Range_Small | 87 | 134 | 1756490941797 | 0.00699361 | 45.2885 | 0 | 163
PACZ | Range_Small | 88 | 458 | 5747073116400 | 0.0136693 | 45.2885 | 0 | 253
PACZ | Range_Small | 89 | 592 | 7326664440300 | 0.0147025 | 45.2885 | 0 | 295
PACZ | Range_Small | 90 | 452 | 3706722527580 | 0.0113646 | 45.2885 | 0 | 255
PACZ | Range_Small | 91 | 1108 | 15086571858780 | 0.0223319 | 45.2885 | 0 | 367
PACZ | Range_Small | 92 | 30 | 212653455462 | 0.00500679 | 45.2885 | 0 | 159
PACZ | Range_Small | 93 | 822 | 9775401920898 | 0.0153383 | 45.2885 | 0 | 301
PACZ | Range_Small | 94 | 468 | 5729144871690 | 0.0120004 | 45.2885 | 0 | 235
PACZ | Range_Small | 95 | 225 | 2557952289147 | 0.0073115 | 45.2885 | 0 | 179
PACZ | Range_Small | 96 | 1230 | 14633970588828 | 0.0183582 | 45.2885 | 0 | 331
PACZ | Range_Small | 97 | 899 | 10712612255406 | 0.0186761 | 45.2885 | 0 | 289
PACZ | Range_Small | 98 | 439 | 6212538701397 | 0.0103315 | 45.2885 | 0 | 235
PACZ | Range_Small | 99 | 812 | 11186838552801 | 0.0166893 | 45.2885 | 0 | 311
PACZ | Range_Medium | 0 | 30881 | 406604354543004 | 0.338316 | 45.2885 | 0 | 2919
PACZ | Range_Medium | 1 | 3175 | 32555575988259 | 0.0420411 | 45.2885 | 0 | 521
PACZ | Range_Medium | 2 | 94477 | 1083954579417630 | 1.03633 | 45.2885 | 0 | 7847
PACZ | Range_Medium | 3 | 60497 | 614381171392470 | 0.681639 | 45.2885 | 0 | 5501
PACZ | Range_Medium | 4 | 44829 | 536856999799479 | 0.459035 | 45.2885 | 0 | 3909
PACZ | Range_Medium | 5 | 6488 | 80353199975469 | 0.0743071 | 45.2885 | 0 | 847
PACZ | Range_Medium | 6 | 113442 | 1353948248301483 | 1.2633 | 45.2885 | 0 | 9365
PACZ | Range_Medium | 7 | 28728 | 388194725039928 | 0.299931 | 45.2885 | 0 | 2821
PACZ | Range_Medium | 8 | 64820 | 661430132798901 | 0.714302 | 45.2885 | 0 | 5705
PACZ | Range_Medium | 9 | 51393 | 558163731374832 | 0.537634 | 45.2885 | 0 | 4523
PACZ | Range_Medium | 10 | 35585 | 361181880657213 | 0.358979 | 45.2885 | 0 | 3231
PACZ | Range_Medium | 11 | 2288 | 26422548819093 | 0.0283718 | 45.2885 | 0 | 381
PACZ | Range_Medium | 12 | 117319 | 1406315720429349 | 1.27904 | 45.2885 | 0 | 9611
PACZ | Range_Medium | 13 | 29630 | 332894085442884 | 0.302951 | 45.2885 | 0 | 2875
PACZ | Range_Medium | 14 | 42888 | 466043057067540 | 0.435988 | 45.2885 | 0 | 3991
PACZ | Range_Medium | 15 | 63604 | 671770458546720 | 0.680685 | 45.2885 | 0 | 5377
PACZ | Range_Medium | 16 | 49441 | 599071141325124 | 0.516335 | 45.2885 | 0 | 4313
PACZ | Range_Medium | 17 | 55855 | 584942496626133 | 0.600656 | 45.2885 | 0 | 4997
PACZ | Range_Medium | 18 | 37130 | 403012365638901 | 0.38139 | 45.2885 | 0 | 3335
PACZ | Range_Medium | 19 | 64548 | 679590669409644 | 0.692288 | 45.2885 | 0 | 5445
PACZ | Range_Medium | 20 | 22068 | 237860904742296 | 0.223716 | 45.2885 | 0 | 2147
PACZ | Range_Medium | 21 | 168 | 960634621683 | 0.00969569 | 45.2885 | 0 | 199
PACZ | Range_Medium | 22 | 43642 | 459143396901111 | 0.483354 | 45.2885 | 0 | 3993
PACZ | Range_Medium | 23 | 27846 | 329260792957110 | 0.280698 | 45.2885 | 0 | 2639
PACZ | Range_Medium | 24 | 44209 | 530546774185602 | 0.469287 | 45.2885 | 0 | 3895
PACZ | Range_Medium | 25 | 40160 | 490966561026105 | 0.394662 | 45.2885 | 0 | 3715
PACZ | Range_Medium | 26 | 21236 | 236633331022617 | 0.220696 | 45.2885 | 0 | 2069
PACZ | Range_Medium | 27 | 14935 | 195902702216673 | 0.159661 | 45.2885 | 0 | 1415
PACZ | Range_Medium | 28 | 102224 | 1218710349906873 | 1.16833 | 45.2885 | 0 | 8405
PACZ | Range_Medium | 29 | 27137 | 300664025075214 | 0.26536 | 45.2885 | 0 | 2551
PACZ | Range_Medium | 30 | 40454 | 445277793855597 | 0.381072 | 45.2885 | 0 | 3653
PACZ | Range_Medium | 31 | 3610 | 39003289437159 | 0.0490348 | 45.2885 | 0 | 571
PACZ | Range_Medium | 32 | 31662 | 381043744432116 | 0.321706 | 45.2885 | 0 | 2899
PACZ | Range_Medium | 33 | 8141 | 92462507806539 | 0.0855923 | 45.2885 | 0 | 935
PACZ | Range_Medium | 34 | 39869 | 442895090564706 | 0.424306 | 45.2885 | 0 | 3665
PACZ | Range_Medium | 35 | 119328 | 1403385999472476 | 1.32434 | 45.2885 | 0 | 9865
PACZ | Range_Medium | 36 | 28679 | 340519235629506 | 0.298262 | 45.2885 | 0 | 2897
PACZ | Range_Medium | 37 | 5965 | 64358273984070 | 0.0693798 | 45.2885 | 0 | 787
PACZ | Range_Medium | 38 | 31613 | 356702012029827 | 0.330051 | 45.2885 | 0 | 2941
PACZ | Range_Medium | 39 | 903 | 11340679584012 | 0.0256697 | 45.2885 | 0 | 481
PACZ | Range_Medium | 40 | 19435 | 226820815203186 | 0.203292 | 45.2885 | 0 | 2005
PACZ | Range_Medium | 41 | 17639 | 202743386619816 | 0.177304 | 45.2885 | 0 | 1743
PACZ | Range_Medium | 42 | 15231 | 191470969628964 | 0.163317 | 45.2885 | 0 | 1545
PACZ | Range_Medium | 43 | 32767 | 391091359687092 | 0.339349 | 45.2885 | 0 | 3083
PACZ | Range_Medium | 44 | 38695 | 485196271828470 | 0.389973 | 45.2885 | 0 | 3525
PACZ | Range_Medium | 45 | 28909 | 326868528884838 | 0.324329 | 45.2885 | 0 | 2863
PACZ | Range_Medium | 46 | 26236 | 335394969380349 | 0.289679 | 45.2885 | 0 | 2465
PACZ | Range_Medium | 47 | 112264 | 1327736609609424 | 1.24963 | 45.2885 | 0 | 9291
PACZ | Range_Medium | 48 | 36951 | 469235817203685 | 0.369708 | 45.2885 | 0 | 3235
PACZ | Range_Medium | 49 | 14471 | 190186609864332 | 0.146945 | 45.2885 | 0 | 1399
PACZ | Range_Medium | 50 | 1 | 14410932267 | 0.00270208 | 45.2885 | 0 | 81
PACZ | Range_Medium | 51 | 17131 | 187502277937920 | 0.186682 | 45.2885 | 0 | 1709
PACZ | Range_Medium | 52 | 114566 | 1364819688479736 | 1.27061 | 45.2885 | 0 | 9401
PACZ | Range_Medium | 53 | 51213 | 539370606368661 | 0.557661 | 45.2885 | 0 | 4727
PACZ | Range_Medium | 54 | 20525 | 236585498641959 | 0.220617 | 45.2885 | 0 | 2313
PACZ | Range_Medium | 55 | 7633 | 76348297909566 | 0.0906785 | 45.2885 | 0 | 909
PACZ | Range_Medium | 56 | 240 | 2845471358157 | 0.0110467 | 45.2885 | 0 | 213
PACZ | Range_Medium | 57 | 47784 | 646909896815076 | 0.510295 | 45.2885 | 0 | 4125
PACZ | Range_Medium | 58 | 115671 | 1373094144824169 | 1.25639 | 45.2885 | 0 | 9431
PACZ | Range_Medium | 59 | 100667 | 1201687013492097 | 1.05333 | 45.2885 | 0 | 8323
PACZ | Range_Medium | 60 | 3561 | 24024493917021 | 0.0416438 | 45.2885 | 0 | 511
PACZ | Range_Medium | 61 | 4811 | 31002538715163 | 0.0546773 | 45.2885 | 0 | 697
PACZ | Range_Medium | 62 | 102961 | 1225448544887616 | 2.31266 | 45.2885 | 0 | 8435
PACZ | Range_Medium | 63 | 16242 | 217698836066940 | 0.185331 | 45.2885 | 0 | 1629
PACZ | Range_Medium | 64 | 16577 | 191245577794581 | 0.183264 | 45.2885 | 0 | 1677
PACZ | Range_Medium | 65 | 37786 | 508516428750462 | 0.506322 | 45.2885 | 0 | 3447
PACZ | Range_Medium | 66 | 471 | 3332673194310 | 0.0116825 | 45.2885 | 0 | 207
PACZ | Range_Medium | 67 | 44355 | 616422187387263 | 0.523647 | 45.2885 | 0 | 3979
PACZ | Range_Medium | 68 | 1329 | 13659587794989 | 0.0230471 | 45.2885 | 0 | 297
PACZ | Range_Medium | 69 | 45236 | 628398574224285 | 0.941992 | 45.2885 | 0 | 4065
PACZ | Range_Medium | 70 | 28187 | 355246010460219 | 0.316699 | 45.2885 | 0 | 2589
PACZ | Range_Medium | 71 | 115016 | 1368096132394860 | 1.43329 | 45.2885 | 0 | 9369
PACZ | Range_Medium | 72 | 108327 | 1282585279796196 | 1.43067 | 45.2885 | 0 | 8927
PACZ | Range_Medium | 73 | 26962 | 301824420736419 | 0.355641 | 45.2885 | 0 | 2939
PACZ | Range_Medium | 74 | 104623 | 1241782124525244 | 1.26831 | 45.2885 | 0 | 8803
PACZ | Range_Medium | 75 | 120550 | 1424341491773115 | 1.61672 | 45.2885 | 0 | 10011
PACZ | Range_Medium | 76 | 42259 | 566151305958294 | 0.526031 | 45.2885 | 0 | 3719
PACZ | Range_Medium | 77 | 41917 | 567650134012629 | 0.465711 | 45.2885 | 0 | 3711
PACZ | Range_Medium | 78 | 60284 | 709213365268563 | 0.699679 | 45.2885 | 0 | 5309
PACZ | Range_Medium | 79 | 79935 | 935377223005176 | 0.906388 | 45.2885 | 0 | 6889
PACZ | Range_Medium | 80 | 108938 | 1288237780343460 | 1.18367 | 45.2885 | 0 | 9029
PACZ | Range_Medium | 81 | 43407 | 536020989514599 | 0.529369 | 45.2885 | 0 | 4041
PACZ | Range_Medium | 82 | 61709 | 633398290288113 | 0.745614 | 45.2885 | 0 | 5527
PACZ | Range_Medium | 83 | 7123 | 87674809009665 | 0.0836054 | 45.2885 | 0 | 927
PACZ | Range_Medium | 84 | 125625 | 1481140285910727 | 1.49401 | 45.2885 | 0 | 10227
PACZ | Range_Medium | 85 | 112605 | 1334107932113826 | 1.42837 | 45.2885 | 0 | 9299
PACZ | Range_Medium | 86 | 40773 | 437223533438466 | 0.500361 | 45.2885 | 0 | 3611
PACZ | Range_Medium | 87 | 40317 | 452614104062871 | 0.522296 | 45.2885 | 0 | 3817
PACZ | Range_Medium | 88 | 25032 | 284372234094714 | 0.29699 | 45.2885 | 0 | 2463
PACZ | Range_Medium | 89 | 53802 | 656057692331178 | 0.624021 | 45.2885 | 0 | 4541
PACZ | Range_Medium | 90 | 6475 | 80349198221283 | 0.0753403 | 45.2885 | 0 | 843
PACZ | Range_Medium | 91 | 50075 | 682811470792488 | 0.561953 | 45.2885 | 0 | 4415
PACZ | Range_Medium | 92 | 6420 | 72436165106379 | 0.0766913 | 45.2885 | 0 | 843
PACZ | Range_Medium | 93 | 3684 | 40663669729548 | 0.041008 | 45.2885 | 0 | 573
PACZ | Range_Medium | 94 | 15178 | 175975571414280 | 0.17937 | 45.2885 | 0 | 1783
PACZ | Range_Medium | 95 | 27181 | 313288445259510 | 0.296672 | 45.2885 | 0 | 2649
PACZ | Range_Medium | 96 | 62282 | 644066494352418 | 0.727018 | 45.2885 | 0 | 5529
PACZ | Range_Medium | 97 | 25365 | 280152206617944 | 0.26234 | 45.2885 | 0 | 2459
PACZ | Range_Medium | 98 | 9539 | 114684845715753 | 0.112375 | 45.2885 | 0 | 1165
PACZ | Range_Medium | 99 | 6627 | 81078641220312 | 0.0740687 | 45.2885 | 0 | 765
PACZ | Range_Large | 0 | 493727 | 5751372367542921 | 5.65139 | 45.2885 | 0 | 38973
PACZ | Range_Large | 1 | 746666 | 8829976295225031 | 8.41864 | 45.2885 | 0 | 58773
PACZ | Range_Large | 2 | 537441 | 6428832702542037 | 6.21398 | 45.2885 | 0 | 42289
PACZ | Range_Large | 3 | 752938 | 8901664023491574 | 8.60572 | 45.2885 | 0 | 59495
PACZ | Range_Large | 4 | 704002 | 8342788810992762 | 8.03002 | 45.2885 | 0 | 55639
PACZ | Range_Large | 5 | 549016 | 6560745574289532 | 6.17266 | 45.2885 | 0 | 43367
PACZ | Range_Large | 6 | 790052 | 9318328013629440 | 8.82101 | 45.2885 | 0 | 62007
PACZ | Range_Large | 7 | 568843 | 6816076179421059 | 6.46265 | 45.2885 | 0 | 44795
PACZ | Range_Large | 8 | 496285 | 5774546958261645 | 5.58567 | 45.2885 | 0 | 39195
PACZ | Range_Large | 9 | 325241 | 3722493082050504 | 3.6176 | 45.2885 | 0 | 26317
PACZ | Range_Large | 10 | 526014 | 6306889159253259 | 5.85365 | 45.2885 | 0 | 41459
PACZ | Range_Large | 11 | 682673 | 8017648374149253 | 7.66865 | 45.2885 | 0 | 53827
PACZ | Range_Large | 12 | 374304 | 4293870723769314 | 4.13863 | 45.2885 | 0 | 29597
PACZ | Range_Large | 13 | 368923 | 4222770426886302 | 4.11264 | 45.2885 | 0 | 29153
PACZ | Range_Large | 14 | 539005 | 6439586279277219 | 6.08333 | 45.2885 | 0 | 42469
PACZ | Range_Large | 15 | 377257 | 4331613526344948 | 4.29567 | 45.2885 | 0 | 29971
PACZ | Range_Large | 16 | 342451 | 3905589436175136 | 3.79896 | 45.2885 | 0 | 27037
PACZ | Range_Large | 17 | 775281 | 9154175535517149 | 8.74503 | 45.2885 | 0 | 60861
PACZ | Range_Large | 18 | 343450 | 3913655187175443 | 3.85968 | 45.2885 | 0 | 27111
PACZ | Range_Large | 19 | 546456 | 6539270040510801 | 6.14166 | 45.2885 | 0 | 42869
PACZ | Range_Large | 20 | 397510 | 4594289236638507 | 4.5174 | 45.2885 | 0 | 31455
PACZ | Range_Large | 21 | 783635 | 9251893801205436 | 8.95262 | 45.2885 | 0 | 61475
PACZ | Range_Large | 22 | 828109 | 9731402811304764 | 9.39131 | 45.2885 | 0 | 64889
PACZ | Range_Large | 23 | 797927 | 9383474254468377 | 9.03734 | 45.2885 | 0 | 62539
PACZ | Range_Large | 24 | 429244 | 5007353791998543 | 4.79198 | 45.2885 | 0 | 34117
PACZ | Range_Large | 25 | 686535 | 8056532550650133 | 7.51599 | 45.2885 | 0 | 54261
PACZ | Range_Large | 26 | 615848 | 7349584218715371 | 6.72603 | 45.2885 | 0 | 48413
PACZ | Range_Large | 27 | 459599 | 5384128674614955 | 5.06934 | 45.2885 | 0 | 36321
PACZ | Range_Large | 28 | 756303 | 8930619663163479 | 8.57099 | 45.2885 | 0 | 59467
PACZ | Range_Large | 29 | 765951 | 9038385817924026 | 8.6027 | 45.2885 | 0 | 60165
PACZ | Range_Large | 30 | 480156 | 5599991153671185 | 5.421 | 45.2885 | 0 | 38067
PACZ | Range_Large | 31 | 520442 | 6217923974182197 | 5.838 | 45.2885 | 0 | 41051
PACZ | Range_Large | 32 | 425852 | 4976562772764672 | 4.80231 | 45.2885 | 0 | 33997
PACZ | Range_Large | 33 | 420725 | 4914282776965350 | 4.76503 | 45.2885 | 0 | 33397
PACZ | Range_Large | 34 | 767172 | 9049101442989864 | 8.68964 | 45.2885 | 0 | 60411
PACZ | Range_Large | 35 | 500092 | 5819318331322803 | 5.62406 | 45.2885 | 0 | 39533
PACZ | Range_Large | 36 | 570913 | 6838409121675870 | 6.36601 | 45.2885 | 0 | 44941
PACZ | Range_Large | 37 | 468104 | 5450743359184449 | 5.26635 | 45.2885 | 0 | 37115
PACZ | Range_Large | 38 | 536754 | 6307926560507166 | 6.10304 | 45.2885 | 0 | 42901
PACZ | Range_Large | 39 | 476196 | 5566233919605471 | 5.36736 | 45.2885 | 0 | 37667
PACZ | Range_Large | 40 | 487030 | 5675539655926695 | 5.48633 | 45.2885 | 0 | 38483
PACZ | Range_Large | 41 | 503675 | 5862754164986988 | 5.69932 | 45.2885 | 0 | 39801
PACZ | Range_Large | 42 | 558676 | 6684129105346692 | 6.22765 | 45.2885 | 0 | 44205
PACZ | Range_Large | 43 | 775338 | 9142954682977242 | 8.763 | 45.2885 | 0 | 60953
PACZ | Range_Large | 44 | 495742 | 5767106242765227 | 5.53934 | 45.2885 | 0 | 39175
PACZ | Range_Large | 45 | 487445 | 5681681348828433 | 5.48538 | 45.2885 | 0 | 38707
PACZ | Range_Large | 46 | 467107 | 5459988833299458 | 5.23337 | 45.2885 | 0 | 37025
PACZ | Range_Large | 47 | 522895 | 6249112686047988 | 5.83402 | 45.2885 | 0 | 41223
PACZ | Range_Large | 48 | 619951 | 7388647171064676 | 6.99035 | 45.2885 | 0 | 48917
PACZ | Range_Large | 49 | 761411 | 8986492920508641 | 8.61231 | 45.2885 | 0 | 59893
PACZ | Range_Large | 50 | 476748 | 5575822992806013 | 5.39931 | 45.2885 | 0 | 37773
PACZ | Range_Large | 51 | 483225 | 5641120620006162 | 5.46702 | 45.2885 | 0 | 38285
PACZ | Range_Large | 52 | 551111 | 6586653884932380 | 6.16972 | 45.2885 | 0 | 43469
PACZ | Range_Large | 53 | 503943 | 5881104624812985 | 5.63598 | 45.2885 | 0 | 39805
PACZ | Range_Large | 54 | 488023 | 5850965351235525 | 5.45462 | 45.2885 | 0 | 38447
PACZ | Range_Large | 55 | 392251 | 4441498753087761 | 4.37204 | 45.2885 | 0 | 31607
PACZ | Range_Large | 56 | 530477 | 6356496790907703 | 6.0753 | 45.2885 | 0 | 41945
PACZ | Range_Large | 57 | 508314 | 6087938511976035 | 5.76735 | 45.2885 | 0 | 39931
PACZ | Range_Large | 58 | 621169 | 7402916610249735 | 7.09168 | 45.2885 | 0 | 49111
PACZ | Range_Large | 59 | 370322 | 4241649333408801 | 4.23996 | 45.2885 | 0 | 29247
PACZ | Range_Large | 60 | 809382 | 9526145991265566 | 9.16799 | 45.2885 | 0 | 63565
PACZ | Range_Large | 61 | 793112 | 9346963542003744 | 8.95564 | 45.2885 | 0 | 62247
PACZ | Range_Large | 62 | 501784 | 5850806593538097 | 5.7083 | 45.2885 | 0 | 39527
PACZ | Range_Large | 63 | 550163 | 6580028042030376 | 6.15438 | 45.2885 | 0 | 43379
PACZ | Range_Large | 64 | 437216 | 5108915598350544 | 4.99431 | 45.2885 | 0 | 34959
PACZ | Range_Large | 65 | 537921 | 6448922987309547 | 6.04264 | 45.2885 | 0 | 42521
PACZ | Range_Large | 66 | 340724 | 3933171400216554 | 3.82932 | 45.2885 | 0 | 27331
PACZ | Range_Large | 67 | 554500 | 6643983443475084 | 6.20365 | 45.2885 | 0 | 43679
PACZ | Range_Large | 68 | 611891 | 7305737076701127 | 6.83173 | 45.2885 | 0 | 48245
PACZ | Range_Large | 69 | 502009 | 6008716075606839 | 5.62334 | 45.2885 | 0 | 39601
PACZ | Range_Large | 70 | 660461 | 7761735285017508 | 7.46099 | 45.2885 | 0 | 52201
PACZ | Range_Large | 71 | 487915 | 5696213479435065 | 5.46368 | 45.2885 | 0 | 38619
PACZ | Range_Large | 72 | 746637 | 8829650801844183 | 8.52601 | 45.2885 | 0 | 58939
PACZ | Range_Large | 73 | 490770 | 5885889934285725 | 5.52003 | 45.2885 | 0 | 38645
PACZ | Range_Large | 74 | 639748 | 7621691241941799 | 7.15232 | 45.2885 | 0 | 50667
PACZ | Range_Large | 75 | 367347 | 4211935161703125 | 4.15134 | 45.2885 | 0 | 29129
PACZ | Range_Large | 76 | 754155 | 8906125334837196 | 8.46863 | 45.2885 | 0 | 59355
PACZ | Range_Large | 77 | 612058 | 7304821387880514 | 6.85795 | 45.2885 | 0 | 48227
PACZ | Range_Large | 78 | 584297 | 6983446926456852 | 6.62335 | 45.2885 | 0 | 46091
PACZ | Range_Large | 79 | 461778 | 5421051637330764 | 5.15866 | 45.2885 | 0 | 36577
PACZ | Range_Large | 80 | 527962 | 6332781126664671 | 5.91938 | 45.2885 | 0 | 41605
PACZ | Range_Large | 81 | 547411 | 6541067550423066 | 6.16701 | 45.2885 | 0 | 43249
PACZ | Range_Large | 82 | 611904 | 7303011300883470 | 6.87432 | 45.2885 | 0 | 48221
PACZ | Range_Large | 83 | 614107 | 7326815782044069 | 6.85493 | 45.2885 | 0 | 48347
PACZ | Range_Large | 84 | 791290 | 9297091850660367 | 8.85566 | 45.2885 | 0 | 62147
PACZ | Range_Large | 85 | 481712 | 5617807541291661 | 5.48832 | 45.2885 | 0 | 38213
PACZ | Range_Large | 86 | 344601 | 3988913691959769 | 3.86365 | 45.2885 | 0 | 27597
PACZ | Range_Large | 87 | 448636 | 5260047594765792 | 5.07736 | 45.2885 | 0 | 35635
PACZ | Range_Large | 88 | 496509 | 5784228500232294 | 5.54498 | 45.2885 | 0 | 39219
PACZ | Range_Large | 89 | 548117 | 6555132707800740 | 6.17162 | 45.2885 | 0 | 43233
PACZ | Range_Large | 90 | 568532 | 6808019609694246 | 6.40702 | 45.2885 | 0 | 44959
PACZ | Range_Large | 91 | 763002 | 9002609625194610 | 8.54365 | 45.2885 | 0 | 59901
PACZ | Range_Large | 92 | 608877 | 7265135236910034 | 6.82569 | 45.2885 | 0 | 47979
PACZ | Range_Large | 93 | 797714 | 9381235850470029 | 8.9887 | 45.2885 | 0 | 62527
PACZ | Range_Large | 94 | 611246 | 7294446456437520 | 6.85565 | 45.2885 | 0 | 48119
PACZ | Range_Large | 95 | 518142 | 6212267542867383 | 5.83704 | 45.2885 | 0 | 40769
PACZ | Range_Large | 96 | 539789 | 6462316466545293 | 6.00998 | 45.2885 | 0 | 42479
PACZ | Range_Large | 97 | 342254 | 3919172743058322 | 3.85563 | 45.2885 | 0 | 27453
PACZ | Range_Large | 98 | 620657 | 7396072285603980 | 6.99433 | 45.2885 | 0 | 49037
PACZ | Range_Large | 99 | 616723 | 7354745693082243 | 6.89801 | 45.2885 | 0 | 48465
PACZ | kNN_10 | 0 | 10 | 119993586888 | 0.0553926 | 45.2885 | 0 | 340
PACZ | kNN_10 | 1 | 10 | 104342599944 | 0.041008 | 45.2885 | 0 | 308
PACZ | kNN_10 | 2 | 10 | 145420497627 | 0.0416438 | 45.2885 | 0 | 337
PACZ | kNN_10 | 3 | 10 | 138581300247 | 0.0246366 | 45.2885 | 0 | 203
PACZ | kNN_10 | 4 | 10 | 102705447378 | 0.0299613 | 45.2885 | 0 | 267
PACZ | kNN_10 | 5 | 10 | 59198852301 | 0.00993411 | 45.2885 | 0 | 63
PACZ | kNN_10 | 6 | 10 | 96349512141 | 0.0193119 | 45.2885 | 0 | 169
PACZ | kNN_10 | 7 | 10 | 102713589516 | 0.0286897 | 45.2885 | 0 | 287
PACZ | kNN_10 | 8 | 10 | 119261150523 | 0.067393 | 45.2885 | 0 | 575
PACZ | kNN_10 | 9 | 10 | 126433879917 | 0.0739892 | 45.2885 | 0 | 635
PACZ | kNN_10 | 10 | 10 | 90137124621 | 0.0300407 | 45.2885 | 0 | 217
PACZ | kNN_10 | 11 | 10 | 126446828259 | 0.0460148 | 45.2885 | 0 | 420
PACZ | kNN_10 | 12 | 10 | 145420492041 | 0.0393391 | 45.2885 | 0 | 344
PACZ | kNN_10 | 13 | 10 | 106160013696 | 0.0650088 | 45.2885 | 0 | 558
PACZ | kNN_10 | 14 | 10 | 120357166755 | 0.0619888 | 45.2885 | 0 | 461
PACZ | kNN_10 | 15 | 10 | 126364121787 | 0.0476837 | 45.2885 | 0 | 444
PACZ | kNN_10 | 16 | 10 | 119289455919 | 0.0459353 | 45.2885 | 0 | 338
PACZ | kNN_10 | 17 | 10 | 126335454627 | 0.0566641 | 45.2885 | 0 | 544
PACZ | kNN_10 | 18 | 10 | 124345082175 | 0.0373522 | 45.2885 | 0 | 341
PACZ | kNN_10 | 19 | 10 | 102405414858 | 0.0593662 | 45.2885 | 0 | 428
PACZ | kNN_10 | 20 | 10 | 126944966019 | 0.0426769 | 45.2885 | 0 | 353
PACZ | kNN_10 | 21 | 10 | 115697288307 | 0.0773271 | 45.2885 | 0 | 620
PACZ | kNN_10 | 22 | 10 | 103793884485 | 0.027736 | 45.2885 | 0 | 232
PACZ | kNN_10 | 23 | 10 | 90163070946 | 0.037988 | 45.2885 | 0 | 362
PACZ | kNN_10 | 24 | 10 | 136896247251 | 0.0443459 | 45.2885 | 0 | 313
PACZ | kNN_10 | 25 | 10 | 123093705774 | 0.0336965 | 45.2885 | 0 | 272
PACZ | kNN_10 | 26 | 10 | 127833796479 | 0.0156562 | 45.2885 | 0 | 160
PACZ | kNN_10 | 27 | 10 | 119725966743 | 0.0480016 | 45.2885 | 0 | 349
PACZ | kNN_10 | 28 | 10 | 44012290494 | 0.0603199 | 45.2885 | 0 | 502
PACZ | kNN_10 | 29 | 10 | 90107661129 | 0.0406106 | 45.2885 | 0 | 368
PACZ | kNN_10 | 30 | 10 | 152472338385 | 0.0182788 | 45.2885 | 0 | 172
PACZ | kNN_10 | 31 | 10 | 120454426047 | 0.0346502 | 45.2885 | 0 | 278
PACZ | kNN_10 | 32 | 10 | 141365538471 | 0.0436306 | 45.2885 | 0 | 399
PACZ | kNN_10 | 33 | 10 | 140778231408 | 0.0583331 | 45.2885 | 0 | 429
PACZ | kNN_10 | 34 | 10 | 75331477023 | 0.0283718 | 45.2885 | 0 | 233
PACZ | kNN_10 | 35 | 10 | 158774742243 | 0.0360012 | 45.2885 | 0 | 317
PACZ | kNN_10 | 36 | 10 | 139810717770 | 0.0429948 | 45.2885 | 0 | 365
PACZ | kNN_10 | 37 | 10 | 59605456620 | 0.0199477 | 45.2885 | 0 | 195
PACZ | kNN_10 | 38 | 10 | 102709718283 | 0.037988 | 45.2885 | 0 | 352
PACZ | kNN_10 | 39 | 10 | 120450243003 | 0.0213782 | 45.2885 | 0 | 168
PACZ | kNN_10 | 40 | 10 | 129217740609 | 0.0340144 | 45.2885 | 0 | 333
PACZ | kNN_10 | 41 | 10 | 103663723653 | 0.0270208 | 45.2885 | 0 | 306
PACZ | kNN_10 | 42 | 10 | 140756078238 | 0.0390212 | 45.2885 | 0 | 393
PACZ | kNN_10 | 43 | 10 | 120102115791 | 0.0393391 | 45.2885 | 0 | 325
PACZ | kNN_10 | 44 | 10 | 119906651529 | 0.023365 | 45.2885 | 0 | 205
PACZ | kNN_10 | 45 | 10 | 102452741778 | 0.0399748 | 45.2885 | 0 | 304
PACZ | kNN_10 | 46 | 10 | 156385625685 | 0.032266 | 45.2885 | 0 | 319
PACZ | kNN_10 | 47 | 10 | 139787092485 | 0.0406901 | 45.2885 | 0 | 396
PACZ | kNN_10 | 48 | 10 | 135070253085 | 0.0593662 | 45.2885 | 0 | 572
PACZ | kNN_10 | 49 | 10 | 119251985469 | 0.0299613 | 45.2885 | 0 | 272
PACZ | kNN_10 | 50 | 10 | 107671734852 | 0.0326633 | 45.2885 | 0 | 253
PACZ | kNN_10 | 51 | 10 | 102716339880 | 0.0286897 | 45.2885 | 0 | 295
PACZ | kNN_10 | 52 | 10 | 129553643835 | 0.0456969 | 45.2885 | 0 | 417
PACZ | kNN_10 | 53 | 10 | 85497628176 | 0.0522931 | 45.2885 | 0 | 445
PACZ | kNN_10 | 54 | 10 | 104321600208 | 0.0293255 | 45.2885 | 0 | 296
PACZ | kNN_10 | 55 | 10 | 123181742217 | 0.0350475 | 45.2885 | 0 | 303
PACZ | kNN_10 | 56 | 10 | 127214404035 | 0.0330607 | 45.2885 | 0 | 235
PACZ | kNN_10 | 57 | 10 | 131404643331 | 0.0340144 | 45.2885 | 0 | 342
PACZ | kNN_10 | 58 | 10 | 135696563361 | 0.0383059 | 45.2885 | 0 | 265
PACZ | kNN_10 | 59 | 10 | 119259722508 | 0.0360012 | 45.2885 | 0 | 301
PACZ | kNN_10 | 60 | 10 | 140417115228 | 0.0456969 | 45.2885 | 0 | 359
PACZ | kNN_10 | 61 | 10 | 129718185072 | 0.0507037 | 45.2885 | 0 | 466
PACZ | kNN_10 | 62 | 10 | 137163817842 | 0.0300407 | 45.2885 | 0 | 278
PACZ | kNN_10 | 63 | 10 | 131218892391 | 0.0543594 | 45.2885 | 0 | 493
PACZ | kNN_10 | 64 | 10 | 120001577979 | 0.0429948 | 45.2885 | 0 | 332
PACZ | kNN_10 | 65 | 10 | 131552598027 | 0.0332991 | 45.2885 | 0 | 254
PACZ | kNN_10 | 66 | 10 | 129481976043 | 0.061353 | 45.2885 | 0 | 505
PACZ | kNN_10 | 67 | 10 | 103810755300 | 0.0323455 | 45.2885 | 0 | 267
PACZ | kNN_10 | 68 | 10 | 129285407379 | 0.0480016 | 45.2885 | 0 | 456
PACZ | kNN_10 | 69 | 10 | 131302528245 | 0.0733534 | 45.2885 | 0 | 612
PACZ | kNN_10 | 70 | 10 | 129333009537 | 0.0433922 | 45.2885 | 0 | 430
PACZ | kNN_10 | 71 | 10 | 59906019261 | 0.0200272 | 45.2885 | 0 | 172
PACZ | kNN_10 | 72 | 10 | 138390293955 | 0.0180403 | 45.2885 | 0 | 143
PACZ | kNN_10 | 73 | 10 | 119779738185 | 0.0633399 | 45.2885 | 0 | 526
PACZ | kNN_10 | 74 | 10 | 126161421702 | 0.0499884 | 45.2885 | 0 | 423
PACZ | kNN_10 | 75 | 10 | 111953771808 | 0.0212987 | 45.2885 | 0 | 231
PACZ | kNN_10 | 76 | 10 | 126337655715 | 0.0516574 | 45.2885 | 0 | 454
PACZ | kNN_10 | 77 | 10 | 119995057728 | 0.0197093 | 45.2885 | 0 | 204
PACZ | kNN_10 | 78 | 10 | 78273086796 | 0.0890096 | 45.2885 | 0 | 690
PACZ | kNN_10 | 79 | 10 | 102358877625 | 0.0590483 | 45.2885 | 0 | 420
PACZ | kNN_10 | 80 | 10 | 131610726192 | 0.0483195 | 45.2885 | 0 | 387
PACZ | kNN_10 | 81 | 10 | 145354410027 | 0.0356833 | 45.2885 | 0 | 328
PACZ | kNN_10 | 82 | 10 | 110303563191 | 0.0406901 | 45.2885 | 0 | 356
PACZ | kNN_10 | 83 | 10 | 106160052438 | 0.0583331 | 45.2885 | 0 | 491
PACZ | kNN_10 | 84 | 10 | 114703366956 | 0.0380675 | 45.2885 | 0 | 351
PACZ | kNN_10 | 85 | 10 | 124348656243 | 0.0370344 | 45.2885 | 0 | 305
PACZ | kNN_10 | 86 | 10 | 131617514001 | 0.0350475 | 45.2885 | 0 | 336
PACZ | kNN_10 | 87 | 10 | 118803849813 | 0.0313123 | 45.2885 | 0 | 341
PACZ | kNN_10 | 88 | 10 | 71050531758 | 0.018994 | 45.2885 | 0 | 205
PACZ | kNN_10 | 89 | 10 | 120457793085 | 0.0267029 | 45.2885 | 0 | 232
PACZ | kNN_10 | 90 | 10 | 129845742843 | 0.0503063 | 45.2885 | 0 | 459
PACZ | kNN_10 | 91 | 10 | 151178624211 | 0.0203451 | 45.2885 | 0 | 181
PACZ | kNN_10 | 92 | 10 | 147343746090 | 0.041008 | 45.2885 | 0 | 288
PACZ | kNN_10 | 93 | 10 | 99858628176 | 0.0350475 | 45.2885 | 0 | 328
PACZ | kNN_10 | 94 | 10 | 123239593602 | 0.0303586 | 45.2885 | 0 | 248
PACZ | kNN_10 | 95 | 10 | 118549835817 | 0.0516574 | 45.2885 | 0 | 432
PACZ | kNN_10 | 96 | 10 | 58611528006 | 0.0256697 | 45.2885 | 0 | 215
PACZ | kNN_10 | 97 | 10 | 158688394908 | 0.0323455 | 45.2885 | 0 | 295
PACZ | kNN_10 | 98 | 10 | 112872400512 | 0.0520547 | 45.2885 | 0 | 485
PACZ | kNN_10 | 99 | 10 | 130134022776 | 0.0546773 | 45.2885 | 0 | 450
PACZ | kNN_100 | 0 | 100 | 1199935906044 | 0.228643 | 45.2885 | 0 | 481
PACZ | kNN_100 | 1 | 100 | 972488895780 | 0.223398 | 45.2885 | 0 | 522
PACZ | kNN_100 | 2 | 100 | 1398000372741 | 0.206629 | 45.2885 | 0 | 609
PACZ | kNN_100 | 3 | 100 | 1385813467971 | 0.104348 | 45.2885 | 0 | 259
PACZ | kNN_100 | 4 | 100 | 1027054451757 | 0.202338 | 45.2885 | 0 | 593
PACZ | kNN_100 | 5 | 100 | 748913320497 | 0.042359 | 45.2885 | 0 | 96
PACZ | kNN_100 | 6 | 100 | 965662654896 | 0.109355 | 45.2885 | 0 | 255
PACZ | kNN_100 | 7 | 100 | 1027135193901 | 0.207027 | 45.2885 | 0 | 631
PACZ | kNN_100 | 8 | 100 | 1226515690512 | 0.431697 | 45.2885 | 0 | 1201
PACZ | kNN_100 | 9 | 100 | 1264339863702 | 0.387669 | 45.2885 | 0 | 1114
PACZ | kNN_100 | 10 | 100 | 901369897362 | 0.189384 | 45.2885 | 0 | 483
PACZ | kNN_100 | 11 | 100 | 1264341886110 | 0.274658 | 45.2885 | 0 | 801
PACZ | kNN_100 | 12 | 100 | 1454204927709 | 0.219663 | 45.2885 | 0 | 643
PACZ | kNN_100 | 13 | 100 | 1061600127615 | 0.359694 | 45.2885 | 0 | 933
PACZ | kNN_100 | 14 | 100 | 1210788292788 | 0.325998 | 45.2885 | 0 | 927
PACZ | kNN_100 | 15 | 100 | 1242264249858 | 0.304381 | 45.2885 | 0 | 924
PACZ | kNN_100 | 16 | 100 | 1192894570248 | 0.216643 | 45.2885 | 0 | 531
PACZ | kNN_100 | 17 | 100 | 1263289825350 | 0.358661 | 45.2885 | 0 | 1125
PACZ | kNN_100 | 18 | 100 | 1262453693913 | 0.221729 | 45.2885 | 0 | 687
PACZ | kNN_100 | 19 | 100 | 1031982080004 | 0.30303 | 45.2885 | 0 | 769
PACZ | kNN_100 | 20 | 100 | 1210638763938 | 0.241359 | 45.2885 | 0 | 750
PACZ | kNN_100 | 21 | 100 | 1152887869443 | 0.381708 | 45.2885 | 0 | 1104
PACZ | kNN_100 | 22 | 100 | 1037938832844 | 0.182072 | 45.2885 | 0 | 482
PACZ | kNN_100 | 23 | 100 | 868064074938 | 0.23365 | 45.2885 | 0 | 745
PACZ | kNN_100 | 24 | 100 | 1428453549567 | 0.222603 | 45.2885 | 0 | 490
PACZ | kNN_100 | 25 | 100 | 1251853127646 | 0.181039 | 45.2885 | 0 | 550
PACZ | kNN_100 | 26 | 100 | 1278337947540 | 0.121355 | 45.2885 | 0 | 360
PACZ | kNN_100 | 27 | 100 | 1201193886684 | 0.209332 | 45.2885 | 0 | 522
PACZ | kNN_100 | 28 | 100 | 440122900953 | 0.284672 | 45.2885 | 0 | 946
PACZ | kNN_100 | 29 | 100 | 901044838200 | 0.220696 | 45.2885 | 0 | 714
PACZ | kNN_100 | 30 | 100 | 1524723406185 | 0.0964006 | 45.2885 | 0 | 303
PACZ | kNN_100 | 31 | 100 | 1204544222277 | 0.186682 | 45.2885 | 0 | 468
PACZ | kNN_100 | 32 | 100 | 1430379034644 | 0.206312 | 45.2885 | 0 | 687
PACZ | kNN_100 | 33 | 100 | 1407804312402 | 0.2563 | 45.2885 | 0 | 657
PACZ | kNN_100 | 34 | 100 | 939219495627 | 0.124296 | 45.2885 | 0 | 361
PACZ | kNN_100 | 35 | 100 | 1587747930426 | 0.27434 | 45.2885 | 0 | 542
PACZ | kNN_100 | 36 | 100 | 1398102085185 | 0.254313 | 45.2885 | 0 | 710
PACZ | kNN_100 | 37 | 100 | 596054566521 | 0.197649 | 45.2885 | 0 | 467
PACZ | kNN_100 | 38 | 100 | 1027097164188 | 0.326951 | 45.2885 | 0 | 822
PACZ | kNN_100 | 39 | 100 | 1204503050283 | 0.0863075 | 45.2885 | 0 | 230
PACZ | kNN_100 | 40 | 100 | 1295624797587 | 0.185966 | 45.2885 | 0 | 632
PACZ | kNN_100 | 41 | 100 | 1007054340261 | 0.193993 | 45.2885 | 0 | 606
PACZ | kNN_100 | 42 | 100 | 1407562119048 | 0.234048 | 45.2885 | 0 | 672
PACZ | kNN_100 | 43 | 100 | 1201023937470 | 0.228961 | 45.2885 | 0 | 619
PACZ | kNN_100 | 44 | 100 | 1150257643680 | 0.176032 | 45.2885 | 0 | 461
PACZ | kNN_100 | 45 | 100 | 1024527522069 | 0.191053 | 45.2885 | 0 | 545
PACZ | kNN_100 | 46 | 100 | 1504212593529 | 0.222603 | 45.2885 | 0 | 517
PACZ | kNN_100 | 47 | 100 | 1397870928801 | 0.200987 | 45.2885 | 0 | 679
PACZ | kNN_100 | 48 | 100 | 1350702500664 | 0.292301 | 45.2885 | 0 | 1032
PACZ | kNN_100 | 49 | 100 | 1192519834926 | 0.156005 | 45.2885 | 0 | 432
PACZ | kNN_100 | 50 | 100 | 1084438702149 | 0.208616 | 45.2885 | 0 | 527
PACZ | kNN_100 | 51 | 100 | 1030859205585 | 0.178973 | 45.2885 | 0 | 652
PACZ | kNN_100 | 52 | 100 | 1206304975365 | 0.252326 | 45.2885 | 0 | 794
PACZ | kNN_100 | 53 | 100 | 843773823078 | 0.27736 | 45.2885 | 0 | 989
PACZ | kNN_100 | 54 | 100 | 1043216230995 | 0.214974 | 45.2885 | 0 | 651
PACZ | kNN_100 | 55 | 100 | 1201117034361 | 0.204325 | 45.2885 | 0 | 578
PACZ | kNN_100 | 56 | 100 | 1323436844016 | 0.189702 | 45.2885 | 0 | 494
PACZ | kNN_100 | 57 | 100 | 1355394053397 | 0.196377 | 45.2885 | 0 | 669
PACZ | kNN_100 | 58 | 100 | 1379519396838 | 0.172695 | 45.2885 | 0 | 437
PACZ | kNN_100 | 59 | 100 | 1192741547034 | 0.184695 | 45.2885 | 0 | 494
PACZ | kNN_100 | 60 | 100 | 1409928047109 | 0.236988 | 45.2885 | 0 | 632
PACZ | kNN_100 | 61 | 100 | 1297034923275 | 0.251611 | 45.2885 | 0 | 833
PACZ | kNN_100 | 62 | 100 | 1391472863667 | 0.177622 | 45.2885 | 0 | 500
PACZ | kNN_100 | 63 | 100 | 1276682273142 | 0.322978 | 45.2885 | 0 | 874
PACZ | kNN_100 | 64 | 100 | 1200098170728 | 0.182629 | 45.2885 | 0 | 486
PACZ | kNN_100 | 65 | 100 | 1248263129154 | 0.253598 | 45.2885 | 0 | 528
PACZ | kNN_100 | 66 | 100 | 1277521640802 | 0.328938 | 45.2885 | 0 | 889
PACZ | kNN_100 | 67 | 100 | 1035169667643 | 0.199318 | 45.2885 | 0 | 559
PACZ | kNN_100 | 68 | 100 | 1301160295704 | 0.253995 | 45.2885 | 0 | 809
PACZ | kNN_100 | 69 | 100 | 1277744791341 | 0.370026 | 45.2885 | 0 | 1074
PACZ | kNN_100 | 70 | 100 | 1252283038152 | 0.25034 | 45.2885 | 0 | 814
PACZ | kNN_100 | 71 | 100 | 633285156696 | 0.0766118 | 45.2885 | 0 | 243
PACZ | kNN_100 | 72 | 100 | 1369906687332 | 0.0873407 | 45.2885 | 0 | 228
PACZ | kNN_100 | 73 | 100 | 1240126730850 | 0.401338 | 45.2885 | 0 | 846
PACZ | kNN_100 | 74 | 100 | 1113484360335 | 0.276645 | 45.2885 | 0 | 851
PACZ | kNN_100 | 75 | 100 | 1119537705894 | 0.121037 | 45.2885 | 0 | 395
PACZ | kNN_100 | 76 | 100 | 1265891662986 | 0.249386 | 45.2885 | 0 | 867
PACZ | kNN_100 | 77 | 100 | 1190689828407 | 0.0873407 | 45.2885 | 0 | 281
PACZ | kNN_100 | 78 | 100 | 893384646843 | 0.398 | 45.2885 | 0 | 1228
PACZ | kNN_100 | 79 | 100 | 1045350892653 | 0.311295 | 45.2885 | 0 | 795
PACZ | kNN_100 | 80 | 100 | 1313247359244 | 0.211 | 45.2885 | 0 | 694
PACZ | kNN_100 | 81 | 100 | 956447577534 | 0.236352 | 45.2885 | 0 | 681
PACZ | kNN_100 | 82 | 100 | 1148018576736 | 0.22769 | 45.2885 | 0 | 650
PACZ | kNN_100 | 83 | 100 | 1050963687573 | 0.325362 | 45.2885 | 0 | 926
PACZ | kNN_100 | 84 | 100 | 1251881226078 | 0.198364 | 45.2885 | 0 | 608
PACZ | kNN_100 | 85 | 100 | 1241757696306 | 0.16133 | 45.2885 | 0 | 569
PACZ | kNN_100 | 86 | 100 | 1307724200472 | 0.174284 | 45.2885 | 0 | 600
PACZ | kNN_100 | 87 | 100 | 1188039522486 | 0.249306 | 45.2885 | 0 | 796
PACZ | kNN_100 | 88 | 100 | 757149846855 | 0.116984 | 45.2885 | 0 | 363
PACZ | kNN_100 | 89 | 100 | 1204577804667 | 0.144005 | 45.2885 | 0 | 392
PACZ | kNN_100 | 90 | 100 | 1299398228775 | 0.238339 | 45.2885 | 0 | 760
PACZ | kNN_100 | 91 | 100 | 1407551867091 | 0.0926654 | 45.2885 | 0 | 269
PACZ | kNN_100 | 92 | 100 | 1361475847089 | 0.24271 | 45.2885 | 0 | 543
PACZ | kNN_100 | 93 | 100 | 782604341292 | 0.168006 | 45.2885 | 0 | 540
PACZ | kNN_100 | 94 | 100 | 1233231540705 | 0.225941 | 45.2885 | 0 | 579
PACZ | kNN_100 | 95 | 100 | 1163687714826 | 0.294685 | 45.2885 | 0 | 844
PACZ | kNN_100 | 96 | 100 | 603656112906 | 0.11301 | 45.2885 | 0 | 364
PACZ | kNN_100 | 97 | 100 | 1582414887582 | 0.191053 | 45.2885 | 0 | 515
PACZ | kNN_100 | 98 | 100 | 1174555222164 | 0.279347 | 45.2885 | 0 | 915
PACZ | kNN_100 | 99 | 100 | 1075091075757 | 0.229359 | 45.2885 | 0 | 755
