Algo | QType | QID | Count | Hash | Time_ms | Mem_Tree_MB | Mem_Delta_MB | Nodes
PACZ | Range_Small | 0 | 1864 | 22203391722228 | 0.0466506 | 101.203 | 0 | 367
PACZ | Range_Small | 1 | 1096 | 11468600997090 | 0.0313123 | 101.203 | 0 | 393
PACZ | Range_Small | 2 | 1313 | 20843362650216 | 0.0426769 | 101.203 | 0 | 419
PACZ | Range_Small | 3 | 462 | 5819381000340 | 0.0112851 | 101.203 | 0 | 267
PACZ | Range_Small | 4 | 1056 | 12441336808797 | 0.0255903 | 101.203 | 0 | 323
PACZ | Range_Small | 5 | 610 | 8453737974045 | 0.00961622 | 101.203 | 0 | 217
PACZ | Range_Small | 6 | 2203 | 31033400940537 | 0.0343323 | 101.203 | 0 | 435
PACZ | Range_Small | 7 | 802 | 6670687921425 | 0.0139872 | 101.203 | 0 | 295
PACZ | Range_Small | 8 | 287 | 4354506918141 | 0.0103315 | 101.203 | 0 | 167
PACZ | Range_Small | 9 | 1662 | 19803297446352 | 0.0299613 | 101.203 | 0 | 367
PACZ | Range_Small | 10 | 929 | 8713698738411 | 0.0197093 | 101.203 | 0 | 327
PACZ | Range_Small | 11 | 3159 | 38023180422396 | 0.0343323 | 101.203 | 0 | 457
PACZ | Range_Small | 12 | 696 | 7589534481828 | 0.0136693 | 101.203 | 0 | 277
PACZ | Range_Small | 13 | 1126 | 13353223915374 | 0.0223319 | 101.203 | 0 | 307
PACZ | Range_Small | 14 | 728 | 4337719577151 | 0.0147025 | 101.203 | 0 | 281
PACZ | Range_Small | 15 | 111 | 600144529611 | 0.0103315 | 101.203 | 0 | 177
PACZ | Range_Small | 16 | 6468 | 73308312063654 | 0.104984 | 101.203 | 0 | 1025
PACZ | Range_Small | 17 | 1296 | 18794491358160 | 0.0203451 | 101.203 | 0 | 375
PACZ | Range_Small | 18 | 423 | 1922229007629 | 0.0103315 | 101.203 | 0 | 223
PACZ | Range_Small | 19 | 2105 | 25640400039861 | 0.0276566 | 101.203 | 0 | 433
PACZ | Range_Small | 20 | 19512 | 231931832336352 | 0.221332 | 101.203 | 0 | 2235
PACZ | Range_Small | 21 | 983 | 12149496317592 | 0.0182788 | 101.203 | 0 | 327
PACZ | Range_Small | 22 | 893 | 13120703717463 | 0.0193119 | 101.203 | 0 | 365
PACZ | Range_Small | 23 | 17371 | 204920834488251 | 0.148694 | 101.203 | 0 | 1943
PACZ | Range_Small | 24 | 828 | 11429252003553 | 0.0177224 | 101.203 | 0 | 243
PACZ | Range_Small | 25 | 1806 | 18817719808542 | 0.0326633 | 101.203 | 0 | 445
PACZ | Range_Small | 26 | 2040 | 21632147519028 | 0.0343323 | 101.203 | 0 | 481
PACZ | Range_Small | 27 | 14551 | 178613246362905 | 0.182629 | 101.203 | 0 | 1797
PACZ | Range_Small | 28 | 4120 | 37570532148534 | 0.0419617 | 101.203 | 0 | 575
PACZ | Range_Small | 29 | 16024 | 195621223651575 | 0.178337 | 101.203 | 0 | 1945
PACZ | Range_Small | 30 | 17357 | 211078077485016 | 0.17333 | 101.203 | 0 | 2079
PACZ | Range_Small | 31 | 574 | 5673510232233 | 0.0139872 | 101.203 | 0 | 297
PACZ | Range_Small | 32 | 292 | 3587552413728 | 0.0166893 | 101.203 | 0 | 273
PACZ | Range_Small | 33 | 1775 | 18356813466726 | 0.036637 | 101.203 | 0 | 443
PACZ | Range_Small | 34 | 999 | 12020561508072 | 0.0256697 | 101.203 | 0 | 299
PACZ | Range_Small | 35 | 536 | 6964697633043 | 0.0127157 | 101.203 | 0 | 255
PACZ | Range_Small | 36 | 79 | 942435087957 | 0.00866254 | 101.203 | 0 | 157
PACZ | Range_Small | 37 | 770 | 10022612707698 | 0.0110467 | 101.203 | 0 | 241
PACZ | Range_Small | 38 | 4082 | 54773727219267 | 0.0639757 | 101.203 | 0 | 543
PACZ | Range_Small | 39 | 1976 | 22426677994536 | 0.0356038 | 101.203 | 0 | 489
PACZ | Range_Small | 40 | 654 | 8383941711390 | 0.015974 | 101.203 | 0 | 237
PACZ | Range_Small | 41 | 1529 | 21525644514495 | 0.0293255 | 101.203 | 0 | 409
PACZ | Range_Small | 42 | 4614 | 58210878988707 | 0.0753403 | 101.203 | 0 | 717
PACZ | Range_Small | 43 | 8536 | 106046622852207 | 0.123342 | 101.203 | 0 | 1177
PACZ | Range_Small | 44 | 1 | 4051358616 | 0.00532468 | 101.203 | 0 | 181
PACZ | Range_Small | 45 | 2387 | 21805991262639 | 0.0333786 | 101.203 | 0 | 465
PACZ | Range_Small | 46 | 433 | 4746634371228 | 0.00898043 | 101.203 | 0 | 215
PACZ | Range_Small | 47 | 748 | 10236588638100 | 0.0166893 | 101.203 | 0 | 227
PACZ | Range_Small | 48 | 2055 | 21953638039668 | 0.0383854 | 101.203 | 0 | 463
PACZ | Range_Small | 49 | 1980 | 21306777036381 | 0.0267029 | 101.203 | 0 | 421
PACZ | Range_Small | 50 | 241 | 2932157504967 | 0.00532468 | 101.203 | 0 | 161
PACZ | Range_Small | 51 | 5402 | 66689100171360 | 0.0663598 | 101.203 | 0 | 787
PACZ | Range_Small | 52 | 1374 | 16450888231311 | 0.0303586 | 101.203 | 0 | 391
PACZ | Range_Small | 53 | 529 | 7091127153093 | 0.0106494 | 101.203 | 0 | 241
PACZ | Range_Small | 54 | 728 | 6632394102648 | 0.018994 | 101.203 | 0 | 319
PACZ | Range_Small | 55 | 1195 | 7668555850239 | 0.0166893 | 101.203 | 0 | 303
PACZ | Range_Small | 56 | 1855 | 22486475384859 | 0.0297228 | 101.203 | 0 | 407
PACZ | Range_Small | 57 | 4020 | 50116338796422 | 0.0557105 | 101.203 | 0 | 705
PACZ | Range_Small | 58 | 2003 | 23969670993294 | 0.0349681 | 101.203 | 0 | 451
PACZ | Range_Small | 59 | 369 | 4291899266709 | 0.0103315 | 101.203 | 0 | 253
PACZ | Range_Small | 60 | 1451 | 20381177500743 | 0.0253518 | 101.203 | 0 | 421
PACZ | Range_Small | 61 | 754 | 8742770927580 | 0.0173251 | 101.203 | 0 | 299
PACZ | Range_Small | 62 | 149 | 1883506982982 | 0.00532468 | 101.203 | 0 | 169
PACZ | Range_Small | 63 | 4979 | 60999113948319 | 0.0747045 | 101.203 | 0 | 795
PACZ | Range_Small | 64 | 1332 | 15741317432673 | 0.0226498 | 101.203 | 0 | 371
PACZ | Range_Small | 65 | 1724 | 19794144322068 | 0.0216961 | 101.203 | 0 | 359
PACZ | Range_Small | 66 | 775 | 9601873647963 | 0.0127157 | 101.203 | 0 | 267
PACZ | Range_Small | 67 | 107 | 1029243496536 | 0.00635783 | 101.203 | 0 | 185
PACZ | Range_Small | 68 | 524 | 7008045766068 | 0.0216961 | 101.203 | 0 | 293
PACZ | Range_Small | 69 | 19274 | 233133134976009 | 0.242313 | 101.203 | 0 | 2255
PACZ | Range_Small | 70 | 325 | 4650717195777 | 0.0136693 | 101.203 | 0 | 211
PACZ | Range_Small | 71 | 996 | 14444376747879 | 0.0180403 | 101.203 | 0 | 369
PACZ | Range_Small | 72 | 6207 | 77761595662416 | 0.0770092 | 101.203 | 0 | 865
PACZ | Range_Small | 73 | 1319 | 15672910478139 | 0.0276566 | 101.203 | 0 | 411
PACZ | Range_Small | 74 | 934 | 11188694689983 | 0.0153383 | 101.203 | 0 | 329
PACZ | Range_Small | 75 | 5669 | 71006889081024 | 0.0770092 | 101.203 | 0 | 799
PACZ | Range_Small | 76 | 676 | 8279947903182 | 0.0216961 | 101.203 | 0 | 287
PACZ | Range_Small | 77 | 3647 | 45300489570387 | 0.0403722 | 101.203 | 0 | 595
PACZ | Range_Small | 78 | 6565 | 81207667320987 | 0.0653267 | 101.203 | 0 | 933
PACZ | Range_Small | 79 | 12873 | 158457892758264 | 0.130335 | 101.203 | 0 | 1571
PACZ | Range_Small | 80 | 1472 | 17518161571278 | 0.0216961 | 101.203 | 0 | 393
PACZ | Range_Small | 81 | 1212 | 12852482319111 | 0.0173251 | 101.203 | 0 | 325
PACZ | Range_Small | 82 | 376 | 4618945222110 | 0.0106494 | 101.203 | 0 | 249
PACZ | Range_Small | 83 | 1225 | 14591385819096 | 0.0163714 | 101.203 | 0 | 313
PACZ | Range_Small | 84 | 427 | 4125849718581 | 0.0113646 | 101.203 | 0 | 287
PACZ | Range_Small | 85 | 20190 | 243072227229027 | 0.190973 | 101.203 | 0 | 2319
PACZ | Range_Small | 86 | 5741 | 75845628593568 | 0.0639757 | 101.203 | 0 | 795
PACZ | Range_Small | 87 | 1117 | 13403850126084 | 0.0153383 | 101.203 | 0 | 297
PACZ | Range_Small | 88 | 662 | 8488344790863 | 0.00961622 | 101.203 | 0 | 209
PACZ | Range_Small | 89 | 2811 | 33452704287927 | 0.0313123 | 101.203 | 0 | 433
PACZ | Range_Small | 90 | 3842 | 47443021264527 | 0.0526905 | 101.203 | 0 | 767
PACZ | Range_Small | 91 | 149 | 1536632461434 | 0.00866254 | 101.203 | 0 | 211
PACZ | Range_Small | 92 | 138 | 1467470698140 | 0.00699361 | 101.203 | 0 | 211
PACZ | Range_Small | 93 | 278 | 3553823539842 | 0.00969569 | 101.203 | 0 | 259
PACZ | Range_Small | 94 | 1652 | 17252673229491 | 0.0283718 | 101.203 | 0 | 453
PACZ | Range_Small | 95 | 2049 | 23953025315253 | 0.0279744 | 101.203 | 0 | 443
PACZ | Range_Small | 96 | 431 | 5442583570320 | 0.014623 | 101.203 | 0 | 307
PACZ | Range_Small | 97 | 2600 | 32274198832605 | 0.0323455 | 101.203 | 0 | 493
PACZ | Range_Small | 98 | 745 | 8852522055453 | 0.0120004 | 101.203 | 0 | 257
PACZ | Range_Small | 99 | 5 | 20272214046 | 0.00437101 | 101.203 | 0 | 149
PACZ | Range_Medium | 0 | 39555 | 548229164271399 | 0.367006 | 101.203 | 0 | 3617
PACZ | Range_Medium | 1 | 6144 | 79328775374409 | 0.0677109 | 101.203 | 0 | 893
PACZ | Range_Medium | 2 | 5286 | 65948906761236 | 0.0646909 | 101.203 | 0 | 683
PACZ | Range_Medium | 3 | 5388 | 62439776994663 | 0.0603199 | 101.203 | 0 | 775
PACZ | Range_Medium | 4 | 20774 | 221625905429991 | 0.218312 | 101.203 | 0 | 2371
PACZ | Range_Medium | 5 | 24928 | 296672611633884 | 0.225703 | 101.203 | 0 | 2465
PACZ | Range_Medium | 6 | 46178 | 517251605732427 | 0.514269 | 101.203 | 0 | 4793
PACZ | Range_Medium | 7 | 4004 | 30880409816757 | 0.0403722 | 101.203 | 0 | 545
PACZ | Range_Medium | 8 | 1444 | 15127249490517 | 0.0216961 | 101.203 | 0 | 351
PACZ | Range_Medium | 9 | 72352 | 861716249239647 | 0.760317 | 101.203 | 0 | 7043
PACZ | Range_Medium | 10 | 2204 | 26572421225157 | 0.0306765 | 101.203 | 0 | 459
PACZ | Range_Medium | 11 | 74317 | 877147416351495 | 0.731945 | 101.203 | 0 | 7071
PACZ | Range_Medium | 12 | 20462 | 256635641383698 | 0.183026 | 101.203 | 0 | 2023
PACZ | Range_Medium | 13 | 92339 | 1092107799386748 | 1.07598 | 101.203 | 0 | 8605
PACZ | Range_Medium | 14 | 51957 | 619641591519867 | 0.541687 | 101.203 | 0 | 4613
PACZ | Range_Medium | 15 | 27201 | 365686001893374 | 0.266711 | 101.203 | 0 | 2847
PACZ | Range_Medium | 16 | 22982 | 266748355422456 | 0.239372 | 101.203 | 0 | 2281
PACZ | Range_Medium | 17 | 22729 | 263784902075763 | 0.203689 | 101.203 | 0 | 2355
PACZ | Range_Medium | 18 | 69145 | 825196720566237 | 0.841935 | 101.203 | 0 | 6753
PACZ | Range_Medium | 19 | 23362 | 257148690077841 | 0.226259 | 101.203 | 0 | 2389
PACZ | Range_Medium | 20 | 41016 | 492938486266587 | 0.405947 | 101.203 | 0 | 3655
PACZ | Range_Medium | 21 | 5302 | 67141719563364 | 0.0663598 | 101.203 | 0 | 709
PACZ | Range_Medium | 22 | 7062 | 61286721683580 | 0.0782808 | 101.203 | 0 | 869
PACZ | Range_Medium | 23 | 15063 | 197735732634345 | 0.154654 | 101.203 | 0 | 1635
PACZ | Range_Medium | 24 | 18989 | 226762333292484 | 0.197649 | 101.203 | 0 | 2005
PACZ | Range_Medium | 25 | 30702 | 409345103216571 | 0.312964 | 101.203 | 0 | 3151
PACZ | Range_Medium | 26 | 88512 | 1044713181438369 | 1.06533 | 101.203 | 0 | 8343
PACZ | Range_Medium | 27 | 9189 | 109082769867369 | 0.104984 | 101.203 | 0 | 1225
PACZ | Range_Medium | 28 | 75215 | 799806932784516 | 0.844717 | 101.203 | 0 | 6711
PACZ | Range_Medium | 29 | 76492 | 822232027362960 | 0.798305 | 101.203 | 0 | 6765
PACZ | Range_Medium | 30 | 56919 | 594167216274072 | 0.605345 | 101.203 | 0 | 5329
PACZ | Range_Medium | 31 | 86790 | 1024906555546296 | 1.05866 | 101.203 | 0 | 8313
PACZ | Range_Medium | 32 | 341 | 5288176171692 | 0.0126362 | 101.203 | 0 | 239
PACZ | Range_Medium | 33 | 2781 | 35484780312285 | 0.0336965 | 101.203 | 0 | 437
PACZ | Range_Medium | 34 | 36888 | 446585121540348 | 0.414054 | 101.203 | 0 | 3521
PACZ | Range_Medium | 35 | 3997 | 30797220415632 | 0.0469685 | 101.203 | 0 | 545
PACZ | Range_Medium | 36 | 8099 | 73133545467048 | 0.0999769 | 101.203 | 0 | 1007
PACZ | Range_Medium | 37 | 94556 | 1121682045176865 | 1.16038 | 101.203 | 0 | 8749
PACZ | Range_Medium | 38 | 30033 | 401802076998999 | 0.353972 | 101.203 | 0 | 3017
PACZ | Range_Medium | 39 | 93917 | 1114888087836606 | 1.22134 | 101.203 | 0 | 8777
PACZ | Range_Medium | 40 | 83167 | 987855577295760 | 0.984669 | 101.203 | 0 | 7857
PACZ | Range_Medium | 41 | 17610 | 220851362580396 | 0.204007 | 101.203 | 0 | 1959
PACZ | Range_Medium | 42 | 32356 | 358169731568868 | 0.385682 | 101.203 | 0 | 3229
PACZ | Range_Medium | 43 | 8156 | 92397847953387 | 0.0896454 | 101.203 | 0 | 923
PACZ | Range_Medium | 44 | 20662 | 235490745679089 | 0.243664 | 101.203 | 0 | 2157
PACZ | Range_Medium | 45 | 4199 | 57311258295135 | 0.0503063 | 101.203 | 0 | 599
PACZ | Range_Medium | 46 | 1589 | 21383201412711 | 0.0252724 | 101.203 | 0 | 361
PACZ | Range_Medium | 47 | 32904 | 366326115757512 | 0.351985 | 101.203 | 0 | 3215
PACZ | Range_Medium | 48 | 76019 | 896460805189860 | 0.952641 | 101.203 | 0 | 7227
PACZ | Range_Medium | 49 | 40877 | 565549303543260 | 0.435034 | 101.203 | 0 | 3759
PACZ | Range_Medium | 50 | 9967 | 108304400464680 | 0.114044 | 101.203 | 0 | 1137
PACZ | Range_Medium | 51 | 27582 | 331739889970854 | 0.31805 | 101.203 | 0 | 2801
PACZ | Range_Medium | 52 | 33314 | 365017689715611 | 0.36335 | 101.203 | 0 | 3171
PACZ | Range_Medium | 53 | 94234 | 1118637276134922 | 1.17668 | 101.203 | 0 | 8761
PACZ | Range_Medium | 54 | 2838 | 32471332497252 | 0.0399748 | 101.203 | 0 | 473
PACZ | Range_Medium | 55 | 93143 | 1103907203144838 | 1.10865 | 101.203 | 0 | 8755
PACZ | Range_Medium | 56 | 5990 | 66079938836868 | 0.0730356 | 101.203 | 0 | 807
PACZ | Range_Medium | 57 | 31469 | 337561752771348 | 0.33172 | 101.203 | 0 | 3067
PACZ | Range_Medium | 58 | 6 | 53406590916 | 0.00166893 | 101.203 | 0 | 37
PACZ | Range_Medium | 59 | 84666 | 1005393077686182 | 1.06295 | 101.203 | 0 | 8127
PACZ | Range_Medium | 60 | 92399 | 1093647641674956 | 1.09728 | 101.203 | 0 | 8635
PACZ | Range_Medium | 61 | 34257 | 421384613042910 | 0.408014 | 101.203 | 0 | 3309
PACZ | Range_Medium | 62 | 2332 | 32544195622011 | 0.0326633 | 101.203 | 0 | 399
PACZ | Range_Medium | 63 | 89142 | 1054480670290458 | 1.15768 | 101.203 | 0 | 8427
PACZ | Range_Medium | 64 | 69644 | 747839859947859 | 0.830015 | 101.203 | 0 | 6293
PACZ | Range_Medium | 65 | 34257 | 369304308981123 | 0.375986 | 101.203 | 0 | 3291
PACZ | Range_Medium | 66 | 83003 | 986049959800056 | 1.04165 | 101.203 | 0 | 7855
PACZ | Range_Medium | 67 | 24984 | 281124719427939 | 0.278711 | 101.203 | 0 | 2497
PACZ | Range_Medium | 68 | 46050 | 483531571229559 | 0.595331 | 101.203 | 0 | 4359
PACZ | Range_Medium | 69 | 94157 | 1117062240701613 | 1.22635 | 101.203 | 0 | 8781
PACZ | Range_Medium | 70 | 10054 | 108742163049543 | 0.128031 | 101.203 | 0 | 1293
PACZ | Range_Medium | 71 | 46047 | 556711356270744 | 0.510931 | 101.203 | 0 | 4215
PACZ | Range_Medium | 72 | 11750 | 157349781304650 | 0.130018 | 101.203 | 0 | 1387
PACZ | Range_Medium | 73 | 22353 | 258793541552643 | 0.236352 | 101.203 | 0 | 2325
PACZ | Range_Medium | 74 | 40948 | 455392632891777 | 0.476678 | 101.203 | 0 | 3809
PACZ | Range_Medium | 75 | 47527 | 580185009476814 | 0.533024 | 101.203 | 0 | 4297
PACZ | Range_Medium | 76 | 45311 | 551681210953995 | 0.449975 | 101.203 | 0 | 4239
PACZ | Range_Medium | 77 | 19066 | 223978174518720 | 0.214656 | 101.203 | 0 | 1993
PACZ | Range_Medium | 78 | 27580 | 315035224466157 | 0.316302 | 101.203 | 0 | 2861
PACZ | Range_Medium | 79 | 7530 | 88298759680581 | 0.0879765 | 101.203 | 0 | 929
PACZ | Range_Medium | 80 | 76088 | 859636271493321 | 0.904322 | 101.203 | 0 | 6887
PACZ | Range_Medium | 81 | 101307 | 1191030432783402 | 1.25003 | 101.203 | 0 | 9469
PACZ | Range_Medium | 82 | 59203 | 613117232039280 | 0.71764 | 101.203 | 0 | 5325
PACZ | Range_Medium | 83 | 46644 | 564432576422655 | 0.508308 | 101.203 | 0 | 4247
PACZ | Range_Medium | 84 | 96228 | 1125356747973912 | 1.29604 | 101.203 | 0 | 9055
PACZ | Range_Medium | 85 | 27996 | 330173514751758 | 0.327349 | 101.203 | 0 | 2915
PACZ | Range_Medium | 86 | 29202 | 350351046979617 | 0.295957 | 101.203 | 0 | 2769
PACZ | Range_Medium | 87 | 48100 | 670713772450947 | 0.525951 | 101.203 | 0 | 4427
PACZ | Range_Medium | 88 | 83334 | 968388946367427 | 1.06239 | 101.203 | 0 | 7939
PACZ | Range_Medium | 89 | 72172 | 820976850437445 | 0.877619 | 101.203 | 0 | 6405
PACZ | Range_Medium | 90 | 14334 | 170286649164786 | 0.152349 | 101.203 | 0 | 1535
PACZ | Range_Medium | 91 | 23111 | 310888488812058 | 0.261307 | 101.203 | 0 | 2477
PACZ | Range_Medium | 92 | 11998 | 144230729768946 | 0.120958 | 101.203 | 0 | 1291
PACZ | Range_Medium | 93 | 19822 | 242609309383275 | 0.247637 | 101.203 | 0 | 2135
PACZ | Range_Medium | 94 | 25108 | 301021800821739 | 0.291348 | 101.203 | 0 | 2519
PACZ | Range_Medium | 95 | 7173 | 92486233135200 | 0.0840028 | 101.203 | 0 | 803
PACZ | Range_Medium | 96 | 14226 | 165252386804076 | 0.170628 | 101.203 | 0 | 1659
PACZ | Range_Medium | 97 | 90317 | 1067125867520247 | 1.15395 | 101.203 | 0 | 8557
PACZ | Range_Medium | 98 | 33494 | 367044607206816 | 0.372966 | 101.203 | 0 | 3377
PACZ | Range_Medium | 99 | 33732 | 363527020381572 | 0.397285 | 101.203 | 0 | 3297
PACZ | Range_Large | 0 | 680190 | 8019856391613681 | 8.45297 | 101.203 | 0 | 57087
PACZ | Range_Large | 1 | 372009 | 4326066697187361 | 4.49697 | 101.203 | 0 | 31189
PACZ | Range_Large | 2 | 456879 | 5460545159414283 | 5.76266 | 101.203 | 0 | 38739
PACZ | Range_Large | 3 | 409167 | 4799707517044986 | 5.05066 | 101.203 | 0 | 34223
PACZ | Range_Large | 4 | 490545 | 5882569621848180 | 6.2507 | 101.203 | 0 | 41523
PACZ | Range_Large | 5 | 457136 | 5356570831314489 | 5.81098 | 101.203 | 0 | 38491
PACZ | Range_Large | 6 | 422082 | 5066904391119552 | 5.35107 | 101.203 | 0 | 35765
PACZ | Range_Large | 7 | 429838 | 5015868719841759 | 5.337 | 101.203 | 0 | 35835
PACZ | Range_Large | 8 | 716148 | 8407869725424870 | 9.31263 | 101.203 | 0 | 59867
PACZ | Range_Large | 9 | 691221 | 8138122106258562 | 8.94094 | 101.203 | 0 | 57993
PACZ | Range_Large | 10 | 429716 | 5014671864104877 | 5.33867 | 101.203 | 0 | 35805
PACZ | Range_Large | 11 | 280862 | 3201890725835781 | 3.66163 | 101.203 | 0 | 24733
PACZ | Range_Large | 12 | 495748 | 5934726318656343 | 6.1957 | 101.203 | 0 | 42037
PACZ | Range_Large | 13 | 530260 | 6331459137320976 | 6.7157 | 101.203 | 0 | 44889
PACZ | Range_Large | 14 | 418859 | 5027834650523988 | 5.3153 | 101.203 | 0 | 35513
PACZ | Range_Large | 15 | 499765 | 5971733606416998 | 6.36029 | 101.203 | 0 | 42387
PACZ | Range_Large | 16 | 496498 | 5944460849863110 | 6.30832 | 101.203 | 0 | 42087
PACZ | Range_Large | 17 | 639100 | 7504841279442381 | 8.07603 | 101.203 | 0 | 53693
PACZ | Range_Large | 18 | 392174 | 4581714339205449 | 4.97937 | 101.203 | 0 | 32943
PACZ | Range_Large | 19 | 296765 | 3399412427706714 | 3.84998 | 101.203 | 0 | 25859
PACZ | Range_Large | 20 | 471666 | 5642182888467990 | 5.92438 | 101.203 | 0 | 39809
PACZ | Range_Large | 21 | 421726 | 4939608771432357 | 5.23861 | 101.203 | 0 | 35325
PACZ | Range_Large | 22 | 495227 | 5919976941348312 | 6.27263 | 101.203 | 0 | 41969
PACZ | Range_Large | 23 | 462546 | 5542769431896510 | 5.74573 | 101.203 | 0 | 39203
PACZ | Range_Large | 24 | 444213 | 5334986509261683 | 5.60395 | 101.203 | 0 | 37649
PACZ | Range_Large | 25 | 468255 | 5602916456820621 | 5.86899 | 101.203 | 0 | 39607
PACZ | Range_Large | 26 | 566731 | 6661363771278750 | 7.23163 | 101.203 | 0 | 47925
PACZ | Range_Large | 27 | 529397 | 6320602089817824 | 6.70473 | 101.203 | 0 | 44783
PACZ | Range_Large | 28 | 530888 | 6334951000602834 | 6.78301 | 101.203 | 0 | 44919
PACZ | Range_Large | 29 | 438694 | 5122666539675132 | 5.4543 | 101.203 | 0 | 36551
PACZ | Range_Large | 30 | 588170 | 6917101131819855 | 7.39638 | 101.203 | 0 | 49511
PACZ | Range_Large | 31 | 399837 | 4688264500805040 | 4.95903 | 101.203 | 0 | 33483
PACZ | Range_Large | 32 | 440258 | 5136895919841441 | 5.37101 | 101.203 | 0 | 36729
PACZ | Range_Large | 33 | 428146 | 4998907247657391 | 5.29202 | 101.203 | 0 | 35805
PACZ | Range_Large | 34 | 692831 | 8148225145531638 | 8.57798 | 101.203 | 0 | 58101
PACZ | Range_Large | 35 | 532142 | 6260844470570379 | 6.74534 | 101.203 | 0 | 44991
PACZ | Range_Large | 36 | 704948 | 8264813456457027 | 8.81171 | 101.203 | 0 | 59093
PACZ | Range_Large | 37 | 672072 | 7915669889559162 | 8.47403 | 101.203 | 0 | 56311
PACZ | Range_Large | 38 | 496650 | 5946182763143889 | 6.62637 | 101.203 | 0 | 42105
PACZ | Range_Large | 39 | 600396 | 7052762190164052 | 8.16433 | 101.203 | 0 | 50569
PACZ | Range_Large | 40 | 524846 | 6164298488711904 | 7.09303 | 101.203 | 0 | 44361
PACZ | Range_Large | 41 | 322358 | 3674671177652307 | 4.25967 | 101.203 | 0 | 26809
PACZ | Range_Large | 42 | 690612 | 8127715086107880 | 9.13231 | 101.203 | 0 | 57817
PACZ | Range_Large | 43 | 321387 | 3662129648909181 | 4.15699 | 101.203 | 0 | 26789
PACZ | Range_Large | 44 | 23 | 210282376545 | 0.00365575 | 101.203 | 0 | 57
PACZ | Range_Large | 45 | 285346 | 3259923997512096 | 3.87669 | 101.203 | 0 | 25409
PACZ | Range_Large | 46 | 497938 | 5960082909795741 | 6.46631 | 101.203 | 0 | 42173
PACZ | Range_Large | 47 | 526050 | 6280965510584730 | 6.76998 | 101.203 | 0 | 44549
PACZ | Range_Large | 48 | 418136 | 4889856416780457 | 5.18203 | 101.203 | 0 | 35001
PACZ | Range_Large | 49 | 419093 | 4899417680425455 | 5.42498 | 101.203 | 0 | 35061
PACZ | Range_Large | 50 | 326205 | 3702119917986906 | 4.24496 | 101.203 | 0 | 28311
PACZ | Range_Large | 51 | 534819 | 6380932355993475 | 6.61969 | 101.203 | 0 | 45155
PACZ | Range_Large | 52 | 528399 | 6308641272516078 | 6.59299 | 101.203 | 0 | 44743
PACZ | Range_Large | 53 | 539630 | 6433270393542456 | 6.8833 | 101.203 | 0 | 45925
PACZ | Range_Large | 54 | 431736 | 5046061644922683 | 5.45136 | 101.203 | 0 | 36133
PACZ | Range_Large | 55 | 574000 | 6825564597087744 | 7.29465 | 101.203 | 0 | 48771
PACZ | Range_Large | 56 | 323902 | 3690906952328490 | 3.96069 | 101.203 | 0 | 26957
PACZ | Range_Large | 57 | 602911 | 7149291901022811 | 7.56637 | 101.203 | 0 | 50871
PACZ | Range_Large | 58 | 672171 | 7917612412974384 | 8.39901 | 101.203 | 0 | 56319
PACZ | Range_Large | 59 | 467633 | 5595004492054257 | 5.88465 | 101.203 | 0 | 39583
PACZ | Range_Large | 60 | 585168 | 6936554757497022 | 7.35537 | 101.203 | 0 | 49537
PACZ | Range_Large | 61 | 444189 | 5179940553710232 | 5.44667 | 101.203 | 0 | 36985
PACZ | Range_Large | 62 | 680170 | 8005839815838591 | 8.39472 | 101.203 | 0 | 56991
PACZ | Range_Large | 63 | 569475 | 6692632308100455 | 7.16861 | 101.203 | 0 | 48047
PACZ | Range_Large | 64 | 381984 | 4372767197262024 | 4.85738 | 101.203 | 0 | 33033
PACZ | Range_Large | 65 | 668131 | 7871338539534426 | 8.7103 | 101.203 | 0 | 55999
PACZ | Range_Large | 66 | 496175 | 5940579025000326 | 6.39033 | 101.203 | 0 | 42071
PACZ | Range_Large | 67 | 438732 | 5123084441266824 | 5.3467 | 101.203 | 0 | 36547
PACZ | Range_Large | 68 | 439195 | 5256396080955021 | 5.41337 | 101.203 | 0 | 37223
PACZ | Range_Large | 69 | 319004 | 3636154393040760 | 3.92834 | 101.203 | 0 | 26589
PACZ | Range_Large | 70 | 542963 | 6472471393281384 | 6.91136 | 101.203 | 0 | 46251
PACZ | Range_Large | 71 | 670745 | 7900856670657681 | 8.41467 | 101.203 | 0 | 56197
PACZ | Range_Large | 72 | 523087 | 6246442638206184 | 6.67834 | 101.203 | 0 | 44293
PACZ | Range_Large | 73 | 588821 | 6925782414657600 | 7.45964 | 101.203 | 0 | 49473
PACZ | Range_Large | 74 | 294753 | 3357722327093697 | 3.817 | 101.203 | 0 | 25917
PACZ | Range_Large | 75 | 408598 | 4792751524030740 | 5.04835 | 101.203 | 0 | 34161
PACZ | Range_Large | 76 | 429894 | 5150582778438327 | 5.44699 | 101.203 | 0 | 36385
PACZ | Range_Large | 77 | 576289 | 6778348404604947 | 7.21304 | 101.203 | 0 | 48543
PACZ | Range_Large | 78 | 545880 | 6421358273120235 | 6.95101 | 101.203 | 0 | 45993
PACZ | Range_Large | 79 | 536526 | 6302712121619268 | 6.71371 | 101.203 | 0 | 45303
PACZ | Range_Large | 80 | 530542 | 6334057677335655 | 6.54403 | 101.203 | 0 | 44907
PACZ | Range_Large | 81 | 419056 | 5030928461641992 | 5.16764 | 101.203 | 0 | 35509
PACZ | Range_Large | 82 | 418177 | 5019569883114534 | 5.15469 | 101.203 | 0 | 35449
PACZ | Range_Large | 83 | 529373 | 6323187971601846 | 6.73135 | 101.203 | 0 | 44871
PACZ | Range_Large | 84 | 663309 | 7797196895502837 | 8.31564 | 101.203 | 0 | 55509
PACZ | Range_Large | 85 | 490981 | 5877146605485405 | 6.26572 | 101.203 | 0 | 41691
PACZ | Range_Large | 86 | 440764 | 5152276136837184 | 5.56731 | 101.203 | 0 | 36797
PACZ | Range_Large | 87 | 511675 | 6117658613593815 | 6.49738 | 101.203 | 0 | 43327
PACZ | Range_Large | 88 | 382084 | 4454747895360288 | 4.78832 | 101.203 | 0 | 31973
PACZ | Range_Large | 89 | 677986 | 7982199879154869 | 8.53467 | 101.203 | 0 | 56909
PACZ | Range_Large | 90 | 456950 | 5363342321131746 | 5.77235 | 101.203 | 0 | 38469
PACZ | Range_Large | 91 | 438252 | 5112879620666796 | 5.50739 | 101.203 | 0 | 36515
PACZ | Range_Large | 92 | 670479 | 7909230169194444 | 8.45234 | 101.203 | 0 | 56397
PACZ | Range_Large | 93 | 418377 | 4901520312981195 | 5.23671 | 101.203 | 0 | 34997
PACZ | Range_Large | 94 | 649937 | 7617794528221257 | 8.16735 | 101.203 | 0 | 54509
PACZ | Range_Large | 95 | 402950 | 4842784307132859 | 5.07069 | 101.203 | 0 | 34251
PACZ | Range_Large | 96 | 330971 | 3784130006550645 | 4.08133 | 101.203 | 0 | 27575
PACZ | Range_Large | 97 | 469634 | 5628766217808198 | 5.94997 | 101.203 | 0 | 39777
PACZ | Range_Large | 98 | 418930 | 5029012569114279 | 5.27835 | 101.203 | 0 | 35491
PACZ | Range_Large | 99 | 382086 | 4454007506659530 | 4.8 | 101.203 | 0 | 31977
PACZ | kNN_10 | 0 | 10 | 127833829695 | 0.0280539 | 101.203 | 0 | 190
PACZ | kNN_10 | 1 | 10 | 126470832873 | 0.0759761 | 101.203 | 0 | 566
PACZ | kNN_10 | 2 | 10 | 119453982243 | 0.0642935 | 101.203 | 0 | 513
PACZ | kNN_10 | 3 | 10 | 129032435805 | 0.0456174 | 101.203 | 0 | 389
PACZ | kNN_10 | 4 | 10 | 52032034857 | 0.0299613 | 101.203 | 0 | 243
PACZ | kNN_10 | 5 | 10 | 140532457620 | 0.0472864 | 101.203 | 0 | 362
PACZ | kNN_10 | 6 | 10 | 126294102900 | 0.05428 | 101.203 | 0 | 466
PACZ | kNN_10 | 7 | 10 | 158426238573 | 0.0566641 | 101.203 | 0 | 425
PACZ | kNN_10 | 8 | 10 | 120441023511 | 0.0519753 | 101.203 | 0 | 365
PACZ | kNN_10 | 9 | 10 | 102358887072 | 0.0367165 | 101.203 | 0 | 298
PACZ | kNN_10 | 10 | 10 | 138794134935 | 0.0253518 | 101.203 | 0 | 197
PACZ | kNN_10 | 11 | 10 | 123092255073 | 0.0413259 | 101.203 | 0 | 332
PACZ | kNN_10 | 12 | 10 | 120468346386 | 0.0293255 | 101.203 | 0 | 263
PACZ | kNN_10 | 13 | 10 | 137276273835 | 0.0253518 | 101.203 | 0 | 179
PACZ | kNN_10 | 14 | 10 | 129943929300 | 0.0557105 | 101.203 | 0 | 460
PACZ | kNN_10 | 15 | 10 | 111953624418 | 0.025034 | 101.203 | 0 | 244
PACZ | kNN_10 | 16 | 10 | 142415935050 | 0.042359 | 101.203 | 0 | 379
PACZ | kNN_10 | 17 | 10 | 123093105291 | 0.0413259 | 101.203 | 0 | 354
PACZ | kNN_10 | 18 | 10 | 122873367957 | 0.0340144 | 101.203 | 0 | 319
PACZ | kNN_10 | 19 | 10 | 147343806225 | 0.0229677 | 101.203 | 0 | 204
PACZ | kNN_10 | 20 | 10 | 126889345524 | 0.0576178 | 101.203 | 0 | 539
PACZ | kNN_10 | 21 | 10 | 110048664144 | 0.0486374 | 101.203 | 0 | 442
PACZ | kNN_10 | 22 | 10 | 103809860442 | 0.0313123 | 101.203 | 0 | 275
PACZ | kNN_10 | 23 | 10 | 112231510434 | 0.061353 | 101.203 | 0 | 494
PACZ | kNN_10 | 24 | 10 | 119248172280 | 0.0403722 | 101.203 | 0 | 300
PACZ | kNN_10 | 25 | 10 | 128231155857 | 0.060002 | 101.203 | 0 | 466
PACZ | kNN_10 | 26 | 10 | 108692340180 | 0.0460148 | 101.203 | 0 | 490
PACZ | kNN_10 | 27 | 10 | 137271879003 | 0.0246366 | 101.203 | 0 | 163
PACZ | kNN_10 | 28 | 10 | 44019901506 | 0.025034 | 101.203 | 0 | 193
PACZ | kNN_10 | 29 | 10 | 137276280573 | 0.0259876 | 101.203 | 0 | 174
PACZ | kNN_10 | 30 | 10 | 139931562357 | 0.0712872 | 101.203 | 0 | 528
PACZ | kNN_10 | 31 | 10 | 137263251432 | 0.0256697 | 101.203 | 0 | 200
PACZ | kNN_10 | 32 | 10 | 102501916500 | 0.0563463 | 101.203 | 0 | 376
PACZ | kNN_10 | 33 | 10 | 122338944126 | 0.0637372 | 101.203 | 0 | 496
PACZ | kNN_10 | 34 | 10 | 156385628607 | 0.0329812 | 101.203 | 0 | 314
PACZ | kNN_10 | 35 | 10 | 142309191435 | 0.0332991 | 101.203 | 0 | 266
PACZ | kNN_10 | 36 | 10 | 140417113875 | 0.0500679 | 101.203 | 0 | 388
PACZ | kNN_10 | 37 | 10 | 127872100977 | 0.0639757 | 101.203 | 0 | 570
PACZ | kNN_10 | 38 | 10 | 103614627489 | 0.0219345 | 101.203 | 0 | 187
PACZ | kNN_10 | 39 | 10 | 90153737703 | 0.0376701 | 101.203 | 0 | 293
PACZ | kNN_10 | 40 | 10 | 120068967276 | 0.0317097 | 101.203 | 0 | 276
PACZ | kNN_10 | 41 | 10 | 137207351616 | 0.0499884 | 101.203 | 0 | 412
PACZ | kNN_10 | 42 | 10 | 122280456387 | 0.0309944 | 101.203 | 0 | 243
PACZ | kNN_10 | 43 | 10 | 125741286132 | 0.055631 | 101.203 | 0 | 479
PACZ | kNN_10 | 44 | 10 | 118805999967 | 0.0436306 | 101.203 | 0 | 331
PACZ | kNN_10 | 45 | 10 | 118774978332 | 0.0290076 | 101.203 | 0 | 208
PACZ | kNN_10 | 46 | 10 | 90139306059 | 0.0387033 | 101.203 | 0 | 315
PACZ | kNN_10 | 47 | 10 | 90105958512 | 0.0536442 | 101.203 | 0 | 427
PACZ | kNN_10 | 48 | 10 | 127833812241 | 0.0247161 | 101.203 | 0 | 210
PACZ | kNN_10 | 49 | 10 | 105596359536 | 0.0163714 | 101.203 | 0 | 142
PACZ | kNN_10 | 50 | 10 | 119297175561 | 0.0469685 | 101.203 | 0 | 354
PACZ | kNN_10 | 51 | 10 | 90104910426 | 0.0496705 | 101.203 | 0 | 431
PACZ | kNN_10 | 52 | 10 | 150962542158 | 0.0353654 | 101.203 | 0 | 227
PACZ | kNN_10 | 53 | 10 | 128963442957 | 0.0683467 | 101.203 | 0 | 577
PACZ | kNN_10 | 54 | 10 | 88180824855 | 0.0246366 | 101.203 | 0 | 245
PACZ | kNN_10 | 55 | 10 | 123181263567 | 0.0499884 | 101.203 | 0 | 369
PACZ | kNN_10 | 56 | 10 | 115577111967 | 0.0572999 | 101.203 | 0 | 496
PACZ | kNN_10 | 57 | 10 | 135157965543 | 0.0426769 | 101.203 | 0 | 310
PACZ | kNN_10 | 58 | 10 | 102553504584 | 0.0450611 | 101.203 | 0 | 371
PACZ | kNN_10 | 59 | 10 | 146964297390 | 0.064373 | 101.203 | 0 | 594
PACZ | kNN_10 | 60 | 10 | 145408035057 | 0.0390212 | 101.203 | 0 | 295
PACZ | kNN_10 | 61 | 10 | 118805146896 | 0.0416438 | 101.203 | 0 | 323
PACZ | kNN_10 | 62 | 10 | 137276288847 | 0.0266234 | 101.203 | 0 | 186
PACZ | kNN_10 | 63 | 10 | 127695339774 | 0.0669956 | 101.203 | 0 | 525
PACZ | kNN_10 | 64 | 10 | 112808907048 | 0.0623862 | 101.203 | 0 | 505
PACZ | kNN_10 | 65 | 10 | 120069797187 | 0.0350475 | 101.203 | 0 | 279
PACZ | kNN_10 | 66 | 10 | 60971153460 | 0.0546773 | 101.203 | 0 | 484
PACZ | kNN_10 | 67 | 10 | 124348660323 | 0.0309944 | 101.203 | 0 | 299
PACZ | kNN_10 | 68 | 10 | 125386845747 | 0.0419617 | 101.203 | 0 | 328
PACZ | kNN_10 | 69 | 10 | 119844987015 | 0.0476837 | 101.203 | 0 | 343
PACZ | kNN_10 | 70 | 10 | 102552850275 | 0.0370344 | 101.203 | 0 | 345
PACZ | kNN_10 | 71 | 10 | 98197953645 | 0.0280539 | 101.203 | 0 | 253
PACZ | kNN_10 | 72 | 10 | 119248167288 | 0.0383059 | 101.203 | 0 | 309
PACZ | kNN_10 | 73 | 10 | 140416222125 | 0.0516574 | 101.203 | 0 | 387
PACZ | kNN_10 | 74 | 10 | 158423592069 | 0.060002 | 101.203 | 0 | 522
PACZ | kNN_10 | 75 | 10 | 129744412260 | 0.0489553 | 101.203 | 0 | 433
PACZ | kNN_10 | 76 | 10 | 158424303537 | 0.0270208 | 101.203 | 0 | 265
PACZ | kNN_10 | 77 | 10 | 123239599476 | 0.041008 | 101.203 | 0 | 309
PACZ | kNN_10 | 78 | 10 | 132106006920 | 0.037988 | 101.203 | 0 | 386
PACZ | kNN_10 | 79 | 10 | 126372571629 | 0.033617 | 101.203 | 0 | 291
PACZ | kNN_10 | 80 | 10 | 108692305698 | 0.0469685 | 101.203 | 0 | 450
PACZ | kNN_10 | 81 | 10 | 118549672272 | 0.0596841 | 101.203 | 0 | 475
PACZ | kNN_10 | 82 | 10 | 118803596757 | 0.0329812 | 101.203 | 0 | 357
PACZ | kNN_10 | 83 | 10 | 72082629651 | 0.029405 | 101.203 | 0 | 285
PACZ | kNN_10 | 84 | 10 | 103810312821 | 0.0263055 | 101.203 | 0 | 267
PACZ | kNN_10 | 85 | 10 | 137321089026 | 0.014623 | 101.203 | 0 | 117
PACZ | kNN_10 | 86 | 10 | 134915732640 | 0.0346502 | 101.203 | 0 | 332
PACZ | kNN_10 | 87 | 10 | 135071145345 | 0.063022 | 101.203 | 0 | 549
PACZ | kNN_10 | 88 | 10 | 139293988500 | 0.0460148 | 101.203 | 0 | 368
PACZ | kNN_10 | 89 | 10 | 90131623608 | 0.0336965 | 101.203 | 0 | 265
PACZ | kNN_10 | 90 | 10 | 128976166155 | 0.0479221 | 101.203 | 0 | 428
PACZ | kNN_10 | 91 | 10 | 132106007415 | 0.0356833 | 101.203 | 0 | 388
PACZ | kNN_10 | 92 | 10 | 126828536190 | 0.0499884 | 101.203 | 0 | 500
PACZ | kNN_10 | 93 | 10 | 97079802174 | 0.037988 | 101.203 | 0 | 347
PACZ | kNN_10 | 94 | 10 | 90109104099 | 0.0413259 | 101.203 | 0 | 345
PACZ | kNN_10 | 95 | 10 | 102608736063 | 0.0536442 | 101.203 | 0 | 449
PACZ | kNN_10 | 96 | 10 | 108754890129 | 0.056982 | 101.203 | 0 | 469
PACZ | kNN_10 | 97 | 10 | 124346735757 | 0.0389417 | 101.203 | 0 | 364
PACZ | kNN_10 | 98 | 10 | 126099045135 | 0.0603199 | 101.203 | 0 | 513
PACZ | kNN_10 | 99 | 10 | 145408064520 | 0.039657 | 101.203 | 0 | 307
PACZ | kNN_100 | 0 | 100 | 1269955960524 | 0.164986 | 101.203 | 0 | 374
PACZ | kNN_100 | 1 | 100 | 1263987838038 | 0.465631 | 101.203 | 0 | 1150
PACZ | kNN_100 | 2 | 100 | 1174604725227 | 0.416994 | 101.203 | 0 | 1067
PACZ | kNN_100 | 3 | 100 | 1276441519125 | 0.284354 | 101.203 | 0 | 748
PACZ | kNN_100 | 4 | 100 | 590225441499 | 0.195662 | 101.203 | 0 | 436
PACZ | kNN_100 | 5 | 100 | 1404864541047 | 0.294606 | 101.203 | 0 | 611
PACZ | kNN_100 | 6 | 100 | 1176230136066 | 0.362317 | 101.203 | 0 | 917
PACZ | kNN_100 | 7 | 100 | 1584262422342 | 0.326951 | 101.203 | 0 | 680
PACZ | kNN_100 | 8 | 100 | 1202145263574 | 0.249704 | 101.203 | 0 | 526
PACZ | kNN_100 | 9 | 100 | 1023588730191 | 0.251691 | 101.203 | 0 | 603
PACZ | kNN_100 | 10 | 100 | 1387941347262 | 0.159979 | 101.203 | 0 | 367
PACZ | kNN_100 | 11 | 100 | 1230922267428 | 0.23063 | 101.203 | 0 | 589
PACZ | kNN_100 | 12 | 100 | 1204682402874 | 0.151634 | 101.203 | 0 | 362
PACZ | kNN_100 | 13 | 100 | 1372763062305 | 0.125408 | 101.203 | 0 | 270
PACZ | kNN_100 | 14 | 100 | 1287573208545 | 0.37837 | 101.203 | 0 | 928
PACZ | kNN_100 | 15 | 100 | 1119536156925 | 0.160376 | 101.203 | 0 | 419
PACZ | kNN_100 | 16 | 100 | 1371908474451 | 0.253677 | 101.203 | 0 | 759
PACZ | kNN_100 | 17 | 100 | 1230930996126 | 0.22467 | 101.203 | 0 | 608
PACZ | kNN_100 | 18 | 100 | 1228733725380 | 0.208696 | 101.203 | 0 | 581
PACZ | kNN_100 | 19 | 100 | 1473438077112 | 0.157356 | 101.203 | 0 | 398
PACZ | kNN_100 | 20 | 100 | 1267009425405 | 0.388702 | 101.203 | 0 | 1131
PACZ | kNN_100 | 21 | 100 | 1112086857537 | 0.307004 | 101.203 | 0 | 894
PACZ | kNN_100 | 22 | 100 | 1068984921915 | 0.170946 | 101.203 | 0 | 470
PACZ | kNN_100 | 23 | 100 | 1145312126493 | 0.324011 | 101.203 | 0 | 869
PACZ | kNN_100 | 24 | 100 | 1192481695584 | 0.177701 | 101.203 | 0 | 470
PACZ | kNN_100 | 25 | 100 | 1282311460326 | 0.287692 | 101.203 | 0 | 864
PACZ | kNN_100 | 26 | 100 | 1152314477628 | 0.264009 | 101.203 | 0 | 897
PACZ | kNN_100 | 27 | 100 | 1303484395599 | 0.106335 | 101.203 | 0 | 256
PACZ | kNN_100 | 28 | 100 | 460647972747 | 0.141382 | 101.203 | 0 | 395
PACZ | kNN_100 | 29 | 100 | 1372762798146 | 0.136693 | 101.203 | 0 | 278
PACZ | kNN_100 | 30 | 100 | 1399279423818 | 0.374317 | 101.203 | 0 | 1000
PACZ | kNN_100 | 31 | 100 | 1372632458853 | 0.132004 | 101.203 | 0 | 322
PACZ | kNN_100 | 32 | 100 | 1024481916930 | 0.237385 | 101.203 | 0 | 680
PACZ | kNN_100 | 33 | 100 | 1256708717172 | 0.358343 | 101.203 | 0 | 870
PACZ | kNN_100 | 34 | 100 | 1560717139704 | 0.174363 | 101.203 | 0 | 513
PACZ | kNN_100 | 35 | 100 | 1423091942166 | 0.175714 | 101.203 | 0 | 475
PACZ | kNN_100 | 36 | 100 | 1404732095814 | 0.297308 | 101.203 | 0 | 694
PACZ | kNN_100 | 37 | 100 | 1267216775580 | 0.322978 | 101.203 | 0 | 1125
PACZ | kNN_100 | 38 | 100 | 1036146300417 | 0.118653 | 101.203 | 0 | 342
PACZ | kNN_100 | 39 | 100 | 893060442060 | 0.196695 | 101.203 | 0 | 577
PACZ | kNN_100 | 40 | 100 | 1200689624817 | 0.173728 | 101.203 | 0 | 452
PACZ | kNN_100 | 41 | 100 | 1401163292487 | 0.210683 | 101.203 | 0 | 714
PACZ | kNN_100 | 42 | 100 | 1197735772770 | 0.188351 | 101.203 | 0 | 456
PACZ | kNN_100 | 43 | 100 | 1297219517718 | 0.284672 | 101.203 | 0 | 858
PACZ | kNN_100 | 44 | 100 | 1185091927746 | 0.252008 | 101.203 | 0 | 704
PACZ | kNN_100 | 45 | 100 | 1145792092473 | 0.17031 | 101.203 | 0 | 358
PACZ | kNN_100 | 46 | 100 | 901392934500 | 0.216961 | 101.203 | 0 | 651
PACZ | kNN_100 | 47 | 100 | 900980199801 | 0.253677 | 101.203 | 0 | 788
PACZ | kNN_100 | 48 | 100 | 1268732298675 | 0.157038 | 101.203 | 0 | 391
PACZ | kNN_100 | 49 | 100 | 853230299421 | 0.116984 | 101.203 | 0 | 269
PACZ | kNN_100 | 50 | 100 | 1192972842141 | 0.192324 | 101.203 | 0 | 575
PACZ | kNN_100 | 51 | 100 | 901056732597 | 0.270685 | 101.203 | 0 | 814
PACZ | kNN_100 | 52 | 100 | 1488228308544 | 0.183026 | 101.203 | 0 | 358
PACZ | kNN_100 | 53 | 100 | 1232066889039 | 0.332673 | 101.203 | 0 | 1007
PACZ | kNN_100 | 54 | 100 | 990162926673 | 0.133991 | 101.203 | 0 | 432
PACZ | kNN_100 | 55 | 100 | 1229880726663 | 0.242949 | 101.203 | 0 | 631
PACZ | kNN_100 | 56 | 100 | 1250202867330 | 0.29699 | 101.203 | 0 | 923
PACZ | kNN_100 | 57 | 100 | 1433612491818 | 0.159025 | 101.203 | 0 | 410
PACZ | kNN_100 | 58 | 100 | 1025535038901 | 0.204007 | 101.203 | 0 | 621
PACZ | kNN_100 | 59 | 100 | 1467926052192 | 0.328302 | 101.203 | 0 | 1149
PACZ | kNN_100 | 60 | 100 | 1454080361535 | 0.222603 | 101.203 | 0 | 532
PACZ | kNN_100 | 61 | 100 | 1188927990912 | 0.223001 | 101.203 | 0 | 724
PACZ | kNN_100 | 62 | 100 | 1365281929392 | 0.14933 | 101.203 | 0 | 268
PACZ | kNN_100 | 63 | 100 | 1284942214209 | 0.333945 | 101.203 | 0 | 935
PACZ | kNN_100 | 64 | 100 | 1207830413778 | 0.341654 | 101.203 | 0 | 1075
PACZ | kNN_100 | 65 | 100 | 1200697856049 | 0.191371 | 101.203 | 0 | 429
PACZ | kNN_100 | 66 | 100 | 892190204001 | 0.301997 | 101.203 | 0 | 997
PACZ | kNN_100 | 67 | 100 | 1243486550202 | 0.165304 | 101.203 | 0 | 523
PACZ | kNN_100 | 68 | 100 | 1243893837417 | 0.239611 | 101.203 | 0 | 629
PACZ | kNN_100 | 69 | 100 | 1202026015713 | 0.247955 | 101.203 | 0 | 517
PACZ | kNN_100 | 70 | 100 | 1025703862728 | 0.269651 | 101.203 | 0 | 594
PACZ | kNN_100 | 71 | 100 | 970906598397 | 0.179688 | 101.203 | 0 | 464
PACZ | kNN_100 | 72 | 100 | 1192481681229 | 0.161966 | 101.203 | 0 | 491
PACZ | kNN_100 | 73 | 100 | 1404167332635 | 0.249704 | 101.203 | 0 | 676
PACZ | kNN_100 | 74 | 100 | 1237678190568 | 0.308275 | 101.203 | 0 | 1020
PACZ | kNN_100 | 75 | 100 | 1215008345373 | 0.266949 | 101.203 | 0 | 821
PACZ | kNN_100 | 76 | 100 | 1584243040338 | 0.165304 | 101.203 | 0 | 463
PACZ | kNN_100 | 77 | 100 | 1232399355954 | 0.248353 | 101.203 | 0 | 597
PACZ | kNN_100 | 78 | 100 | 1295540701026 | 0.243982 | 101.203 | 0 | 689
PACZ | kNN_100 | 79 | 100 | 1263725761371 | 0.219027 | 101.203 | 0 | 588
PACZ | kNN_100 | 80 | 100 | 1086923133864 | 0.248035 | 101.203 | 0 | 815
PACZ | kNN_100 | 81 | 100 | 1161590345979 | 0.290314 | 101.203 | 0 | 880
PACZ | kNN_100 | 82 | 100 | 1168005106323 | 0.245969 | 101.203 | 0 | 741
PACZ | kNN_100 | 83 | 100 | 706918985460 | 0.157356 | 101.203 | 0 | 576
PACZ | kNN_100 | 84 | 100 | 1063994865405 | 0.166337 | 101.203 | 0 | 515
PACZ | kNN_100 | 85 | 100 | 1375270029801 | 0.0683467 | 101.203 | 0 | 186
PACZ | kNN_100 | 86 | 100 | 823004910408 | 0.211716 | 101.203 | 0 | 647
PACZ | kNN_100 | 87 | 100 | 1350711460638 | 0.320673 | 101.203 | 0 | 1016
PACZ | kNN_100 | 88 | 100 | 1387923133530 | 0.274261 | 101.203 | 0 | 725
PACZ | kNN_100 | 89 | 100 | 960423725835 | 0.207345 | 101.203 | 0 | 521
PACZ | kNN_100 | 90 | 100 | 1294233716109 | 0.31964 | 101.203 | 0 | 799
PACZ | kNN_100 | 91 | 100 | 1328162496147 | 0.191371 | 101.203 | 0 | 678
PACZ | kNN_100 | 92 | 100 | 1473440005863 | 0.314315 | 101.203 | 0 | 883
PACZ | kNN_100 | 93 | 100 | 1170072328866 | 0.216643 | 101.203 | 0 | 699
PACZ | kNN_100 | 94 | 100 | 901091069106 | 0.252724 | 101.203 | 0 | 656
PACZ | kNN_100 | 95 | 100 | 1026060854487 | 0.279983 | 101.203 | 0 | 900
PACZ | kNN_100 | 96 | 100 | 1213341260424 | 0.315348 | 101.203 | 0 | 904
PACZ | kNN_100 | 97 | 100 | 1243467977331 | 0.304302 | 101.203 | 0 | 773
PACZ | kNN_100 | 98 | 100 | 1254345577926 | 0.463645 | 101.203 | 0 | 1078
PACZ | kNN_100 | 99 | 100 | 1358563915485 | 0.198364 | 101.203 | 0 | 550
