Algo | QType | QID | Count | Hash | Time_ms | Mem_Tree_MB | Mem_Delta_MB | Nodes
PACZ | Range_Small | 0 | 151 | 1630612098009 | 0.0143846 | 67.0989 | 0 | 193
PACZ | Range_Small | 1 | 18984 | 224231277586701 | 0.247637 | 67.0989 | 0 | 2241
PACZ | Range_Small | 2 | 2026 | 24165032466990 | 0.0243187 | 67.0989 | 0 | 419
PACZ | Range_Small | 3 | 166 | 1723245182424 | 0.00770887 | 67.0989 | 0 | 217
PACZ | Range_Small | 4 | 228 | 2795899085106 | 0.00969569 | 67.0989 | 0 | 169
PACZ | Range_Small | 5 | 336 | 3488025966567 | 0.014623 | 67.0989 | 0 | 285
PACZ | Range_Small | 6 | 3297 | 42926125907265 | 0.0346502 | 67.0989 | 0 | 437
PACZ | Range_Small | 7 | 1160 | 13919928210702 | 0.0150204 | 67.0989 | 0 | 295
PACZ | Range_Small | 8 | 252 | 3712826120706 | 0.00834465 | 67.0989 | 0 | 219
PACZ | Range_Small | 9 | 924 | 12678240265635 | 0.0197093 | 67.0989 | 0 | 279
PACZ | Range_Small | 10 | 1406 | 14856190543986 | 0.0326633 | 67.0989 | 0 | 403
PACZ | Range_Small | 11 | 416 | 4968641925087 | 0.00596046 | 67.0989 | 0 | 179
PACZ | Range_Small | 12 | 163 | 2335497464346 | 0.00532468 | 67.0989 | 0 | 179
PACZ | Range_Small | 13 | 615 | 8512207980345 | 0.00969569 | 67.0989 | 0 | 229
PACZ | Range_Small | 14 | 2544 | 26278158243657 | 0.0300407 | 67.0989 | 0 | 527
PACZ | Range_Small | 15 | 1151 | 14062629507807 | 0.0163714 | 67.0989 | 0 | 307
PACZ | Range_Small | 16 | 157 | 1969053222492 | 0.00532468 | 67.0989 | 0 | 175
PACZ | Range_Small | 17 | 815 | 6136335532221 | 0.0123183 | 67.0989 | 0 | 277
PACZ | Range_Small | 18 | 1223 | 16774295837403 | 0.017643 | 67.0989 | 0 | 341
PACZ | Range_Small | 19 | 690 | 8218646248281 | 0.0147025 | 67.0989 | 0 | 245
PACZ | Range_Small | 20 | 385 | 3803949651417 | 0.0100136 | 67.0989 | 0 | 231
PACZ | Range_Small | 21 | 224 | 3194358499497 | 0.00905991 | 67.0989 | 0 | 265
PACZ | Range_Small | 22 | 596 | 6360451526100 | 0.0206629 | 67.0989 | 0 | 311
PACZ | Range_Small | 23 | 746 | 10470147533469 | 0.0093778 | 67.0989 | 0 | 203
PACZ | Range_Small | 24 | 4239 | 52490538292668 | 0.0536442 | 67.0989 | 0 | 559
PACZ | Range_Small | 25 | 696 | 8677981818357 | 0.0123183 | 67.0989 | 0 | 281
PACZ | Range_Small | 26 | 788 | 12394141836246 | 0.0183582 | 67.0989 | 0 | 297
PACZ | Range_Small | 27 | 76 | 532472895924 | 0.00564257 | 67.0989 | 0 | 181
PACZ | Range_Small | 28 | 495 | 6334578356745 | 0.0112851 | 67.0989 | 0 | 289
PACZ | Range_Small | 29 | 580 | 5688514079505 | 0.0136693 | 67.0989 | 0 | 297
PACZ | Range_Small | 30 | 804 | 9804988371948 | 0.0203451 | 67.0989 | 0 | 269
PACZ | Range_Small | 31 | 8784 | 109211429487696 | 0.106017 | 67.0989 | 0 | 1111
PACZ | Range_Small | 32 | 4316 | 58289426102634 | 0.0522931 | 67.0989 | 0 | 619
PACZ | Range_Small | 33 | 11814 | 136505968874049 | 0.147343 | 67.0989 | 0 | 1603
PACZ | Range_Small | 34 | 1811 | 25313842833333 | 0.0179609 | 67.0989 | 0 | 317
PACZ | Range_Small | 35 | 48 | 676812918246 | 0.00961622 | 67.0989 | 0 | 171
PACZ | Range_Small | 36 | 2785 | 34559173096818 | 0.0387033 | 67.0989 | 0 | 477
PACZ | Range_Small | 37 | 988 | 11687827044243 | 0.0123183 | 67.0989 | 0 | 263
PACZ | Range_Small | 38 | 19385 | 228917094401028 | 0.224272 | 67.0989 | 0 | 2203
PACZ | Range_Small | 39 | 390 | 4035032374776 | 0.00866254 | 67.0989 | 0 | 213
PACZ | Range_Small | 40 | 2228 | 27159211011549 | 0.0343323 | 67.0989 | 0 | 467
PACZ | Range_Small | 41 | 586 | 4923558222093 | 0.0249545 | 67.0989 | 0 | 233
PACZ | Range_Small | 42 | 1753 | 19481180776779 | 0.036637 | 67.0989 | 0 | 457
PACZ | Range_Small | 43 | 2005 | 24013165515090 | 0.0256697 | 67.0989 | 0 | 419
PACZ | Range_Small | 44 | 690 | 7939317498357 | 0.0106494 | 67.0989 | 0 | 253
PACZ | Range_Small | 45 | 879 | 10536018377715 | 0.0199477 | 67.0989 | 0 | 311
PACZ | Range_Small | 46 | 1 | 13747522083 | 0.00166893 | 67.0989 | 0 | 57
PACZ | Range_Small | 47 | 3023 | 35988989184396 | 0.0369549 | 67.0989 | 0 | 503
PACZ | Range_Small | 48 | 1505 | 16251843947181 | 0.0279744 | 67.0989 | 0 | 369
PACZ | Range_Small | 49 | 4223 | 38506726484709 | 0.0456174 | 67.0989 | 0 | 589
PACZ | Range_Small | 50 | 2127 | 23243414521224 | 0.0296434 | 67.0989 | 0 | 423
PACZ | Range_Small | 51 | 14441 | 168902653458696 | 0.180721 | 67.0989 | 0 | 1837
PACZ | Range_Small | 52 | 1349 | 12258805450437 | 0.0229677 | 67.0989 | 0 | 339
PACZ | Range_Small | 53 | 1441 | 15574969291386 | 0.0232855 | 67.0989 | 0 | 379
PACZ | Range_Small | 54 | 367 | 4640453983047 | 0.0156562 | 67.0989 | 0 | 269
PACZ | Range_Small | 55 | 4708 | 58997159570886 | 0.0590483 | 67.0989 | 0 | 683
PACZ | Range_Small | 56 | 705 | 7324981420299 | 0.0162919 | 67.0989 | 0 | 245
PACZ | Range_Small | 57 | 1002 | 12619394252148 | 0.0149409 | 67.0989 | 0 | 287
PACZ | Range_Small | 58 | 441 | 5744988710193 | 0.0156562 | 67.0989 | 0 | 203
PACZ | Range_Small | 59 | 1454 | 16919568050904 | 0.023365 | 67.0989 | 0 | 321
PACZ | Range_Small | 60 | 770 | 10643640844701 | 0.0120004 | 67.0989 | 0 | 251
PACZ | Range_Small | 61 | 181 | 2509077557337 | 0.0103315 | 67.0989 | 0 | 171
PACZ | Range_Small | 62 | 131 | 1905008731707 | 0.00667572 | 67.0989 | 0 | 197
PACZ | Range_Small | 63 | 806 | 9936643327146 | 0.0256697 | 67.0989 | 0 | 271
PACZ | Range_Small | 64 | 91 | 942639677940 | 0.00333786 | 67.0989 | 0 | 125
PACZ | Range_Small | 65 | 1188 | 16289224924179 | 0.0166893 | 67.0989 | 0 | 323
PACZ | Range_Small | 66 | 1968 | 20532184255947 | 0.0360012 | 67.0989 | 0 | 417
PACZ | Range_Small | 67 | 226 | 3097579698528 | 0.0139872 | 67.0989 | 0 | 255
PACZ | Range_Small | 68 | 99 | 1025784837351 | 0.00333786 | 67.0989 | 0 | 109
PACZ | Range_Small | 69 | 451 | 5354869189383 | 0.00834465 | 67.0989 | 0 | 193
PACZ | Range_Small | 70 | 1072 | 14778401801940 | 0.0305971 | 67.0989 | 0 | 335
PACZ | Range_Small | 71 | 675 | 9516887489601 | 0.0129541 | 67.0989 | 0 | 251
PACZ | Range_Small | 72 | 801 | 12551931930090 | 0.0179609 | 67.0989 | 0 | 287
PACZ | Range_Small | 73 | 180 | 2390529650778 | 0.00667572 | 67.0989 | 0 | 181
PACZ | Range_Small | 74 | 3 | 13301313420 | 0.00230471 | 67.0989 | 0 | 101
PACZ | Range_Small | 75 | 356 | 3911110444653 | 0.0163714 | 67.0989 | 0 | 219
PACZ | Range_Small | 76 | 2823 | 29115953993400 | 0.041008 | 67.0989 | 0 | 465
PACZ | Range_Small | 77 | 6807 | 84056755697256 | 0.0899633 | 67.0989 | 0 | 981
PACZ | Range_Small | 78 | 536 | 5471411090877 | 0.0120004 | 67.0989 | 0 | 265
PACZ | Range_Small | 79 | 676 | 6677013571662 | 0.0316302 | 67.0989 | 0 | 311
PACZ | Range_Small | 80 | 759 | 10489402942797 | 0.0112851 | 67.0989 | 0 | 251
PACZ | Range_Small | 81 | 2155 | 25252996604601 | 0.0279744 | 67.0989 | 0 | 399
PACZ | Range_Small | 82 | 1512 | 18015034862283 | 0.022014 | 67.0989 | 0 | 343
PACZ | Range_Small | 83 | 405 | 5619422203752 | 0.0120004 | 67.0989 | 0 | 199
PACZ | Range_Small | 84 | 5816 | 73606562649477 | 0.0770092 | 67.0989 | 0 | 855
PACZ | Range_Small | 85 | 1008 | 13808013081435 | 0.0197093 | 67.0989 | 0 | 315
PACZ | Range_Small | 86 | 1909 | 20146130907099 | 0.0279744 | 67.0989 | 0 | 489
PACZ | Range_Small | 87 | 2937 | 30217743275982 | 0.0343323 | 67.0989 | 0 | 487
PACZ | Range_Small | 88 | 566 | 4800305942664 | 0.0120004 | 67.0989 | 0 | 269
PACZ | Range_Small | 89 | 691 | 7523562635280 | 0.0170072 | 67.0989 | 0 | 257
PACZ | Range_Small | 90 | 57 | 253891202580 | 0.00667572 | 67.0989 | 0 | 217
PACZ | Range_Small | 91 | 2276 | 27936788320224 | 0.0330607 | 67.0989 | 0 | 439
PACZ | Range_Small | 92 | 221 | 3037137175968 | 0.00762939 | 67.0989 | 0 | 199
PACZ | Range_Small | 93 | 1612 | 22695531104394 | 0.0253518 | 67.0989 | 0 | 387
PACZ | Range_Small | 94 | 3413 | 42741697725468 | 0.0466506 | 67.0989 | 0 | 605
PACZ | Range_Small | 95 | 10897 | 134164527607890 | 0.147661 | 67.0989 | 0 | 1427
PACZ | Range_Small | 96 | 2461 | 28528849168170 | 0.0387033 | 67.0989 | 0 | 475
PACZ | Range_Small | 97 | 1096 | 13433190155619 | 0.0196298 | 67.0989 | 0 | 305
PACZ | Range_Small | 98 | 2350 | 28641393486873 | 0.0376701 | 67.0989 | 0 | 499
PACZ | Range_Small | 99 | 337 | 4133431035291 | 0.00866254 | 67.0989 | 0 | 223
PACZ | Range_Medium | 0 | 19669 | 230628249791952 | 0.209967 | 67.0989 | 0 | 2111
PACZ | Range_Medium | 1 | 41718 | 554509681193175 | 0.486294 | 67.0989 | 0 | 3831
PACZ | Range_Medium | 2 | 6044 | 68974455737163 | 0.0730356 | 67.0989 | 0 | 821
PACZ | Range_Medium | 3 | 2203 | 20973631555680 | 0.0273387 | 67.0989 | 0 | 445
PACZ | Range_Medium | 4 | 58541 | 688853885057403 | 0.702937 | 67.0989 | 0 | 5363
PACZ | Range_Medium | 5 | 19445 | 218249767114719 | 0.155687 | 67.0989 | 0 | 1879
PACZ | Range_Medium | 6 | 17031 | 203429318933208 | 0.174681 | 67.0989 | 0 | 1683
PACZ | Range_Medium | 7 | 7687 | 68288204768694 | 0.0809828 | 67.0989 | 0 | 905
PACZ | Range_Medium | 8 | 82711 | 963750669259149 | 1.19972 | 67.0989 | 0 | 7663
PACZ | Range_Medium | 9 | 40665 | 512030348641647 | 0.455618 | 67.0989 | 0 | 3865
PACZ | Range_Medium | 10 | 97712 | 1147692687303405 | 1.08401 | 67.0989 | 0 | 8917
PACZ | Range_Medium | 11 | 90063 | 1052029526164188 | 0.970682 | 67.0989 | 0 | 8369
PACZ | Range_Medium | 12 | 50713 | 608723877024615 | 0.498374 | 67.0989 | 0 | 4367
PACZ | Range_Medium | 13 | 22342 | 272102330064111 | 0.197967 | 67.0989 | 0 | 2169
PACZ | Range_Medium | 14 | 11088 | 131869808799633 | 0.11301 | 67.0989 | 0 | 1337
PACZ | Range_Medium | 15 | 65101 | 679714948186068 | 0.669638 | 67.0989 | 0 | 5713
PACZ | Range_Medium | 16 | 11143 | 137715531259551 | 0.110944 | 67.0989 | 0 | 1271
PACZ | Range_Medium | 17 | 1015 | 5753483892780 | 0.0166893 | 67.0989 | 0 | 277
PACZ | Range_Medium | 18 | 13143 | 142395201695976 | 0.135024 | 67.0989 | 0 | 1537
PACZ | Range_Medium | 19 | 94774 | 1108080873363666 | 1.15705 | 67.0989 | 0 | 8739
PACZ | Range_Medium | 20 | 23108 | 252524802972924 | 0.231345 | 67.0989 | 0 | 2295
PACZ | Range_Medium | 21 | 21079 | 253457873250291 | 0.210683 | 67.0989 | 0 | 2143
PACZ | Range_Medium | 22 | 65414 | 680268167681190 | 0.727971 | 67.0989 | 0 | 5773
PACZ | Range_Medium | 23 | 57410 | 679915622014776 | 0.623703 | 67.0989 | 0 | 5075
PACZ | Range_Medium | 24 | 40620 | 425312305044681 | 0.408967 | 67.0989 | 0 | 3869
PACZ | Range_Medium | 25 | 17898 | 206964187712781 | 0.175635 | 67.0989 | 0 | 1759
PACZ | Range_Medium | 26 | 109073 | 1270385172523293 | 1.31766 | 67.0989 | 0 | 9895
PACZ | Range_Medium | 27 | 15532 | 178959730613217 | 0.154018 | 67.0989 | 0 | 1581
PACZ | Range_Medium | 28 | 62442 | 650420146797024 | 0.665983 | 67.0989 | 0 | 5547
PACZ | Range_Medium | 29 | 22657 | 292388551852857 | 0.223716 | 67.0989 | 0 | 2155
PACZ | Range_Medium | 30 | 40562 | 550613239375185 | 0.420729 | 67.0989 | 0 | 3669
PACZ | Range_Medium | 31 | 31102 | 368629196234559 | 0.336965 | 67.0989 | 0 | 3195
PACZ | Range_Medium | 32 | 49845 | 542757558024684 | 0.509342 | 67.0989 | 0 | 4359
PACZ | Range_Medium | 33 | 28056 | 344368042421169 | 0.275294 | 67.0989 | 0 | 2659
PACZ | Range_Medium | 34 | 19028 | 229605426557535 | 0.198682 | 67.0989 | 0 | 2051
PACZ | Range_Medium | 35 | 28534 | 338525965258698 | 0.257015 | 67.0989 | 0 | 2643
PACZ | Range_Medium | 36 | 96314 | 1104365602031514 | 1.23469 | 67.0989 | 0 | 8917
PACZ | Range_Medium | 37 | 51306 | 625950638738547 | 0.526031 | 67.0989 | 0 | 4457
PACZ | Range_Medium | 38 | 13049 | 155011919306088 | 0.140667 | 67.0989 | 0 | 1463
PACZ | Range_Medium | 39 | 26527 | 308015305908936 | 0.285705 | 67.0989 | 0 | 2521
PACZ | Range_Medium | 40 | 28237 | 335171954115837 | 0.297626 | 67.0989 | 0 | 2643
PACZ | Range_Medium | 41 | 98556 | 1157963291992479 | 1.19964 | 67.0989 | 0 | 9043
PACZ | Range_Medium | 42 | 57897 | 684744300295965 | 0.627995 | 67.0989 | 0 | 5131
PACZ | Range_Medium | 43 | 105418 | 1228697394171345 | 1.30836 | 67.0989 | 0 | 9701
PACZ | Range_Medium | 44 | 35694 | 362616920816862 | 0.351985 | 67.0989 | 0 | 3205
PACZ | Range_Medium | 45 | 3356 | 43898917643454 | 0.0483195 | 67.0989 | 0 | 563
PACZ | Range_Medium | 46 | 50844 | 553263566904279 | 0.548283 | 67.0989 | 0 | 4501
PACZ | Range_Medium | 47 | 67327 | 779350587707985 | 0.748396 | 67.0989 | 0 | 5837
PACZ | Range_Medium | 48 | 99456 | 1167661829819205 | 1.18828 | 67.0989 | 0 | 9025
PACZ | Range_Medium | 49 | 16165 | 184654991924781 | 0.164032 | 67.0989 | 0 | 1637
PACZ | Range_Medium | 50 | 16941 | 182444486780229 | 0.185728 | 67.0989 | 0 | 1857
PACZ | Range_Medium | 51 | 17164 | 233274153800106 | 0.183344 | 67.0989 | 0 | 1671
PACZ | Range_Medium | 52 | 35725 | 439953755651928 | 0.403643 | 67.0989 | 0 | 3363
PACZ | Range_Medium | 53 | 7147 | 92738345018340 | 0.080665 | 67.0989 | 0 | 817
PACZ | Range_Medium | 54 | 6037 | 74523314021475 | 0.0709693 | 67.0989 | 0 | 807
PACZ | Range_Medium | 55 | 37480 | 413242697508795 | 0.409683 | 67.0989 | 0 | 3587
PACZ | Range_Medium | 56 | 31320 | 317806956605397 | 0.324011 | 67.0989 | 0 | 2863
PACZ | Range_Medium | 57 | 25100 | 302972303914557 | 0.272671 | 67.0989 | 0 | 2529
PACZ | Range_Medium | 58 | 17537 | 201736096427979 | 0.180642 | 67.0989 | 0 | 1721
PACZ | Range_Medium | 59 | 4011 | 53489477916261 | 0.0509421 | 67.0989 | 0 | 647
PACZ | Range_Medium | 60 | 9342 | 110700316807425 | 0.0986258 | 67.0989 | 0 | 947
PACZ | Range_Medium | 61 | 4270 | 32973174343485 | 0.0493526 | 67.0989 | 0 | 565
PACZ | Range_Medium | 62 | 13785 | 175772661501267 | 0.153701 | 67.0989 | 0 | 1455
PACZ | Range_Medium | 63 | 71592 | 764726751206271 | 0.834386 | 67.0989 | 0 | 6275
PACZ | Range_Medium | 64 | 11984 | 135389545972242 | 0.121355 | 67.0989 | 0 | 1225
PACZ | Range_Medium | 65 | 99514 | 1166996241354219 | 1.19869 | 67.0989 | 0 | 9097
PACZ | Range_Medium | 66 | 84039 | 991116340052322 | 0.997305 | 67.0989 | 0 | 7911
PACZ | Range_Medium | 67 | 28186 | 335618038864425 | 0.283321 | 67.0989 | 0 | 2623
PACZ | Range_Medium | 68 | 27359 | 322686399313080 | 0.241041 | 67.0989 | 0 | 2559
PACZ | Range_Medium | 69 | 23941 | 292273082955510 | 0.23373 | 67.0989 | 0 | 2293
PACZ | Range_Medium | 70 | 15225 | 181375982145582 | 0.171343 | 67.0989 | 0 | 1709
PACZ | Range_Medium | 71 | 13804 | 164060613769290 | 0.164668 | 67.0989 | 0 | 1543
PACZ | Range_Medium | 72 | 6251 | 82272607126884 | 0.0707308 | 67.0989 | 0 | 741
PACZ | Range_Medium | 73 | 15408 | 198039206246085 | 0.16435 | 67.0989 | 0 | 1535
PACZ | Range_Medium | 74 | 97804 | 1148688494010354 | 1.24931 | 67.0989 | 0 | 9047
PACZ | Range_Medium | 75 | 98983 | 1164053188610589 | 1.19535 | 67.0989 | 0 | 9029
PACZ | Range_Medium | 76 | 6821 | 63650726569182 | 0.0879765 | 67.0989 | 0 | 865
PACZ | Range_Medium | 77 | 26913 | 310095433342302 | 0.291348 | 67.0989 | 0 | 2429
PACZ | Range_Medium | 78 | 62384 | 634476556297215 | 0.711679 | 67.0989 | 0 | 5539
PACZ | Range_Medium | 79 | 25376 | 291283994732532 | 0.252644 | 67.0989 | 0 | 2385
PACZ | Range_Medium | 80 | 3466 | 45436578601854 | 0.0436306 | 67.0989 | 0 | 509
PACZ | Range_Medium | 81 | 97654 | 1144747375355313 | 1.22039 | 67.0989 | 0 | 8915
PACZ | Range_Medium | 82 | 55562 | 600088949731746 | 0.614643 | 67.0989 | 0 | 5051
PACZ | Range_Medium | 83 | 98387 | 1154680284380097 | 1.1944 | 67.0989 | 0 | 9043
PACZ | Range_Medium | 84 | 8913 | 101247900754479 | 0.0923475 | 67.0989 | 0 | 943
PACZ | Range_Medium | 85 | 51623 | 619534500899175 | 0.549396 | 67.0989 | 0 | 4465
PACZ | Range_Medium | 86 | 55912 | 603806290785906 | 0.600656 | 67.0989 | 0 | 5099
PACZ | Range_Medium | 87 | 96720 | 1135737788965110 | 1.17294 | 67.0989 | 0 | 8967
PACZ | Range_Medium | 88 | 53913 | 571793896501494 | 0.571728 | 67.0989 | 0 | 4671
PACZ | Range_Medium | 89 | 37809 | 479059748442786 | 0.381629 | 67.0989 | 0 | 3317
PACZ | Range_Medium | 90 | 32818 | 390710013085347 | 0.333309 | 67.0989 | 0 | 3117
PACZ | Range_Medium | 91 | 24254 | 274791370292160 | 0.266314 | 67.0989 | 0 | 2443
PACZ | Range_Medium | 92 | 44729 | 603025119273192 | 0.466029 | 67.0989 | 0 | 4017
PACZ | Range_Medium | 93 | 10652 | 128842608912753 | 0.118971 | 67.0989 | 0 | 1261
PACZ | Range_Medium | 94 | 14332 | 164684851520754 | 0.148296 | 67.0989 | 0 | 1461
PACZ | Range_Medium | 95 | 2763 | 21105616284402 | 0.0369549 | 67.0989 | 0 | 459
PACZ | Range_Medium | 96 | 65498 | 670796237565735 | 0.743628 | 67.0989 | 0 | 5795
PACZ | Range_Medium | 97 | 26548 | 348524055626676 | 0.274022 | 67.0989 | 0 | 2613
PACZ | Range_Medium | 98 | 24797 | 281267727400134 | 0.264327 | 67.0989 | 0 | 2391
PACZ | Range_Medium | 99 | 54939 | 656536974542232 | 0.614325 | 67.0989 | 0 | 4751
PACZ | Range_Large | 0 | 768961 | 9036571767352515 | 8.99831 | 67.0989 | 0 | 61569
PACZ | Range_Large | 1 | 526046 | 6285180270809979 | 6.29099 | 67.0989 | 0 | 42701
PACZ | Range_Large | 2 | 794304 | 9314413400334657 | 9.22672 | 67.0989 | 0 | 63501
PACZ | Range_Large | 3 | 522319 | 6239785383771141 | 6.13864 | 67.0989 | 0 | 42421
PACZ | Range_Large | 4 | 617757 | 7257152016740958 | 7.23004 | 67.0989 | 0 | 49821
PACZ | Range_Large | 5 | 528229 | 6331226416939347 | 6.26238 | 67.0989 | 0 | 42947
PACZ | Range_Large | 6 | 517153 | 6178222174651584 | 6.10431 | 67.0989 | 0 | 41923
PACZ | Range_Large | 7 | 367572 | 4142557671206388 | 4.41496 | 67.0989 | 0 | 30633
PACZ | Range_Large | 8 | 750241 | 8838793821718389 | 8.75966 | 67.0989 | 0 | 60269
PACZ | Range_Large | 9 | 375254 | 4317135146088741 | 4.35567 | 67.0989 | 0 | 29905
PACZ | Range_Large | 10 | 371401 | 4273789136371746 | 4.2723 | 67.0989 | 0 | 29671
PACZ | Range_Large | 11 | 460270 | 5523826748873961 | 5.41727 | 67.0989 | 0 | 37339
PACZ | Range_Large | 12 | 463408 | 5423404501791300 | 5.32333 | 67.0989 | 0 | 36921
PACZ | Range_Large | 13 | 762024 | 8979857377398876 | 8.86734 | 67.0989 | 0 | 61127
PACZ | Range_Large | 14 | 522805 | 6244195492495473 | 6.16964 | 67.0989 | 0 | 42407
PACZ | Range_Large | 15 | 465635 | 5584168132929204 | 5.51573 | 67.0989 | 0 | 37853
PACZ | Range_Large | 16 | 709777 | 8388805260506208 | 8.37 | 67.0989 | 0 | 57125
PACZ | Range_Large | 17 | 476878 | 5707771180777788 | 5.61762 | 67.0989 | 0 | 38717
PACZ | Range_Large | 18 | 544004 | 6513997612289559 | 6.40869 | 67.0989 | 0 | 44081
PACZ | Range_Large | 19 | 461647 | 5536332652681260 | 5.4117 | 67.0989 | 0 | 37511
PACZ | Range_Large | 20 | 603997 | 7088900275976334 | 7.04161 | 67.0989 | 0 | 48951
PACZ | Range_Large | 21 | 494651 | 5787470005670802 | 5.7203 | 67.0989 | 0 | 39479
PACZ | Range_Large | 22 | 18 | 156411488916 | 0.00333786 | 67.0989 | 0 | 69
PACZ | Range_Large | 23 | 348315 | 3972919846963785 | 4.23066 | 67.0989 | 0 | 29125
PACZ | Range_Large | 24 | 771606 | 9064280244490836 | 8.93998 | 67.0989 | 0 | 61703
PACZ | Range_Large | 25 | 484456 | 5799128997934566 | 5.70933 | 67.0989 | 0 | 39257
PACZ | Range_Large | 26 | 714654 | 8364013716681684 | 8.4757 | 67.0989 | 0 | 57519
PACZ | Range_Large | 27 | 661413 | 7756042011534960 | 7.9387 | 67.0989 | 0 | 53327
PACZ | Range_Large | 28 | 521861 | 6231779277450876 | 6.41799 | 67.0989 | 0 | 42451
PACZ | Range_Large | 29 | 469268 | 5614863662943930 | 5.59068 | 67.0989 | 0 | 38009
PACZ | Range_Large | 30 | 740012 | 8721492807448974 | 9.09201 | 67.0989 | 0 | 59547
PACZ | Range_Large | 31 | 469762 | 5491938746364570 | 5.77402 | 67.0989 | 0 | 37445
PACZ | Range_Large | 32 | 535399 | 6412633298659704 | 6.64234 | 67.0989 | 0 | 43477
PACZ | Range_Large | 33 | 601946 | 7063763609502549 | 7.57496 | 67.0989 | 0 | 48827
PACZ | Range_Large | 34 | 545055 | 6504839312357922 | 6.9143 | 67.0989 | 0 | 44297
PACZ | Range_Large | 35 | 697533 | 8182389713825181 | 8.3317 | 67.0989 | 0 | 56247
PACZ | Range_Large | 36 | 522975 | 6257457023727837 | 6.13801 | 67.0989 | 0 | 42623
PACZ | Range_Large | 37 | 487805 | 5699933389889913 | 5.59529 | 67.0989 | 0 | 38931
PACZ | Range_Large | 38 | 527924 | 6335512247624211 | 6.24696 | 67.0989 | 0 | 43021
PACZ | Range_Large | 39 | 721802 | 8521329924160344 | 8.50805 | 67.0989 | 0 | 58023
PACZ | Range_Large | 40 | 475720 | 5554601079290613 | 5.48434 | 67.0989 | 0 | 37955
PACZ | Range_Large | 41 | 658592 | 7786120013319129 | 7.72166 | 67.0989 | 0 | 53363
PACZ | Range_Large | 42 | 725006 | 8555092975752543 | 8.46132 | 67.0989 | 0 | 58345
PACZ | Range_Large | 43 | 581503 | 6935342400965166 | 6.82871 | 67.0989 | 0 | 47103
PACZ | Range_Large | 44 | 714242 | 8359555791402237 | 8.33662 | 67.0989 | 0 | 57481
PACZ | Range_Large | 45 | 583971 | 6965338290263433 | 7.03939 | 67.0989 | 0 | 47247
PACZ | Range_Large | 46 | 693027 | 8126976759022983 | 8.14096 | 67.0989 | 0 | 55873
PACZ | Range_Large | 47 | 530094 | 6328798274327262 | 6.20461 | 67.0989 | 0 | 43039
PACZ | Range_Large | 48 | 578707 | 6901830462837447 | 6.76401 | 67.0989 | 0 | 46847
PACZ | Range_Large | 49 | 670266 | 7932664620365316 | 7.82903 | 67.0989 | 0 | 54263
PACZ | Range_Large | 50 | 589256 | 6921106472970972 | 6.84404 | 67.0989 | 0 | 47743
PACZ | Range_Large | 51 | 788151 | 9284124795307557 | 9.14367 | 67.0989 | 0 | 63167
PACZ | Range_Large | 52 | 407483 | 4746709401726204 | 4.73865 | 67.0989 | 0 | 32535
PACZ | Range_Large | 53 | 454175 | 5330042254582308 | 5.23901 | 67.0989 | 0 | 36183
PACZ | Range_Large | 54 | 354462 | 4044027090042534 | 4.0404 | 67.0989 | 0 | 28309
PACZ | Range_Large | 55 | 478486 | 5583246461719914 | 5.50731 | 67.0989 | 0 | 37923
PACZ | Range_Large | 56 | 329393 | 3748551420901320 | 3.74206 | 67.0989 | 0 | 26227
PACZ | Range_Large | 57 | 502030 | 5998402822306989 | 5.92732 | 67.0989 | 0 | 40721
PACZ | Range_Large | 58 | 607503 | 7233865508804832 | 7.207 | 67.0989 | 0 | 49493
PACZ | Range_Large | 59 | 553743 | 6612391727050338 | 6.5457 | 67.0989 | 0 | 44879
PACZ | Range_Large | 60 | 491169 | 5718362174607729 | 5.61237 | 67.0989 | 0 | 39029
PACZ | Range_Large | 61 | 469267 | 5481361426536717 | 5.42935 | 67.0989 | 0 | 37377
PACZ | Range_Large | 62 | 683481 | 8088336046497141 | 7.99028 | 67.0989 | 0 | 55133
PACZ | Range_Large | 63 | 486365 | 5813341774585782 | 5.73039 | 67.0989 | 0 | 39425
PACZ | Range_Large | 64 | 590838 | 7040683015970991 | 6.92503 | 67.0989 | 0 | 47639
PACZ | Range_Large | 65 | 584408 | 6972922601217957 | 6.86566 | 67.0989 | 0 | 47355
PACZ | Range_Large | 66 | 508011 | 6086263076499954 | 6.00537 | 67.0989 | 0 | 41239
PACZ | Range_Large | 67 | 796079 | 9357900534837156 | 9.26733 | 67.0989 | 0 | 63777
PACZ | Range_Large | 68 | 524727 | 6264382469645913 | 6.1307 | 67.0989 | 0 | 42651
PACZ | Range_Large | 69 | 582307 | 6946186364173257 | 6.87067 | 67.0989 | 0 | 47195
PACZ | Range_Large | 70 | 750499 | 8839940901534927 | 8.72835 | 67.0989 | 0 | 60263
PACZ | Range_Large | 71 | 598029 | 7120337262620241 | 7.01594 | 67.0989 | 0 | 48627
PACZ | Range_Large | 72 | 769404 | 9062615715795744 | 9.00102 | 67.0989 | 0 | 61699
PACZ | Range_Large | 73 | 490462 | 5733489977891535 | 5.711 | 67.0989 | 0 | 39127
PACZ | Range_Large | 74 | 706603 | 8354474590829664 | 8.26669 | 67.0989 | 0 | 56755
PACZ | Range_Large | 75 | 719376 | 8507813650596816 | 8.38534 | 67.0989 | 0 | 57951
PACZ | Range_Large | 76 | 581206 | 6932141059813254 | 6.83665 | 67.0989 | 0 | 47097
PACZ | Range_Large | 77 | 658240 | 7716681088202517 | 7.65705 | 67.0989 | 0 | 53109
PACZ | Range_Large | 78 | 745672 | 8797704855001638 | 8.68702 | 67.0989 | 0 | 59869
PACZ | Range_Large | 79 | 528223 | 6308688364571400 | 6.40265 | 67.0989 | 0 | 42913
PACZ | Range_Large | 80 | 268772 | 3037795481670849 | 3.35066 | 67.0989 | 0 | 22633
PACZ | Range_Large | 81 | 759424 | 8945161832594220 | 9.00936 | 67.0989 | 0 | 61051
PACZ | Range_Large | 82 | 582059 | 6824349873341850 | 6.88704 | 67.0989 | 0 | 47227
PACZ | Range_Large | 83 | 686692 | 8125525806225477 | 8.06562 | 67.0989 | 0 | 55513
PACZ | Range_Large | 84 | 467595 | 5606747685067914 | 5.54307 | 67.0989 | 0 | 37945
PACZ | Range_Large | 85 | 748304 | 8827939576803069 | 8.73534 | 67.0989 | 0 | 60015
PACZ | Range_Large | 86 | 506771 | 6053645466294954 | 5.98598 | 67.0989 | 0 | 41123
PACZ | Range_Large | 87 | 795910 | 9351369318221265 | 9.25366 | 67.0989 | 0 | 63587
PACZ | Range_Large | 88 | 633768 | 7530985631155122 | 7.4323 | 67.0989 | 0 | 51423
PACZ | Range_Large | 89 | 446238 | 5236433511474666 | 5.06902 | 67.0989 | 0 | 35481
PACZ | Range_Large | 90 | 592095 | 7054089489393000 | 6.99631 | 67.0989 | 0 | 47951
PACZ | Range_Large | 91 | 706502 | 8349352095793290 | 8.32574 | 67.0989 | 0 | 56785
PACZ | Range_Large | 92 | 374424 | 4322454787987545 | 4.31331 | 67.0989 | 0 | 29831
PACZ | Range_Large | 93 | 769888 | 9046076655389298 | 9.00467 | 67.0989 | 0 | 61629
PACZ | Range_Large | 94 | 427933 | 5002818518427078 | 4.88369 | 67.0989 | 0 | 34317
PACZ | Range_Large | 95 | 584130 | 6968614547661357 | 6.8477 | 67.0989 | 0 | 47261
PACZ | Range_Large | 96 | 523747 | 6275744499413307 | 6.08563 | 67.0989 | 0 | 42557
PACZ | Range_Large | 97 | 754672 | 8888732122526433 | 8.80837 | 67.0989 | 0 | 60505
PACZ | Range_Large | 98 | 475207 | 5551938511204704 | 5.48561 | 67.0989 | 0 | 37935
PACZ | Range_Large | 99 | 620439 | 7278491903896161 | 7.29394 | 67.0989 | 0 | 50263
PACZ | kNN_10 | 0 | 10 | 120100383078 | 0.0696182 | 67.0989 | 0 | 441
PACZ | kNN_10 | 1 | 10 | 120457787937 | 0.041008 | 67.0989 | 0 | 299
PACZ | kNN_10 | 2 | 10 | 125383093935 | 0.0406901 | 67.0989 | 0 | 284
PACZ | kNN_10 | 3 | 10 | 138179662233 | 0.0372728 | 67.0989 | 0 | 288
PACZ | kNN_10 | 4 | 10 | 135071138613 | 0.074625 | 67.0989 | 0 | 590
PACZ | kNN_10 | 5 | 10 | 110674668012 | 0.0356833 | 67.0989 | 0 | 280
PACZ | kNN_10 | 6 | 10 | 126701051115 | 0.0566641 | 67.0989 | 0 | 459
PACZ | kNN_10 | 7 | 10 | 122876896059 | 0.0369549 | 67.0989 | 0 | 307
PACZ | kNN_10 | 8 | 10 | 103811682297 | 0.0492732 | 67.0989 | 0 | 409
PACZ | kNN_10 | 9 | 10 | 126294000738 | 0.0559489 | 67.0989 | 0 | 466
PACZ | kNN_10 | 10 | 10 | 120102719889 | 0.0393391 | 67.0989 | 0 | 325
PACZ | kNN_10 | 11 | 10 | 139807619091 | 0.0446637 | 67.0989 | 0 | 404
PACZ | kNN_10 | 12 | 10 | 137164469286 | 0.0300407 | 67.0989 | 0 | 279
PACZ | kNN_10 | 13 | 10 | 138383059284 | 0.0227292 | 67.0989 | 0 | 172
PACZ | kNN_10 | 14 | 10 | 135527290341 | 0.0243187 | 67.0989 | 0 | 175
PACZ | kNN_10 | 15 | 10 | 111918129315 | 0.0596841 | 67.0989 | 0 | 429
PACZ | kNN_10 | 16 | 10 | 100432184289 | 0.0603199 | 67.0989 | 0 | 524
PACZ | kNN_10 | 17 | 10 | 85716789438 | 0.04673 | 67.0989 | 0 | 384
PACZ | kNN_10 | 18 | 10 | 124354480692 | 0.0336965 | 67.0989 | 0 | 279
PACZ | kNN_10 | 19 | 10 | 141931309986 | 0.0483195 | 67.0989 | 0 | 447
PACZ | kNN_10 | 20 | 10 | 127036242570 | 0.0486374 | 67.0989 | 0 | 412
PACZ | kNN_10 | 21 | 10 | 118552456671 | 0.0626246 | 67.0989 | 0 | 474
PACZ | kNN_10 | 22 | 10 | 140758290453 | 0.0516574 | 67.0989 | 0 | 500
PACZ | kNN_10 | 23 | 10 | 42442668171 | 0.0183582 | 67.0989 | 0 | 177
PACZ | kNN_10 | 24 | 10 | 122108573235 | 0.0350475 | 67.0989 | 0 | 247
PACZ | kNN_10 | 25 | 10 | 139931561064 | 0.0686646 | 67.0989 | 0 | 534
PACZ | kNN_10 | 26 | 10 | 106450075746 | 0.0193914 | 67.0989 | 0 | 195
PACZ | kNN_10 | 27 | 10 | 137759446971 | 0.0267029 | 67.0989 | 0 | 253
PACZ | kNN_10 | 28 | 10 | 90129491634 | 0.0387033 | 67.0989 | 0 | 282
PACZ | kNN_10 | 29 | 10 | 102358394931 | 0.0356833 | 67.0989 | 0 | 299
PACZ | kNN_10 | 30 | 10 | 102452750691 | 0.0473658 | 67.0989 | 0 | 367
PACZ | kNN_10 | 31 | 10 | 120469659081 | 0.0213782 | 67.0989 | 0 | 214
PACZ | kNN_10 | 32 | 10 | 139931570289 | 0.0510216 | 67.0989 | 0 | 452
PACZ | kNN_10 | 33 | 10 | 59528273382 | 0.0399748 | 67.0989 | 0 | 358
PACZ | kNN_10 | 34 | 10 | 158769658344 | 0.0340144 | 67.0989 | 0 | 288
PACZ | kNN_10 | 35 | 10 | 113997783648 | 0.0127157 | 67.0989 | 0 | 122
PACZ | kNN_10 | 36 | 10 | 124354461465 | 0.0356833 | 67.0989 | 0 | 287
PACZ | kNN_10 | 37 | 10 | 69152197929 | 0.0203451 | 67.0989 | 0 | 171
PACZ | kNN_10 | 38 | 10 | 140532067530 | 0.0443459 | 67.0989 | 0 | 358
PACZ | kNN_10 | 39 | 10 | 93843707631 | 0.0290076 | 67.0989 | 0 | 287
PACZ | kNN_10 | 40 | 10 | 138305941656 | 0.0353654 | 67.0989 | 0 | 299
PACZ | kNN_10 | 41 | 10 | 124015533291 | 0.0437101 | 67.0989 | 0 | 319
PACZ | kNN_10 | 42 | 10 | 72331994676 | 0.0463327 | 67.0989 | 0 | 418
PACZ | kNN_10 | 43 | 10 | 127574276355 | 0.0433127 | 67.0989 | 0 | 340
PACZ | kNN_10 | 44 | 10 | 112387306941 | 0.0417233 | 67.0989 | 0 | 382
PACZ | kNN_10 | 45 | 10 | 96066177723 | 0.0370344 | 67.0989 | 0 | 304
PACZ | kNN_10 | 46 | 10 | 129553637490 | 0.0487169 | 67.0989 | 0 | 429
PACZ | kNN_10 | 47 | 10 | 115697288673 | 0.0753403 | 67.0989 | 0 | 614
PACZ | kNN_10 | 48 | 10 | 129975654195 | 0.0540415 | 67.0989 | 0 | 474
PACZ | kNN_10 | 49 | 10 | 111495302214 | 0.0890096 | 67.0989 | 0 | 695
PACZ | kNN_10 | 50 | 10 | 146130916905 | 0.0436306 | 67.0989 | 0 | 373
PACZ | kNN_10 | 51 | 10 | 103444408548 | 0.0302792 | 67.0989 | 0 | 317
PACZ | kNN_10 | 52 | 10 | 119268043662 | 0.0406901 | 67.0989 | 0 | 299
PACZ | kNN_10 | 53 | 10 | 148402153275 | 0.0549952 | 67.0989 | 0 | 453
PACZ | kNN_10 | 54 | 10 | 112685665563 | 0.037988 | 67.0989 | 0 | 324
PACZ | kNN_10 | 55 | 10 | 102670524795 | 0.0313123 | 67.0989 | 0 | 295
PACZ | kNN_10 | 56 | 10 | 60919109619 | 0.0720024 | 67.0989 | 0 | 587
PACZ | kNN_10 | 57 | 10 | 71050527153 | 0.0223319 | 67.0989 | 0 | 241
PACZ | kNN_10 | 58 | 10 | 110469986961 | 0.0443459 | 67.0989 | 0 | 383
PACZ | kNN_10 | 59 | 10 | 105661070952 | 0.037988 | 67.0989 | 0 | 343
PACZ | kNN_10 | 60 | 10 | 90162721224 | 0.039657 | 67.0989 | 0 | 376
PACZ | kNN_10 | 61 | 10 | 124291560870 | 0.0426769 | 67.0989 | 0 | 374
PACZ | kNN_10 | 62 | 10 | 138793941723 | 0.0270208 | 67.0989 | 0 | 209
PACZ | kNN_10 | 63 | 10 | 100847130732 | 0.0606378 | 67.0989 | 0 | 576
PACZ | kNN_10 | 64 | 10 | 126161392731 | 0.0513395 | 67.0989 | 0 | 434
PACZ | kNN_10 | 65 | 10 | 115984873854 | 0.0439485 | 67.0989 | 0 | 429
PACZ | kNN_10 | 66 | 10 | 118549884525 | 0.0596841 | 67.0989 | 0 | 459
PACZ | kNN_10 | 67 | 10 | 72538866351 | 0.044028 | 67.0989 | 0 | 348
PACZ | kNN_10 | 68 | 10 | 129495222132 | 0.0580152 | 67.0989 | 0 | 477
PACZ | kNN_10 | 69 | 10 | 59605496931 | 0.029405 | 67.0989 | 0 | 257
PACZ | kNN_10 | 70 | 10 | 130409632080 | 0.0212987 | 67.0989 | 0 | 168
PACZ | kNN_10 | 71 | 10 | 122859219483 | 0.0463327 | 67.0989 | 0 | 397
PACZ | kNN_10 | 72 | 10 | 99556154691 | 0.0507037 | 67.0989 | 0 | 416
PACZ | kNN_10 | 73 | 10 | 139839662097 | 0.0476837 | 67.0989 | 0 | 389
PACZ | kNN_10 | 74 | 10 | 147542953038 | 0.0470479 | 67.0989 | 0 | 456
PACZ | kNN_10 | 75 | 10 | 139839658107 | 0.0463327 | 67.0989 | 0 | 411
PACZ | kNN_10 | 76 | 10 | 84185110644 | 0.00437101 | 67.0989 | 0 | 31
PACZ | kNN_10 | 77 | 10 | 126943953249 | 0.0456969 | 67.0989 | 0 | 399
PACZ | kNN_10 | 78 | 10 | 44012284122 | 0.0473658 | 67.0989 | 0 | 428
PACZ | kNN_10 | 79 | 10 | 130169570637 | 0.042359 | 67.0989 | 0 | 314
PACZ | kNN_10 | 80 | 10 | 71899985466 | 0.0666777 | 67.0989 | 0 | 553
PACZ | kNN_10 | 81 | 10 | 138452702157 | 0.0199477 | 67.0989 | 0 | 152
PACZ | kNN_10 | 82 | 10 | 126337661010 | 0.055631 | 67.0989 | 0 | 474
PACZ | kNN_10 | 83 | 10 | 106799283375 | 0.05126 | 67.0989 | 0 | 363
PACZ | kNN_10 | 84 | 10 | 137151556812 | 0.0533263 | 67.0989 | 0 | 479
PACZ | kNN_10 | 85 | 10 | 140788327413 | 0.0417233 | 67.0989 | 0 | 342
PACZ | kNN_10 | 86 | 10 | 123294984198 | 0.037988 | 67.0989 | 0 | 280
PACZ | kNN_10 | 87 | 10 | 130169583600 | 0.0466506 | 67.0989 | 0 | 341
PACZ | kNN_10 | 88 | 10 | 156153430902 | 0.0336965 | 67.0989 | 0 | 333
PACZ | kNN_10 | 89 | 10 | 93783948447 | 0.0540415 | 67.0989 | 0 | 453
PACZ | kNN_10 | 90 | 10 | 150027258105 | 0.0493526 | 67.0989 | 0 | 441
PACZ | kNN_10 | 91 | 10 | 158769650043 | 0.0363191 | 67.0989 | 0 | 293
PACZ | kNN_10 | 92 | 10 | 76328247681 | 0.0390212 | 67.0989 | 0 | 324
PACZ | kNN_10 | 93 | 10 | 78747372972 | 0.0313918 | 67.0989 | 0 | 327
PACZ | kNN_10 | 94 | 10 | 113152156275 | 0.0923475 | 67.0989 | 0 | 693
PACZ | kNN_10 | 95 | 10 | 123091880073 | 0.0406106 | 67.0989 | 0 | 336
PACZ | kNN_10 | 96 | 10 | 102408275328 | 0.039657 | 67.0989 | 0 | 285
PACZ | kNN_10 | 97 | 10 | 156437042505 | 0.0346502 | 67.0989 | 0 | 277
PACZ | kNN_10 | 98 | 10 | 55427186046 | 0.0156562 | 67.0989 | 0 | 147
PACZ | kNN_10 | 99 | 10 | 124289463636 | 0.0286897 | 67.0989 | 0 | 273
PACZ | kNN_100 | 0 | 100 | 1201011380391 | 0.379324 | 67.0989 | 0 | 820
PACZ | kNN_100 | 1 | 100 | 1204577867895 | 0.215371 | 67.0989 | 0 | 472
PACZ | kNN_100 | 2 | 100 | 1253835620574 | 0.192324 | 67.0989 | 0 | 465
PACZ | kNN_100 | 3 | 100 | 1381796610162 | 0.22165 | 67.0989 | 0 | 530
PACZ | kNN_100 | 4 | 100 | 1314005189301 | 0.431617 | 67.0989 | 0 | 1123
PACZ | kNN_100 | 5 | 100 | 1111030419369 | 0.172695 | 67.0989 | 0 | 433
PACZ | kNN_100 | 6 | 100 | 1267010531577 | 0.327031 | 67.0989 | 0 | 939
PACZ | kNN_100 | 7 | 100 | 1235513708661 | 0.217676 | 67.0989 | 0 | 575
PACZ | kNN_100 | 8 | 100 | 1038116818131 | 0.295003 | 67.0989 | 0 | 842
PACZ | kNN_100 | 9 | 100 | 1262941371165 | 0.327349 | 67.0989 | 0 | 903
PACZ | kNN_100 | 10 | 100 | 1201027209069 | 0.245969 | 67.0989 | 0 | 635
PACZ | kNN_100 | 11 | 100 | 1396594527597 | 0.30001 | 67.0989 | 0 | 767
PACZ | kNN_100 | 12 | 100 | 1302992191110 | 0.145992 | 67.0989 | 0 | 394
PACZ | kNN_100 | 13 | 100 | 1383830699148 | 0.107686 | 67.0989 | 0 | 255
PACZ | kNN_100 | 14 | 100 | 1372545783888 | 0.124375 | 67.0989 | 0 | 286
PACZ | kNN_100 | 15 | 100 | 1119178535547 | 0.284672 | 67.0989 | 0 | 740
PACZ | kNN_100 | 16 | 100 | 874492464189 | 0.339031 | 67.0989 | 0 | 1027
PACZ | kNN_100 | 17 | 100 | 888031103700 | 0.247637 | 67.0989 | 0 | 708
PACZ | kNN_100 | 18 | 100 | 1219321719120 | 0.206629 | 67.0989 | 0 | 549
PACZ | kNN_100 | 19 | 100 | 1445071611039 | 0.242949 | 67.0989 | 0 | 775
PACZ | kNN_100 | 20 | 100 | 1270362378858 | 0.265996 | 67.0989 | 0 | 778
PACZ | kNN_100 | 21 | 100 | 1187327370108 | 0.328382 | 67.0989 | 0 | 938
PACZ | kNN_100 | 22 | 100 | 1191919982187 | 0.246366 | 67.0989 | 0 | 848
PACZ | kNN_100 | 23 | 100 | 797132106420 | 0.0810623 | 67.0989 | 0 | 282
PACZ | kNN_100 | 24 | 100 | 1220894623389 | 0.161966 | 67.0989 | 0 | 456
PACZ | kNN_100 | 25 | 100 | 1399039845429 | 0.309626 | 67.0989 | 0 | 886
PACZ | kNN_100 | 26 | 100 | 1025732299326 | 0.108957 | 67.0989 | 0 | 369
PACZ | kNN_100 | 27 | 100 | 1379130249951 | 0.169992 | 67.0989 | 0 | 456
PACZ | kNN_100 | 28 | 100 | 975395386179 | 0.203053 | 67.0989 | 0 | 498
PACZ | kNN_100 | 29 | 100 | 1023583888905 | 0.195662 | 67.0989 | 0 | 548
PACZ | kNN_100 | 30 | 100 | 1024527504528 | 0.237624 | 67.0989 | 0 | 641
PACZ | kNN_100 | 31 | 100 | 1246758694248 | 0.11007 | 67.0989 | 0 | 318
PACZ | kNN_100 | 32 | 100 | 1399315606899 | 0.270367 | 67.0989 | 0 | 820
PACZ | kNN_100 | 33 | 100 | 678611486691 | 0.215292 | 67.0989 | 0 | 677
PACZ | kNN_100 | 34 | 100 | 1587696476829 | 0.18398 | 67.0989 | 0 | 486
PACZ | kNN_100 | 35 | 100 | 922573919568 | 0.089407 | 67.0989 | 0 | 245
PACZ | kNN_100 | 36 | 100 | 1159371213786 | 0.18096 | 67.0989 | 0 | 534
PACZ | kNN_100 | 37 | 100 | 687570657648 | 0.151316 | 67.0989 | 0 | 315
PACZ | kNN_100 | 38 | 100 | 1416356589183 | 0.245015 | 67.0989 | 0 | 645
PACZ | kNN_100 | 39 | 100 | 779461538532 | 0.168959 | 67.0989 | 0 | 508
PACZ | kNN_100 | 40 | 100 | 1383059620884 | 0.227928 | 67.0989 | 0 | 537
PACZ | kNN_100 | 41 | 100 | 1240152868680 | 0.215689 | 67.0989 | 0 | 569
PACZ | kNN_100 | 42 | 100 | 636674230992 | 0.189622 | 67.0989 | 0 | 694
PACZ | kNN_100 | 43 | 100 | 1191070376775 | 0.221014 | 67.0989 | 0 | 644
PACZ | kNN_100 | 44 | 100 | 1154063964357 | 0.192006 | 67.0989 | 0 | 640
PACZ | kNN_100 | 45 | 100 | 972316517985 | 0.170708 | 67.0989 | 0 | 507
PACZ | kNN_100 | 46 | 100 | 1060515452160 | 0.251055 | 67.0989 | 0 | 839
PACZ | kNN_100 | 47 | 100 | 1152573638382 | 0.407378 | 67.0989 | 0 | 1117
PACZ | kNN_100 | 48 | 100 | 1198241597184 | 0.326316 | 67.0989 | 0 | 972
PACZ | kNN_100 | 49 | 100 | 1001638006530 | 0.400305 | 67.0989 | 0 | 1276
PACZ | kNN_100 | 50 | 100 | 908379336075 | 0.214259 | 67.0989 | 0 | 708
PACZ | kNN_100 | 51 | 100 | 953855514582 | 0.209332 | 67.0989 | 0 | 604
PACZ | kNN_100 | 52 | 100 | 1192680437256 | 0.158389 | 67.0989 | 0 | 474
PACZ | kNN_100 | 53 | 100 | 1483999576641 | 0.233332 | 67.0989 | 0 | 774
PACZ | kNN_100 | 54 | 100 | 1126856641212 | 0.184615 | 67.0989 | 0 | 635
PACZ | kNN_100 | 55 | 100 | 1037262217401 | 0.155687 | 67.0989 | 0 | 530
PACZ | kNN_100 | 56 | 100 | 611259877908 | 0.335693 | 67.0989 | 0 | 1090
PACZ | kNN_100 | 57 | 100 | 779763919095 | 0.126998 | 67.0989 | 0 | 394
PACZ | kNN_100 | 58 | 100 | 1070312377998 | 0.249386 | 67.0989 | 0 | 819
PACZ | kNN_100 | 59 | 100 | 1059797427708 | 0.176668 | 67.0989 | 0 | 611
PACZ | kNN_100 | 60 | 100 | 901627215609 | 0.222047 | 67.0989 | 0 | 729
PACZ | kNN_100 | 61 | 100 | 1194813659202 | 0.210047 | 67.0989 | 0 | 723
PACZ | kNN_100 | 62 | 100 | 1423167212331 | 0.130335 | 67.0989 | 0 | 406
PACZ | kNN_100 | 63 | 100 | 939163728618 | 0.29707 | 67.0989 | 0 | 970
PACZ | kNN_100 | 64 | 100 | 1261613972346 | 0.279347 | 67.0989 | 0 | 885
PACZ | kNN_100 | 65 | 100 | 1149903246453 | 0.215371 | 67.0989 | 0 | 740
PACZ | kNN_100 | 66 | 100 | 1185499445580 | 0.280698 | 67.0989 | 0 | 869
PACZ | kNN_100 | 67 | 100 | 756487590606 | 0.200669 | 67.0989 | 0 | 660
PACZ | kNN_100 | 68 | 100 | 1091104426356 | 0.276009 | 67.0989 | 0 | 905
PACZ | kNN_100 | 69 | 100 | 596055002880 | 0.182629 | 67.0989 | 0 | 507
PACZ | kNN_100 | 70 | 100 | 1328812269576 | 0.0779629 | 67.0989 | 0 | 246
PACZ | kNN_100 | 71 | 100 | 1245430693179 | 0.240008 | 67.0989 | 0 | 723
PACZ | kNN_100 | 72 | 100 | 1095342028662 | 0.240326 | 67.0989 | 0 | 853
PACZ | kNN_100 | 73 | 100 | 1398396623604 | 0.269334 | 67.0989 | 0 | 774
PACZ | kNN_100 | 74 | 100 | 956918945841 | 0.276963 | 67.0989 | 0 | 944
PACZ | kNN_100 | 75 | 100 | 1398396608145 | 0.282049 | 67.0989 | 0 | 755
PACZ | kNN_100 | 76 | 100 | 939592257912 | 0.0180403 | 67.0989 | 0 | 50
PACZ | kNN_100 | 77 | 100 | 1257695396187 | 0.25932 | 67.0989 | 0 | 888
PACZ | kNN_100 | 78 | 100 | 846940341180 | 0.307639 | 67.0989 | 0 | 865
PACZ | kNN_100 | 79 | 100 | 1301695753608 | 0.228008 | 67.0989 | 0 | 619
PACZ | kNN_100 | 80 | 100 | 813324728130 | 0.327984 | 67.0989 | 0 | 1073
PACZ | kNN_100 | 81 | 100 | 1384527059919 | 0.0843207 | 67.0989 | 0 | 237
PACZ | kNN_100 | 82 | 100 | 1263389025945 | 0.295321 | 67.0989 | 0 | 907
PACZ | kNN_100 | 83 | 100 | 1071228174561 | 0.197013 | 67.0989 | 0 | 549
PACZ | kNN_100 | 84 | 100 | 1371515565756 | 0.225306 | 67.0989 | 0 | 804
PACZ | kNN_100 | 85 | 100 | 1411449371229 | 0.235001 | 67.0989 | 0 | 623
PACZ | kNN_100 | 86 | 100 | 1232949800640 | 0.217994 | 67.0989 | 0 | 518
PACZ | kNN_100 | 87 | 100 | 1301694735783 | 0.285705 | 67.0989 | 0 | 635
PACZ | kNN_100 | 88 | 100 | 1548889605933 | 0.215054 | 67.0989 | 0 | 707
PACZ | kNN_100 | 89 | 100 | 1057261931928 | 0.297308 | 67.0989 | 0 | 912
PACZ | kNN_100 | 90 | 100 | 1480092238467 | 0.222603 | 67.0989 | 0 | 753
PACZ | kNN_100 | 91 | 100 | 1587696490704 | 0.222683 | 67.0989 | 0 | 484
PACZ | kNN_100 | 92 | 100 | 742054737441 | 0.198682 | 67.0989 | 0 | 582
PACZ | kNN_100 | 93 | 100 | 773619853929 | 0.230948 | 67.0989 | 0 | 621
PACZ | kNN_100 | 94 | 100 | 1205608924938 | 0.4553 | 67.0989 | 0 | 1282
PACZ | kNN_100 | 95 | 100 | 1230918855639 | 0.191291 | 67.0989 | 0 | 600
PACZ | kNN_100 | 96 | 100 | 1024082757663 | 0.159979 | 67.0989 | 0 | 492
PACZ | kNN_100 | 97 | 100 | 1564370427285 | 0.163714 | 67.0989 | 0 | 465
PACZ | kNN_100 | 98 | 100 | 604269384864 | 0.108719 | 67.0989 | 0 | 371
PACZ | kNN_100 | 99 | 100 | 1146676091481 | 0.166655 | 67.0989 | 0 | 516
