Algo | QType | QID | Count | Hash | Time_ms | Mem_Tree_MB | Mem_Delta_MB | Nodes
PACZ | Range_Small | 0 | 598 | 6996437569827 | 0.0230471 | 77.758 | 0 | 251
PACZ | Range_Small | 1 | 2173 | 26161084964079 | 0.0363191 | 77.758 | 0 | 405
PACZ | Range_Small | 2 | 7672 | 95838104441538 | 0.120004 | 77.758 | 0 | 1163
PACZ | Range_Small | 3 | 283 | 3592640187282 | 0.00794729 | 77.758 | 0 | 219
PACZ | Range_Small | 4 | 2358 | 28441172807265 | 0.0436306 | 77.758 | 0 | 523
PACZ | Range_Small | 5 | 729 | 9105847524744 | 0.0120004 | 77.758 | 0 | 259
PACZ | Range_Small | 6 | 286 | 4155534997665 | 0.0126362 | 77.758 | 0 | 233
PACZ | Range_Small | 7 | 971 | 12001620151815 | 0.0256697 | 77.758 | 0 | 319
PACZ | Range_Small | 8 | 400 | 5096455580235 | 0.0103315 | 77.758 | 0 | 259
PACZ | Range_Small | 9 | 1722 | 21679292433537 | 0.0243187 | 77.758 | 0 | 417
PACZ | Range_Small | 10 | 4478 | 40742280290235 | 0.044028 | 77.758 | 0 | 585
PACZ | Range_Small | 11 | 240 | 2395336193064 | 0.00770887 | 77.758 | 0 | 213
PACZ | Range_Small | 12 | 273 | 3740171386896 | 0.0100136 | 77.758 | 0 | 221
PACZ | Range_Small | 13 | 2624 | 33021866893173 | 0.0336965 | 77.758 | 0 | 547
PACZ | Range_Small | 14 | 673 | 8029380603621 | 0.0113646 | 77.758 | 0 | 261
PACZ | Range_Small | 15 | 1156 | 16770902088297 | 0.0173251 | 77.758 | 0 | 319
PACZ | Range_Small | 16 | 3553 | 44230066993332 | 0.0349681 | 77.758 | 0 | 553
PACZ | Range_Small | 17 | 361 | 4327622202339 | 0.00969569 | 77.758 | 0 | 225
PACZ | Range_Small | 18 | 1271 | 15670775701800 | 0.0163714 | 77.758 | 0 | 309
PACZ | Range_Small | 19 | 3537 | 46042433524167 | 0.0313918 | 77.758 | 0 | 453
PACZ | Range_Small | 20 | 206 | 2068945955703 | 0.0103315 | 77.758 | 0 | 233
PACZ | Range_Small | 21 | 310 | 2411969018280 | 0.00905991 | 77.758 | 0 | 239
PACZ | Range_Small | 22 | 1 | 15593686617 | 0.000635783 | 77.758 | 0 | 35
PACZ | Range_Small | 23 | 172 | 1643873678868 | 0.00627836 | 77.758 | 0 | 183
PACZ | Range_Small | 24 | 411 | 4458286570581 | 0.0120004 | 77.758 | 0 | 285
PACZ | Range_Small | 25 | 550 | 5840297788581 | 0.0130335 | 77.758 | 0 | 269
PACZ | Range_Small | 26 | 197 | 1156987638783 | 0.00667572 | 77.758 | 0 | 191
PACZ | Range_Small | 27 | 475 | 5134285138857 | 0.00834465 | 77.758 | 0 | 233
PACZ | Range_Small | 28 | 833 | 12188116540851 | 0.0147025 | 77.758 | 0 | 247
PACZ | Range_Small | 29 | 864 | 10580242191783 | 0.0127157 | 77.758 | 0 | 271
PACZ | Range_Small | 30 | 532 | 6957194290425 | 0.00898043 | 77.758 | 0 | 233
PACZ | Range_Small | 31 | 132 | 1653145786047 | 0.00532468 | 77.758 | 0 | 173
PACZ | Range_Small | 32 | 884 | 10903799983560 | 0.0153383 | 77.758 | 0 | 295
PACZ | Range_Small | 33 | 1076 | 12134475538755 | 0.0177224 | 77.758 | 0 | 331
PACZ | Range_Small | 34 | 753 | 8921402104983 | 0.015974 | 77.758 | 0 | 305
PACZ | Range_Small | 35 | 1290 | 17062756041225 | 0.0196298 | 77.758 | 0 | 357
PACZ | Range_Small | 36 | 51 | 224462050437 | 0.00564257 | 77.758 | 0 | 173
PACZ | Range_Small | 37 | 280 | 2520810223278 | 0.00802676 | 77.758 | 0 | 223
PACZ | Range_Small | 38 | 531 | 6478981594290 | 0.0110467 | 77.758 | 0 | 237
PACZ | Range_Small | 39 | 235 | 3091945561599 | 0.00770887 | 77.758 | 0 | 225
PACZ | Range_Small | 40 | 465 | 5405317361787 | 0.00866254 | 77.758 | 0 | 209
PACZ | Range_Small | 41 | 179 | 2231440629627 | 0.00635783 | 77.758 | 0 | 191
PACZ | Range_Small | 42 | 850 | 9169620974253 | 0.0166893 | 77.758 | 0 | 327
PACZ | Range_Small | 43 | 444 | 5364857814363 | 0.0116825 | 77.758 | 0 | 307
PACZ | Range_Small | 44 | 325 | 3980070685125 | 0.00905991 | 77.758 | 0 | 225
PACZ | Range_Small | 45 | 89 | 838194488346 | 0.00365575 | 77.758 | 0 | 165
PACZ | Range_Small | 46 | 217 | 2593853353311 | 0.0136693 | 77.758 | 0 | 245
PACZ | Range_Small | 47 | 1264 | 8249908222299 | 0.018994 | 77.758 | 0 | 325
PACZ | Range_Small | 48 | 55 | 760762906188 | 0.00603994 | 77.758 | 0 | 179
PACZ | Range_Small | 49 | 1811 | 21547520624046 | 0.0226498 | 77.758 | 0 | 385
PACZ | Range_Small | 50 | 6110 | 72689756576505 | 0.0913938 | 77.758 | 0 | 921
PACZ | Range_Small | 51 | 380 | 4682817536232 | 0.0093778 | 77.758 | 0 | 245
PACZ | Range_Small | 52 | 84 | 1006179128205 | 0.00532468 | 77.758 | 0 | 209
PACZ | Range_Small | 53 | 1439 | 16385694596412 | 0.0166893 | 77.758 | 0 | 303
PACZ | Range_Small | 54 | 1739 | 22191145275279 | 0.0282923 | 77.758 | 0 | 353
PACZ | Range_Small | 55 | 11367 | 139201419787617 | 0.133355 | 77.758 | 0 | 1459
PACZ | Range_Small | 56 | 325 | 4193752525644 | 0.0073115 | 77.758 | 0 | 187
PACZ | Range_Small | 57 | 9 | 57691918656 | 0.00437101 | 77.758 | 0 | 187
PACZ | Range_Small | 58 | 4937 | 60414961811283 | 0.0753403 | 77.758 | 0 | 781
PACZ | Range_Small | 59 | 233 | 3257033086632 | 0.00794729 | 77.758 | 0 | 221
PACZ | Range_Small | 60 | 1135 | 14349878473935 | 0.018994 | 77.758 | 0 | 281
PACZ | Range_Small | 61 | 104 | 1567498134690 | 0.00564257 | 77.758 | 0 | 161
PACZ | Range_Small | 62 | 107 | 1137528987936 | 0.00564257 | 77.758 | 0 | 195
PACZ | Range_Small | 63 | 1756 | 24659499059667 | 0.0300407 | 77.758 | 0 | 425
PACZ | Range_Small | 64 | 215 | 2053765696800 | 0.0160535 | 77.758 | 0 | 213
PACZ | Range_Small | 65 | 753 | 9498995918676 | 0.0229677 | 77.758 | 0 | 317
PACZ | Range_Small | 66 | 139 | 1873659596442 | 0.0073115 | 77.758 | 0 | 205
PACZ | Range_Small | 67 | 1949 | 21070332907233 | 0.0309944 | 77.758 | 0 | 385
PACZ | Range_Small | 68 | 1042 | 10002094027641 | 0.0202656 | 77.758 | 0 | 309
PACZ | Range_Small | 69 | 6505 | 80187102949980 | 0.0700156 | 77.758 | 0 | 923
PACZ | Range_Small | 70 | 3081 | 40048168691010 | 0.0510216 | 77.758 | 0 | 483
PACZ | Range_Small | 71 | 2109 | 25836666522093 | 0.0330607 | 77.758 | 0 | 441
PACZ | Range_Small | 72 | 64 | 647538925230 | 0.00667572 | 77.758 | 0 | 199
PACZ | Range_Small | 73 | 131 | 892496617965 | 0.00802676 | 77.758 | 0 | 215
PACZ | Range_Small | 74 | 784 | 9418716045306 | 0.0183582 | 77.758 | 0 | 269
PACZ | Range_Small | 75 | 2148 | 25733929649310 | 0.0320276 | 77.758 | 0 | 445
PACZ | Range_Small | 76 | 648 | 8204006546871 | 0.0106494 | 77.758 | 0 | 249
PACZ | Range_Small | 77 | 959 | 7461751562391 | 0.0179609 | 77.758 | 0 | 307
PACZ | Range_Small | 78 | 622 | 8572565044248 | 0.0173251 | 77.758 | 0 | 311
PACZ | Range_Small | 79 | 17869 | 210694464587007 | 0.224034 | 77.758 | 0 | 2045
PACZ | Range_Small | 80 | 605 | 6518518019244 | 0.0143051 | 77.758 | 0 | 265
PACZ | Range_Small | 81 | 16129 | 195957631636701 | 0.189304 | 77.758 | 0 | 1959
PACZ | Range_Small | 82 | 1927 | 20215288661022 | 0.0409285 | 77.758 | 0 | 439
PACZ | Range_Small | 83 | 1269 | 17616620892072 | 0.0203451 | 77.758 | 0 | 357
PACZ | Range_Small | 84 | 588 | 6985430629416 | 0.0203451 | 77.758 | 0 | 267
PACZ | Range_Small | 85 | 5958 | 70549784034867 | 0.063022 | 77.758 | 0 | 881
PACZ | Range_Small | 86 | 875 | 10812895802283 | 0.0183582 | 77.758 | 0 | 255
PACZ | Range_Small | 87 | 512 | 6144074332797 | 0.0123183 | 77.758 | 0 | 269
PACZ | Range_Small | 88 | 1035 | 7911967940037 | 0.0290076 | 77.758 | 0 | 345
PACZ | Range_Small | 89 | 594 | 7174021431453 | 0.0163714 | 77.758 | 0 | 259
PACZ | Range_Small | 90 | 759 | 9348956158965 | 0.0156562 | 77.758 | 0 | 311
PACZ | Range_Small | 91 | 65 | 778587052608 | 0.00564257 | 77.758 | 0 | 203
PACZ | Range_Small | 92 | 985 | 11744553064659 | 0.0139872 | 77.758 | 0 | 259
PACZ | Range_Small | 93 | 637 | 7135104535533 | 0.00969569 | 77.758 | 0 | 217
PACZ | Range_Small | 94 | 159 | 626969132265 | 0.00762939 | 77.758 | 0 | 213
PACZ | Range_Small | 95 | 1465 | 14286910436847 | 0.0229677 | 77.758 | 0 | 369
PACZ | Range_Small | 96 | 206 | 2102641796931 | 0.0126362 | 77.758 | 0 | 195
PACZ | Range_Small | 97 | 353 | 3995855408139 | 0.00699361 | 77.758 | 0 | 207
PACZ | Range_Small | 98 | 1844 | 19366856059140 | 0.0212987 | 77.758 | 0 | 355
PACZ | Range_Small | 99 | 231 | 2874589242264 | 0.0120004 | 77.758 | 0 | 193
PACZ | Range_Medium | 0 | 32876 | 399295824819132 | 0.417709 | 77.758 | 0 | 3135
PACZ | Range_Medium | 1 | 53875 | 736862195649258 | 0.582616 | 77.758 | 0 | 4731
PACZ | Range_Medium | 2 | 7446 | 61788446973261 | 0.0756582 | 77.758 | 0 | 919
PACZ | Range_Medium | 3 | 873 | 9117186807621 | 0.0153383 | 77.758 | 0 | 265
PACZ | Range_Medium | 4 | 42647 | 568727908065357 | 0.377655 | 77.758 | 0 | 3777
PACZ | Range_Medium | 5 | 44021 | 486063083370927 | 0.415325 | 77.758 | 0 | 3959
PACZ | Range_Medium | 6 | 22815 | 264564176536215 | 0.207663 | 77.758 | 0 | 2227
PACZ | Range_Medium | 7 | 47839 | 512776916189811 | 0.454982 | 77.758 | 0 | 4339
PACZ | Range_Medium | 8 | 41097 | 493757634801000 | 0.34833 | 77.758 | 0 | 3657
PACZ | Range_Medium | 9 | 43396 | 519890823577779 | 0.352621 | 77.758 | 0 | 3929
PACZ | Range_Medium | 10 | 50750 | 704364669146970 | 0.427326 | 77.758 | 0 | 4451
PACZ | Range_Medium | 11 | 36671 | 409929310350135 | 0.323375 | 77.758 | 0 | 3371
PACZ | Range_Medium | 12 | 45365 | 485458310212440 | 0.428359 | 77.758 | 0 | 4149
PACZ | Range_Medium | 13 | 25768 | 332140197350703 | 0.228008 | 77.758 | 0 | 2447
PACZ | Range_Medium | 14 | 39206 | 523059453107859 | 0.356992 | 77.758 | 0 | 3669
PACZ | Range_Medium | 15 | 61623 | 641525996812092 | 0.570297 | 77.758 | 0 | 5487
PACZ | Range_Medium | 16 | 44053 | 499473502370127 | 0.42367 | 77.758 | 0 | 4081
PACZ | Range_Medium | 17 | 98213 | 1158882545524386 | 1.07431 | 77.758 | 0 | 8993
PACZ | Range_Medium | 18 | 20460 | 233041600962786 | 0.215689 | 77.758 | 0 | 2165
PACZ | Range_Medium | 19 | 51680 | 618283137202131 | 0.551303 | 77.758 | 0 | 4535
PACZ | Range_Medium | 20 | 49617 | 540146110913523 | 0.488043 | 77.758 | 0 | 4457
PACZ | Range_Medium | 21 | 97696 | 1146057201191184 | 1.16531 | 77.758 | 0 | 9017
PACZ | Range_Medium | 22 | 25687 | 335707916614359 | 0.267665 | 77.758 | 0 | 2565
PACZ | Range_Medium | 23 | 1252 | 13967954543613 | 0.0253518 | 77.758 | 0 | 393
PACZ | Range_Medium | 24 | 48472 | 678904421465751 | 0.466665 | 77.758 | 0 | 4229
PACZ | Range_Medium | 25 | 32640 | 390355029350244 | 0.343005 | 77.758 | 0 | 3167
PACZ | Range_Medium | 26 | 25966 | 288734064399648 | 0.280619 | 77.758 | 0 | 2691
PACZ | Range_Medium | 27 | 35337 | 358938834638082 | 0.362317 | 77.758 | 0 | 3227
PACZ | Range_Medium | 28 | 5959 | 73076642928393 | 0.064373 | 77.758 | 0 | 709
PACZ | Range_Medium | 29 | 80500 | 949944821019069 | 0.967979 | 77.758 | 0 | 7573
PACZ | Range_Medium | 30 | 99675 | 1168952898824220 | 1.10435 | 77.758 | 0 | 9073
PACZ | Range_Medium | 31 | 6603 | 81336921580290 | 0.0729561 | 77.758 | 0 | 787
PACZ | Range_Medium | 32 | 67700 | 699188831840001 | 0.72964 | 77.758 | 0 | 5955
PACZ | Range_Medium | 33 | 6502 | 85823660060283 | 0.0707308 | 77.758 | 0 | 779
PACZ | Range_Medium | 34 | 21560 | 236276878606650 | 0.208378 | 77.758 | 0 | 2063
PACZ | Range_Medium | 35 | 14627 | 203145185578212 | 0.145038 | 77.758 | 0 | 1407
PACZ | Range_Medium | 36 | 5862 | 72299582640975 | 0.0673135 | 77.758 | 0 | 801
PACZ | Range_Medium | 37 | 33334 | 397102307000490 | 0.362317 | 77.758 | 0 | 3207
PACZ | Range_Medium | 38 | 26907 | 296802635544636 | 0.267982 | 77.758 | 0 | 2631
PACZ | Range_Medium | 39 | 11889 | 149173752285720 | 0.144005 | 77.758 | 0 | 1533
PACZ | Range_Medium | 40 | 9415 | 104160416657148 | 0.100692 | 77.758 | 0 | 1087
PACZ | Range_Medium | 41 | 40117 | 436744677376443 | 0.437657 | 77.758 | 0 | 3737
PACZ | Range_Medium | 42 | 8114 | 89891671661682 | 0.0873407 | 77.758 | 0 | 919
PACZ | Range_Medium | 43 | 13966 | 185244851280693 | 0.159025 | 77.758 | 0 | 1525
PACZ | Range_Medium | 44 | 48134 | 516664142514492 | 0.522057 | 77.758 | 0 | 4367
PACZ | Range_Medium | 45 | 67083 | 765593633892504 | 0.802358 | 77.758 | 0 | 6323
PACZ | Range_Medium | 46 | 6272 | 80471050130520 | 0.0756582 | 77.758 | 0 | 791
PACZ | Range_Medium | 47 | 15 | 14253698040 | 0.00405312 | 77.758 | 0 | 119
PACZ | Range_Medium | 48 | 98773 | 1161998009131458 | 1.25829 | 77.758 | 0 | 8977
PACZ | Range_Medium | 49 | 19643 | 227198002482261 | 0.225385 | 77.758 | 0 | 2183
PACZ | Range_Medium | 50 | 60089 | 622896043588779 | 0.690381 | 77.758 | 0 | 5363
PACZ | Range_Medium | 51 | 33311 | 338922069728022 | 0.36629 | 77.758 | 0 | 3093
PACZ | Range_Medium | 52 | 50707 | 607107543154884 | 0.614405 | 77.758 | 0 | 4437
PACZ | Range_Medium | 53 | 23625 | 275528470758180 | 0.269016 | 77.758 | 0 | 2391
PACZ | Range_Medium | 54 | 60055 | 702201776786424 | 0.689268 | 77.758 | 0 | 5325
PACZ | Range_Medium | 55 | 2084 | 25410304123038 | 0.0293255 | 77.758 | 0 | 397
PACZ | Range_Medium | 56 | 89379 | 1047312477683988 | 1.11103 | 77.758 | 0 | 8417
PACZ | Range_Medium | 57 | 8812 | 104652347280072 | 0.0999769 | 77.758 | 0 | 1017
PACZ | Range_Medium | 58 | 47568 | 512134655876397 | 0.536283 | 77.758 | 0 | 4269
PACZ | Range_Medium | 59 | 52385 | 715235642519871 | 0.558933 | 77.758 | 0 | 4519
PACZ | Range_Medium | 60 | 8201 | 102766199630859 | 0.10697 | 77.758 | 0 | 1085
PACZ | Range_Medium | 61 | 97906 | 1153402263520158 | 1.2033 | 77.758 | 0 | 9067
PACZ | Range_Medium | 62 | 5 | 71961571986 | 0.00270208 | 77.758 | 0 | 81
PACZ | Range_Medium | 63 | 13487 | 170153324555325 | 0.140349 | 77.758 | 0 | 1373
PACZ | Range_Medium | 64 | 39699 | 476986021845624 | 0.425021 | 77.758 | 0 | 3617
PACZ | Range_Medium | 65 | 24129 | 282081690553749 | 0.257651 | 77.758 | 0 | 2331
PACZ | Range_Medium | 66 | 51684 | 566601332040222 | 0.627359 | 77.758 | 0 | 5057
PACZ | Range_Medium | 67 | 41874 | 556819342417557 | 0.429948 | 77.758 | 0 | 3671
PACZ | Range_Medium | 68 | 22203 | 266964575199699 | 0.232379 | 77.758 | 0 | 2181
PACZ | Range_Medium | 69 | 6269 | 79244946209400 | 0.0727177 | 77.758 | 0 | 771
PACZ | Range_Medium | 70 | 3930 | 44088492987696 | 0.0533263 | 77.758 | 0 | 617
PACZ | Range_Medium | 71 | 17365 | 213628994594541 | 0.193993 | 77.758 | 0 | 1881
PACZ | Range_Medium | 72 | 47029 | 650188596313110 | 0.504017 | 77.758 | 0 | 4215
PACZ | Range_Medium | 73 | 30937 | 313502307965814 | 0.320673 | 77.758 | 0 | 2853
PACZ | Range_Medium | 74 | 3589 | 47358101357451 | 0.0490348 | 77.758 | 0 | 607
PACZ | Range_Medium | 75 | 73948 | 842376561239376 | 0.872691 | 77.758 | 0 | 6409
PACZ | Range_Medium | 76 | 74292 | 846407360360160 | 0.888666 | 77.758 | 0 | 6697
PACZ | Range_Medium | 77 | 15524 | 168626578193238 | 0.172695 | 77.758 | 0 | 1601
PACZ | Range_Medium | 78 | 52326 | 719895648047265 | 0.569344 | 77.758 | 0 | 4551
PACZ | Range_Medium | 79 | 5371 | 69473233055151 | 0.0797113 | 77.758 | 0 | 873
PACZ | Range_Medium | 80 | 53716 | 639792526755468 | 0.610034 | 77.758 | 0 | 4657
PACZ | Range_Medium | 81 | 26089 | 297131844251070 | 0.28499 | 77.758 | 0 | 2631
PACZ | Range_Medium | 82 | 36302 | 394857927053673 | 0.399987 | 77.758 | 0 | 3377
PACZ | Range_Medium | 83 | 95558 | 1114897996492719 | 1.18232 | 77.758 | 0 | 8879
PACZ | Range_Medium | 84 | 36425 | 387652635535827 | 0.40261 | 77.758 | 0 | 3355
PACZ | Range_Medium | 85 | 83167 | 966913094425644 | 1.00636 | 77.758 | 0 | 7697
PACZ | Range_Medium | 86 | 8276 | 90142111221507 | 0.0920296 | 77.758 | 0 | 983
PACZ | Range_Medium | 87 | 99045 | 1164420477583872 | 1.16237 | 77.758 | 0 | 9063
PACZ | Range_Medium | 88 | 98303 | 1157176274095245 | 1.1793 | 77.758 | 0 | 9005
PACZ | Range_Medium | 89 | 73757 | 841703821562049 | 0.876347 | 77.758 | 0 | 6699
PACZ | Range_Medium | 90 | 14566 | 175953772692108 | 0.177622 | 77.758 | 0 | 1629
PACZ | Range_Medium | 91 | 10157 | 117214034126967 | 0.129302 | 77.758 | 0 | 1161
PACZ | Range_Medium | 92 | 31666 | 383383664424690 | 0.385364 | 77.758 | 0 | 3031
PACZ | Range_Medium | 93 | 891 | 8609538619677 | 0.0170072 | 77.758 | 0 | 261
PACZ | Range_Medium | 94 | 5118 | 43471748383689 | 0.0646909 | 77.758 | 0 | 679
PACZ | Range_Medium | 95 | 38391 | 461625792771045 | 0.427008 | 77.758 | 0 | 3537
PACZ | Range_Medium | 96 | 65747 | 691665220889208 | 0.75833 | 77.758 | 0 | 5757
PACZ | Range_Medium | 97 | 4312 | 26642428778991 | 0.0510216 | 77.758 | 0 | 599
PACZ | Range_Medium | 98 | 82140 | 968343563525340 | 1.04737 | 77.758 | 0 | 7775
PACZ | Range_Medium | 99 | 59797 | 699535364863995 | 0.679334 | 77.758 | 0 | 5341
PACZ | Range_Large | 0 | 446050 | 5339090323537527 | 5.34002 | 77.758 | 0 | 36607
PACZ | Range_Large | 1 | 457735 | 5325271153150011 | 5.37165 | 77.758 | 0 | 37071
PACZ | Range_Large | 2 | 720302 | 8468126113778787 | 8.59928 | 77.758 | 0 | 58791
PACZ | Range_Large | 3 | 442655 | 5167902005876979 | 5.23806 | 77.758 | 0 | 35825
PACZ | Range_Large | 4 | 328427 | 3739472363251194 | 3.85833 | 77.758 | 0 | 26761
PACZ | Range_Large | 5 | 453017 | 5287878455902488 | 5.39168 | 77.758 | 0 | 36851
PACZ | Range_Large | 6 | 386599 | 4500975641979894 | 4.54267 | 77.758 | 0 | 31507
PACZ | Range_Large | 7 | 454570 | 5436655825684608 | 5.41266 | 77.758 | 0 | 37215
PACZ | Range_Large | 8 | 621595 | 7354269899189478 | 7.53935 | 77.758 | 0 | 50901
PACZ | Range_Large | 9 | 701478 | 8270469721555149 | 8.52338 | 77.758 | 0 | 57195
PACZ | Range_Large | 10 | 702719 | 8284054618766934 | 8.56733 | 77.758 | 0 | 57269
PACZ | Range_Large | 11 | 513143 | 6113910413218911 | 6.10304 | 77.758 | 0 | 42037
PACZ | Range_Large | 12 | 566232 | 6740474156587659 | 6.87432 | 77.758 | 0 | 46301
PACZ | Range_Large | 13 | 454013 | 5290968102096132 | 5.41568 | 77.758 | 0 | 36821
PACZ | Range_Large | 14 | 446005 | 5339120328899448 | 5.37968 | 77.758 | 0 | 36549
PACZ | Range_Large | 15 | 507974 | 6060788951956446 | 6.18203 | 77.758 | 0 | 41593
PACZ | Range_Large | 16 | 683316 | 8055808365010701 | 8.41498 | 77.758 | 0 | 55637
PACZ | Range_Large | 17 | 450482 | 5257175506757082 | 5.50866 | 77.758 | 0 | 36577
PACZ | Range_Large | 18 | 340196 | 3874114723056972 | 4.203 | 77.758 | 0 | 28649
PACZ | Range_Large | 19 | 735719 | 8622857780503113 | 8.811 | 77.758 | 0 | 59723
PACZ | Range_Large | 20 | 671596 | 7866766655663658 | 8.09733 | 77.758 | 0 | 54853
PACZ | Range_Large | 21 | 326850 | 3717903767164257 | 3.853 | 77.758 | 0 | 26443
PACZ | Range_Large | 22 | 463664 | 5538681600135714 | 5.54101 | 77.758 | 0 | 37983
PACZ | Range_Large | 23 | 706094 | 8304852543699303 | 8.46299 | 77.758 | 0 | 57673
PACZ | Range_Large | 24 | 563782 | 6711058405750872 | 6.82402 | 77.758 | 0 | 46137
PACZ | Range_Large | 25 | 492787 | 5882276161455732 | 5.97699 | 77.758 | 0 | 40403
PACZ | Range_Large | 26 | 507105 | 6061793885996739 | 6.16535 | 77.758 | 0 | 41677
PACZ | Range_Large | 27 | 578654 | 6879752800924908 | 6.99035 | 77.758 | 0 | 47527
PACZ | Range_Large | 28 | 354031 | 4084474879139454 | 4.24234 | 77.758 | 0 | 28777
PACZ | Range_Large | 29 | 466266 | 5423949423458235 | 5.58003 | 77.758 | 0 | 37693
PACZ | Range_Large | 30 | 470097 | 5483372820268476 | 5.61102 | 77.758 | 0 | 38079
PACZ | Range_Large | 31 | 506471 | 6042828031299540 | 6.13467 | 77.758 | 0 | 41555
PACZ | Range_Large | 32 | 508928 | 6070690868801343 | 6.13769 | 77.758 | 0 | 41733
PACZ | Range_Large | 33 | 443320 | 5175341689850103 | 5.24036 | 77.758 | 0 | 35895
PACZ | Range_Large | 34 | 556026 | 6517795765788012 | 6.7447 | 77.758 | 0 | 45621
PACZ | Range_Large | 35 | 496029 | 5923963331806788 | 6.1686 | 77.758 | 0 | 40659
PACZ | Range_Large | 36 | 470898 | 5624102598024483 | 5.78173 | 77.758 | 0 | 38773
PACZ | Range_Large | 37 | 438853 | 5109827247123276 | 5.37395 | 77.758 | 0 | 35573
PACZ | Range_Large | 38 | 569210 | 6681577422793539 | 7.0684 | 77.758 | 0 | 46799
PACZ | Range_Large | 39 | 436073 | 5076821768227158 | 5.3703 | 77.758 | 0 | 35435
PACZ | Range_Large | 40 | 671441 | 7865179097880651 | 8.09201 | 77.758 | 0 | 54853
PACZ | Range_Large | 41 | 331736 | 3771864269406792 | 3.93669 | 77.758 | 0 | 26943
PACZ | Range_Large | 42 | 697630 | 8224767176085363 | 8.32868 | 77.758 | 0 | 56909
PACZ | Range_Large | 43 | 563136 | 6711249511777707 | 6.802 | 77.758 | 0 | 45981
PACZ | Range_Large | 44 | 445949 | 5338420748641353 | 5.47234 | 77.758 | 0 | 36545
PACZ | Range_Large | 45 | 699157 | 8245878248402901 | 8.31699 | 77.758 | 0 | 57015
PACZ | Range_Large | 46 | 450993 | 5262165041928516 | 5.30267 | 77.758 | 0 | 36607
PACZ | Range_Large | 47 | 389737 | 4442857393153212 | 4.77362 | 77.758 | 0 | 32709
PACZ | Range_Large | 48 | 454010 | 5295106056116247 | 5.40336 | 77.758 | 0 | 36943
PACZ | Range_Large | 49 | 553264 | 6488179589492214 | 6.61 | 77.758 | 0 | 45473
PACZ | Range_Large | 50 | 320117 | 3637127960423211 | 3.79435 | 77.758 | 0 | 26007
PACZ | Range_Large | 51 | 570180 | 6781685320748667 | 6.79636 | 77.758 | 0 | 46517
PACZ | Range_Large | 52 | 460335 | 5324343031084527 | 5.70838 | 77.758 | 0 | 38983
PACZ | Range_Large | 53 | 350169 | 4020708215575953 | 4.11566 | 77.758 | 0 | 28499
PACZ | Range_Large | 54 | 683613 | 7990421601481227 | 8.1977 | 77.758 | 0 | 55785
PACZ | Range_Large | 55 | 633360 | 7420714571456403 | 7.70529 | 77.758 | 0 | 51875
PACZ | Range_Large | 56 | 516416 | 6162095289252333 | 6.29298 | 77.758 | 0 | 42391
PACZ | Range_Large | 57 | 523049 | 6255509937065664 | 6.29266 | 77.758 | 0 | 42943
PACZ | Range_Large | 58 | 313581 | 3566483296378368 | 3.63938 | 77.758 | 0 | 25427
PACZ | Range_Large | 59 | 692635 | 8175850576946175 | 8.406 | 77.758 | 0 | 56473
PACZ | Range_Large | 60 | 564628 | 6722333188691859 | 6.82934 | 77.758 | 0 | 46171
PACZ | Range_Large | 61 | 736190 | 8641065371178273 | 8.9523 | 77.758 | 0 | 59989
PACZ | Range_Large | 62 | 368527 | 4259991425063202 | 4.42696 | 77.758 | 0 | 29985
PACZ | Range_Large | 63 | 704771 | 8292324460501740 | 8.48635 | 77.758 | 0 | 57321
PACZ | Range_Large | 64 | 571491 | 6796761904875036 | 6.86669 | 77.758 | 0 | 46557
PACZ | Range_Large | 65 | 576790 | 6846984667940286 | 7.01205 | 77.758 | 0 | 47611
PACZ | Range_Large | 66 | 544873 | 6493826523368586 | 6.57328 | 77.758 | 0 | 44751
PACZ | Range_Large | 67 | 728214 | 8561020568478867 | 8.81863 | 77.758 | 0 | 59283
PACZ | Range_Large | 68 | 445065 | 5204870087661891 | 5.32365 | 77.758 | 0 | 36151
PACZ | Range_Large | 69 | 560516 | 6581570931753399 | 6.75933 | 77.758 | 0 | 46151
PACZ | Range_Large | 70 | 287 | 1508570818098 | 0.0073115 | 77.758 | 0 | 123
PACZ | Range_Large | 71 | 446072 | 5336891082827502 | 5.42394 | 77.758 | 0 | 36667
PACZ | Range_Large | 72 | 718498 | 8447824326142632 | 8.7533 | 77.758 | 0 | 58373
PACZ | Range_Large | 73 | 486541 | 5799101440501086 | 6.05599 | 77.758 | 0 | 39925
PACZ | Range_Large | 74 | 331364 | 3766987194038940 | 4.02172 | 77.758 | 0 | 26909
PACZ | Range_Large | 75 | 581090 | 6826081195008156 | 6.98034 | 77.758 | 0 | 47655
PACZ | Range_Large | 76 | 520595 | 6221746829435028 | 6.26063 | 77.758 | 0 | 42609
PACZ | Range_Large | 77 | 363140 | 4183725789773250 | 4.263 | 77.758 | 0 | 29553
PACZ | Range_Large | 78 | 675414 | 7971762707787525 | 8.15837 | 77.758 | 0 | 55151
PACZ | Range_Large | 79 | 302424 | 3428760051506814 | 3.66433 | 77.758 | 0 | 25703
PACZ | Range_Large | 80 | 335391 | 4112166122517834 | 4.12035 | 77.758 | 0 | 27695
PACZ | Range_Large | 81 | 447206 | 5352746841398313 | 5.33438 | 77.758 | 0 | 36731
PACZ | Range_Large | 82 | 656145 | 7694263971522747 | 7.89698 | 77.758 | 0 | 53583
PACZ | Range_Large | 83 | 445636 | 5200203544770375 | 5.20094 | 77.758 | 0 | 36159
PACZ | Range_Large | 84 | 690806 | 8156540715609624 | 8.30738 | 77.758 | 0 | 56365
PACZ | Range_Large | 85 | 608534 | 7220836277532480 | 7.399 | 77.758 | 0 | 49973
PACZ | Range_Large | 86 | 445673 | 5334813039283932 | 5.47338 | 77.758 | 0 | 36559
PACZ | Range_Large | 87 | 504558 | 6041434166691780 | 6.1903 | 77.758 | 0 | 41739
PACZ | Range_Large | 88 | 573942 | 6823111874224953 | 6.85867 | 77.758 | 0 | 47071
PACZ | Range_Large | 89 | 506183 | 6049399198261740 | 6.0993 | 77.758 | 0 | 41551
PACZ | Range_Large | 90 | 504498 | 6012714615724197 | 6.09803 | 77.758 | 0 | 41491
PACZ | Range_Large | 91 | 396643 | 4638683018538510 | 4.70336 | 77.758 | 0 | 32521
PACZ | Range_Large | 92 | 461884 | 5384356608741084 | 5.53068 | 77.758 | 0 | 37429
PACZ | Range_Large | 93 | 564559 | 6719431847819742 | 6.98566 | 77.758 | 0 | 46149
PACZ | Range_Large | 94 | 576621 | 6855939681150021 | 7.01801 | 77.758 | 0 | 47385
PACZ | Range_Large | 95 | 573145 | 6815158550261670 | 6.90468 | 77.758 | 0 | 46947
PACZ | Range_Large | 96 | 565061 | 6730126550703933 | 6.80335 | 77.758 | 0 | 46265
PACZ | Range_Large | 97 | 468949 | 5485527994451052 | 5.64734 | 77.758 | 0 | 38309
PACZ | Range_Large | 98 | 565479 | 6734074534410426 | 6.821 | 77.758 | 0 | 46285
PACZ | Range_Large | 99 | 566803 | 6752040470590572 | 6.8113 | 77.758 | 0 | 46187
PACZ | kNN_10 | 0 | 10 | 119787108798 | 0.0649293 | 77.758 | 0 | 440
PACZ | kNN_10 | 1 | 10 | 104321606949 | 0.0376701 | 77.758 | 0 | 325
PACZ | kNN_10 | 2 | 10 | 100097365155 | 0.0286102 | 77.758 | 0 | 237
PACZ | kNN_10 | 3 | 10 | 102718882053 | 0.0356833 | 77.758 | 0 | 348
PACZ | kNN_10 | 4 | 10 | 47964256419 | 0.0426769 | 77.758 | 0 | 369
PACZ | kNN_10 | 5 | 10 | 129807759747 | 0.0533263 | 77.758 | 0 | 433
PACZ | kNN_10 | 6 | 10 | 132585411003 | 0.0536442 | 77.758 | 0 | 442
PACZ | kNN_10 | 7 | 10 | 118799070387 | 0.0367165 | 77.758 | 0 | 276
PACZ | kNN_10 | 8 | 10 | 139932479844 | 0.0716845 | 77.758 | 0 | 528
PACZ | kNN_10 | 9 | 10 | 82806551652 | 0.0363191 | 77.758 | 0 | 339
PACZ | kNN_10 | 10 | 10 | 151178642574 | 0.0209808 | 77.758 | 0 | 188
PACZ | kNN_10 | 11 | 10 | 119269454220 | 0.0256697 | 77.758 | 0 | 234
PACZ | kNN_10 | 12 | 10 | 125463181377 | 0.0363191 | 77.758 | 0 | 316
PACZ | kNN_10 | 13 | 10 | 115692888015 | 0.0513395 | 77.758 | 0 | 495
PACZ | kNN_10 | 14 | 10 | 119457705921 | 0.0593662 | 77.758 | 0 | 452
PACZ | kNN_10 | 15 | 10 | 93026438784 | 0.0519753 | 77.758 | 0 | 445
PACZ | kNN_10 | 16 | 10 | 92480851851 | 0.0646909 | 77.758 | 0 | 550
PACZ | kNN_10 | 17 | 10 | 132050945151 | 0.0356833 | 77.758 | 0 | 332
PACZ | kNN_10 | 18 | 10 | 112667137086 | 0.0429948 | 77.758 | 0 | 401
PACZ | kNN_10 | 19 | 10 | 75201495837 | 0.0286102 | 77.758 | 0 | 188
PACZ | kNN_10 | 20 | 10 | 130066995111 | 0.0539621 | 77.758 | 0 | 484
PACZ | kNN_10 | 21 | 10 | 118550600103 | 0.0572999 | 77.758 | 0 | 481
PACZ | kNN_10 | 22 | 10 | 142309204539 | 0.0373522 | 77.758 | 0 | 282
PACZ | kNN_10 | 23 | 10 | 152529893709 | 0.018994 | 77.758 | 0 | 149
PACZ | kNN_10 | 24 | 10 | 146913224532 | 0.0400543 | 77.758 | 0 | 318
PACZ | kNN_10 | 25 | 10 | 119247350241 | 0.0340144 | 77.758 | 0 | 276
PACZ | kNN_10 | 26 | 10 | 126434193663 | 0.0669956 | 77.758 | 0 | 611
PACZ | kNN_10 | 27 | 10 | 102608703018 | 0.0496705 | 77.758 | 0 | 401
PACZ | kNN_10 | 28 | 10 | 135071145735 | 0.0686646 | 77.758 | 0 | 576
PACZ | kNN_10 | 29 | 10 | 102452744271 | 0.0426769 | 77.758 | 0 | 325
PACZ | kNN_10 | 30 | 10 | 86886444528 | 0.044028 | 77.758 | 0 | 365
PACZ | kNN_10 | 31 | 10 | 51675814836 | 0.0356833 | 77.758 | 0 | 293
PACZ | kNN_10 | 32 | 10 | 121767495840 | 0.0329812 | 77.758 | 0 | 267
PACZ | kNN_10 | 33 | 10 | 68063927772 | 0.0549952 | 77.758 | 0 | 444
PACZ | kNN_10 | 34 | 10 | 103614625770 | 0.0209808 | 77.758 | 0 | 183
PACZ | kNN_10 | 35 | 10 | 112548937146 | 0.0433922 | 77.758 | 0 | 404
PACZ | kNN_10 | 36 | 10 | 130169873637 | 0.0426769 | 77.758 | 0 | 335
PACZ | kNN_10 | 37 | 10 | 63382820841 | 0.033617 | 77.758 | 0 | 338
PACZ | kNN_10 | 38 | 10 | 138795078219 | 0.0286102 | 77.758 | 0 | 220
PACZ | kNN_10 | 39 | 10 | 120460947024 | 0.0296434 | 77.758 | 0 | 266
PACZ | kNN_10 | 40 | 10 | 73106963085 | 0.0350475 | 77.758 | 0 | 322
PACZ | kNN_10 | 41 | 10 | 129466465032 | 0.0549952 | 77.758 | 0 | 483
PACZ | kNN_10 | 42 | 10 | 137276672481 | 0.0206629 | 77.758 | 0 | 132
PACZ | kNN_10 | 43 | 10 | 126294179649 | 0.064373 | 77.758 | 0 | 506
PACZ | kNN_10 | 44 | 10 | 90619306329 | 0.0166893 | 77.758 | 0 | 177
PACZ | kNN_10 | 45 | 10 | 140246141583 | 0.025034 | 77.758 | 0 | 189
PACZ | kNN_10 | 46 | 10 | 126363574509 | 0.041008 | 77.758 | 0 | 443
PACZ | kNN_10 | 47 | 10 | 146367898461 | 0.0533263 | 77.758 | 0 | 519
PACZ | kNN_10 | 48 | 10 | 127496252316 | 0.045379 | 77.758 | 0 | 442
PACZ | kNN_10 | 49 | 10 | 158687581926 | 0.037988 | 77.758 | 0 | 304
PACZ | kNN_10 | 50 | 10 | 111642596100 | 0.0492732 | 77.758 | 0 | 490
PACZ | kNN_10 | 51 | 10 | 141806278683 | 0.0483195 | 77.758 | 0 | 393
PACZ | kNN_10 | 52 | 10 | 109138665150 | 0.0392596 | 77.758 | 0 | 342
PACZ | kNN_10 | 53 | 10 | 52032081933 | 0.0273387 | 77.758 | 0 | 242
PACZ | kNN_10 | 54 | 10 | 129975654729 | 0.0530084 | 77.758 | 0 | 491
PACZ | kNN_10 | 55 | 10 | 62665149714 | 0.0313123 | 77.758 | 0 | 262
PACZ | kNN_10 | 56 | 10 | 129729245484 | 0.0533263 | 77.758 | 0 | 470
PACZ | kNN_10 | 57 | 10 | 102204620820 | 0.0319481 | 77.758 | 0 | 282
PACZ | kNN_10 | 58 | 10 | 131281685343 | 0.0803471 | 77.758 | 0 | 656
PACZ | kNN_10 | 59 | 10 | 158775775995 | 0.042359 | 77.758 | 0 | 319
PACZ | kNN_10 | 60 | 10 | 66899167137 | 0.042359 | 77.758 | 0 | 323
PACZ | kNN_10 | 61 | 10 | 90672040122 | 0.0160535 | 77.758 | 0 | 138
PACZ | kNN_10 | 62 | 10 | 137860212075 | 0.0373522 | 77.758 | 0 | 336
PACZ | kNN_10 | 63 | 10 | 118558057419 | 0.0610352 | 77.758 | 0 | 484
PACZ | kNN_10 | 64 | 10 | 131416723965 | 0.0303586 | 77.758 | 0 | 253
PACZ | kNN_10 | 65 | 10 | 137190604785 | 0.0510216 | 77.758 | 0 | 436
PACZ | kNN_10 | 66 | 10 | 90139280784 | 0.0360012 | 77.758 | 0 | 277
PACZ | kNN_10 | 67 | 10 | 115984873854 | 0.0466506 | 77.758 | 0 | 463
PACZ | kNN_10 | 68 | 10 | 129803120430 | 0.0540415 | 77.758 | 0 | 488
PACZ | kNN_10 | 69 | 10 | 137551572159 | 0.0333786 | 77.758 | 0 | 343
PACZ | kNN_10 | 70 | 10 | 82404231327 | 0.0297228 | 77.758 | 0 | 289
PACZ | kNN_10 | 71 | 10 | 124346981190 | 0.0463327 | 77.758 | 0 | 392
PACZ | kNN_10 | 72 | 10 | 122194659582 | 0.0272592 | 77.758 | 0 | 222
PACZ | kNN_10 | 73 | 10 | 121767337788 | 0.0349681 | 77.758 | 0 | 268
PACZ | kNN_10 | 74 | 10 | 122666000763 | 0.0302792 | 77.758 | 0 | 259
PACZ | kNN_10 | 75 | 10 | 119582919006 | 0.0530084 | 77.758 | 0 | 458
PACZ | kNN_10 | 76 | 10 | 65261877477 | 0.0686646 | 77.758 | 0 | 612
PACZ | kNN_10 | 77 | 10 | 126362569563 | 0.0623067 | 77.758 | 0 | 548
PACZ | kNN_10 | 78 | 10 | 7423288905 | 0.0326633 | 77.758 | 0 | 331
PACZ | kNN_10 | 79 | 10 | 44012264454 | 0.042359 | 77.758 | 0 | 368
PACZ | kNN_10 | 80 | 10 | 129982716699 | 0.0557105 | 77.758 | 0 | 485
PACZ | kNN_10 | 81 | 10 | 96353650215 | 0.00365575 | 77.758 | 0 | 42
PACZ | kNN_10 | 82 | 10 | 118560207381 | 0.0489553 | 77.758 | 0 | 387
PACZ | kNN_10 | 83 | 10 | 120469459518 | 0.0376701 | 77.758 | 0 | 315
PACZ | kNN_10 | 84 | 10 | 130010247777 | 0.0610352 | 77.758 | 0 | 530
PACZ | kNN_10 | 85 | 10 | 59605492326 | 0.0290076 | 77.758 | 0 | 248
PACZ | kNN_10 | 86 | 10 | 111916753305 | 0.0550747 | 77.758 | 0 | 411
PACZ | kNN_10 | 87 | 10 | 105623548824 | 0.0299613 | 77.758 | 0 | 284
PACZ | kNN_10 | 88 | 10 | 71049131166 | 0.0326633 | 77.758 | 0 | 308
PACZ | kNN_10 | 89 | 10 | 115692890205 | 0.063022 | 77.758 | 0 | 583
PACZ | kNN_10 | 90 | 10 | 92080936308 | 0.052611 | 77.758 | 0 | 461
PACZ | kNN_10 | 91 | 10 | 120068573742 | 0.0349681 | 77.758 | 0 | 277
PACZ | kNN_10 | 92 | 10 | 105295935948 | 0.0363191 | 77.758 | 0 | 341
PACZ | kNN_10 | 93 | 10 | 126362593158 | 0.0583331 | 77.758 | 0 | 518
PACZ | kNN_10 | 94 | 10 | 109140401148 | 0.0332991 | 77.758 | 0 | 333
PACZ | kNN_10 | 95 | 10 | 102454178103 | 0.0279744 | 77.758 | 0 | 254
PACZ | kNN_10 | 96 | 10 | 86886483630 | 0.0340144 | 77.758 | 0 | 328
PACZ | kNN_10 | 97 | 10 | 138384870894 | 0.0223319 | 77.758 | 0 | 181
PACZ | kNN_10 | 98 | 10 | 156160808955 | 0.0429948 | 77.758 | 0 | 383
PACZ | kNN_10 | 99 | 10 | 103808387670 | 0.0246366 | 77.758 | 0 | 239
PACZ | kNN_100 | 0 | 100 | 1197871333845 | 0.319322 | 77.758 | 0 | 766
PACZ | kNN_100 | 1 | 100 | 1037916496224 | 0.249386 | 77.758 | 0 | 690
PACZ | kNN_100 | 2 | 100 | 981814214736 | 0.166655 | 77.758 | 0 | 394
PACZ | kNN_100 | 3 | 100 | 1027188822051 | 0.216007 | 77.758 | 0 | 622
PACZ | kNN_100 | 4 | 100 | 510822025554 | 0.269016 | 77.758 | 0 | 724
PACZ | kNN_100 | 5 | 100 | 1256505191985 | 0.298341 | 77.758 | 0 | 764
PACZ | kNN_100 | 6 | 100 | 1287608038023 | 0.33466 | 77.758 | 0 | 877
PACZ | kNN_100 | 7 | 100 | 1102492531266 | 0.206947 | 77.758 | 0 | 472
PACZ | kNN_100 | 8 | 100 | 1399324488849 | 0.35135 | 77.758 | 0 | 871
PACZ | kNN_100 | 9 | 100 | 624095158824 | 0.193675 | 77.758 | 0 | 582
PACZ | kNN_100 | 10 | 100 | 1506444543306 | 0.099659 | 77.758 | 0 | 269
PACZ | kNN_100 | 11 | 100 | 1192694386689 | 0.149727 | 77.758 | 0 | 429
PACZ | kNN_100 | 12 | 100 | 1254626438217 | 0.188986 | 77.758 | 0 | 566
PACZ | kNN_100 | 13 | 100 | 1109774003766 | 0.266631 | 77.758 | 0 | 834
PACZ | kNN_100 | 14 | 100 | 1238195061189 | 0.351985 | 77.758 | 0 | 870
PACZ | kNN_100 | 15 | 100 | 997004187585 | 0.319719 | 77.758 | 0 | 897
PACZ | kNN_100 | 16 | 100 | 1031753342211 | 0.363668 | 77.758 | 0 | 1042
PACZ | kNN_100 | 17 | 100 | 1319355510360 | 0.210365 | 77.758 | 0 | 629
PACZ | kNN_100 | 18 | 100 | 1140137776254 | 0.265678 | 77.758 | 0 | 843
PACZ | kNN_100 | 19 | 100 | 1183460806557 | 0.128349 | 77.758 | 0 | 311
PACZ | kNN_100 | 20 | 100 | 1257562151841 | 0.311375 | 77.758 | 0 | 888
PACZ | kNN_100 | 21 | 100 | 1188212353602 | 0.325044 | 77.758 | 0 | 906
PACZ | kNN_100 | 22 | 100 | 1423092046035 | 0.193357 | 77.758 | 0 | 494
PACZ | kNN_100 | 23 | 100 | 1524030824862 | 0.0750224 | 77.758 | 0 | 195
PACZ | kNN_100 | 24 | 100 | 1331847467484 | 0.208298 | 77.758 | 0 | 568
PACZ | kNN_100 | 25 | 100 | 1181015797770 | 0.161966 | 77.758 | 0 | 449
PACZ | kNN_100 | 26 | 100 | 1264341855618 | 0.361045 | 77.758 | 0 | 1108
PACZ | kNN_100 | 27 | 100 | 1029612275802 | 0.251691 | 77.758 | 0 | 831
PACZ | kNN_100 | 28 | 100 | 1350711444198 | 0.349998 | 77.758 | 0 | 1086
PACZ | kNN_100 | 29 | 100 | 1024552095492 | 0.198364 | 77.758 | 0 | 616
PACZ | kNN_100 | 30 | 100 | 1019405471577 | 0.219663 | 77.758 | 0 | 674
PACZ | kNN_100 | 31 | 100 | 786579956361 | 0.156959 | 77.758 | 0 | 505
PACZ | kNN_100 | 32 | 100 | 1217674933635 | 0.218391 | 77.758 | 0 | 530
PACZ | kNN_100 | 33 | 100 | 910185090486 | 0.271002 | 77.758 | 0 | 789
PACZ | kNN_100 | 34 | 100 | 1036146297759 | 0.107606 | 77.758 | 0 | 331
PACZ | kNN_100 | 35 | 100 | 1125487524882 | 0.237306 | 77.758 | 0 | 835
PACZ | kNN_100 | 36 | 100 | 1301696820675 | 0.251691 | 77.758 | 0 | 683
PACZ | kNN_100 | 37 | 100 | 715763309511 | 0.199 | 77.758 | 0 | 618
PACZ | kNN_100 | 38 | 100 | 1385107468152 | 0.130018 | 77.758 | 0 | 382
PACZ | kNN_100 | 39 | 100 | 1204603259976 | 0.136296 | 77.758 | 0 | 398
PACZ | kNN_100 | 40 | 100 | 791899148814 | 0.150998 | 77.758 | 0 | 556
PACZ | kNN_100 | 41 | 100 | 1272963886329 | 0.261625 | 77.758 | 0 | 860
PACZ | kNN_100 | 42 | 100 | 1372766762631 | 0.0856717 | 77.758 | 0 | 218
PACZ | kNN_100 | 43 | 100 | 1190685140586 | 0.30303 | 77.758 | 0 | 948
PACZ | kNN_100 | 44 | 100 | 1273548730356 | 0.0777245 | 77.758 | 0 | 273
PACZ | kNN_100 | 45 | 100 | 1231363686093 | 0.105381 | 77.758 | 0 | 313
PACZ | kNN_100 | 46 | 100 | 1238398176954 | 0.235319 | 77.758 | 0 | 845
PACZ | kNN_100 | 47 | 100 | 1441269631920 | 0.213305 | 77.758 | 0 | 823
PACZ | kNN_100 | 48 | 100 | 1294450151568 | 0.216007 | 77.758 | 0 | 752
PACZ | kNN_100 | 49 | 100 | 1586875847502 | 0.201623 | 77.758 | 0 | 523
PACZ | kNN_100 | 50 | 100 | 1152158704560 | 0.269016 | 77.758 | 0 | 946
PACZ | kNN_100 | 51 | 100 | 1416254044440 | 0.284274 | 77.758 | 0 | 713
PACZ | kNN_100 | 52 | 100 | 1251840866913 | 0.194629 | 77.758 | 0 | 633
PACZ | kNN_100 | 53 | 100 | 527248540755 | 0.132958 | 77.758 | 0 | 400
PACZ | kNN_100 | 54 | 100 | 1213911312108 | 0.3136 | 77.758 | 0 | 997
PACZ | kNN_100 | 55 | 100 | 626651511924 | 0.128667 | 77.758 | 0 | 388
PACZ | kNN_100 | 56 | 100 | 1278792940686 | 0.272989 | 77.758 | 0 | 899
PACZ | kNN_100 | 57 | 100 | 1070543776056 | 0.153621 | 77.758 | 0 | 494
PACZ | kNN_100 | 58 | 100 | 1308073600890 | 0.376622 | 77.758 | 0 | 1152
PACZ | kNN_100 | 59 | 100 | 1587757758765 | 0.193675 | 77.758 | 0 | 509
PACZ | kNN_100 | 60 | 100 | 767898817488 | 0.198364 | 77.758 | 0 | 585
PACZ | kNN_100 | 61 | 100 | 946318904214 | 0.0739892 | 77.758 | 0 | 201
PACZ | kNN_100 | 62 | 100 | 1378602062631 | 0.172615 | 77.758 | 0 | 575
PACZ | kNN_100 | 63 | 100 | 1186480034106 | 0.277996 | 77.758 | 0 | 836
PACZ | kNN_100 | 64 | 100 | 1314167204319 | 0.189702 | 77.758 | 0 | 444
PACZ | kNN_100 | 65 | 100 | 1270450700886 | 0.310659 | 77.758 | 0 | 798
PACZ | kNN_100 | 66 | 100 | 901392981714 | 0.226657 | 77.758 | 0 | 542
PACZ | kNN_100 | 67 | 100 | 1149903246453 | 0.235399 | 77.758 | 0 | 789
PACZ | kNN_100 | 68 | 100 | 1264780289958 | 0.279347 | 77.758 | 0 | 903
PACZ | kNN_100 | 69 | 100 | 1336768465941 | 0.160694 | 77.758 | 0 | 594
PACZ | kNN_100 | 70 | 100 | 988822908834 | 0.170946 | 77.758 | 0 | 479
PACZ | kNN_100 | 71 | 100 | 1243469872533 | 0.23667 | 77.758 | 0 | 782
PACZ | kNN_100 | 72 | 100 | 1231506412074 | 0.139713 | 77.758 | 0 | 419
PACZ | kNN_100 | 73 | 100 | 1208475070926 | 0.245333 | 77.758 | 0 | 539
PACZ | kNN_100 | 74 | 100 | 1226659959144 | 0.162999 | 77.758 | 0 | 455
PACZ | kNN_100 | 75 | 100 | 1060362159048 | 0.353972 | 77.758 | 0 | 996
PACZ | kNN_100 | 76 | 100 | 899939814381 | 0.37233 | 77.758 | 0 | 1105
PACZ | kNN_100 | 77 | 100 | 1263683789922 | 0.326316 | 77.758 | 0 | 1088
PACZ | kNN_100 | 78 | 100 | 296881974570 | 0.171026 | 77.758 | 0 | 647
PACZ | kNN_100 | 79 | 100 | 528687607119 | 0.211 | 77.758 | 0 | 695
PACZ | kNN_100 | 80 | 100 | 1049426600655 | 0.249306 | 77.758 | 0 | 803
PACZ | kNN_100 | 81 | 100 | 693648454947 | 0.0196298 | 77.758 | 0 | 78
PACZ | kNN_100 | 82 | 100 | 1141977870570 | 0.227372 | 77.758 | 0 | 628
PACZ | kNN_100 | 83 | 100 | 1204697306613 | 0.213067 | 77.758 | 0 | 443
PACZ | kNN_100 | 84 | 100 | 1295327275884 | 0.335693 | 77.758 | 0 | 913
PACZ | kNN_100 | 85 | 100 | 596054904843 | 0.169992 | 77.758 | 0 | 518
PACZ | kNN_100 | 86 | 100 | 1123673900052 | 0.241995 | 77.758 | 0 | 718
PACZ | kNN_100 | 87 | 100 | 1056196732962 | 0.156005 | 77.758 | 0 | 582
PACZ | kNN_100 | 88 | 100 | 744805521999 | 0.187318 | 77.758 | 0 | 551
PACZ | kNN_100 | 89 | 100 | 1052008613946 | 0.304381 | 77.758 | 0 | 994
PACZ | kNN_100 | 90 | 100 | 1102293030627 | 0.269334 | 77.758 | 0 | 886
PACZ | kNN_100 | 91 | 100 | 1200685671147 | 0.171979 | 77.758 | 0 | 465
PACZ | kNN_100 | 92 | 100 | 950194328466 | 0.185649 | 77.758 | 0 | 631
PACZ | kNN_100 | 93 | 100 | 1263625933482 | 0.313282 | 77.758 | 0 | 964
PACZ | kNN_100 | 94 | 100 | 1091404004925 | 0.226974 | 77.758 | 0 | 655
PACZ | kNN_100 | 95 | 100 | 965295962373 | 0.139316 | 77.758 | 0 | 450
PACZ | kNN_100 | 96 | 100 | 860613087414 | 0.167052 | 77.758 | 0 | 554
PACZ | kNN_100 | 97 | 100 | 1383853185729 | 0.146627 | 77.758 | 0 | 270
PACZ | kNN_100 | 98 | 100 | 1559031966135 | 0.209967 | 77.758 | 0 | 721
PACZ | kNN_100 | 99 | 100 | 1038083840094 | 0.146389 | 77.758 | 0 | 442
