Algo | QType | QID | Count | Hash | Time_ms | Mem_Tree_MB | Mem_Delta_MB | Nodes
MVQ | Range_Small | 0 | 0 | 0 | 0.000317891 | 60.0576 | 0 | 1
MVQ | Range_Small | 1 | 0 | 0 | 0.000317891 | 60.0576 | 0 | 1
MVQ | Range_Small | 2 | 0 | 0 | 0 | 60.0576 | 0 | 1
MVQ | Range_Small | 3 | 0 | 0 | 0.000317891 | 60.0576 | 0 | 1
MVQ | Range_Small | 4 | 0 | 0 | 0 | 60.0576 | 0 | 1
MVQ | Range_Small | 5 | 0 | 0 | 0 | 60.0576 | 0 | 1
MVQ | Range_Small | 6 | 0 | 0 | 0 | 60.0576 | 0 | 1
MVQ | Range_Small | 7 | 0 | 0 | 0 | 60.0576 | 0 | 1
MVQ | Range_Small | 8 | 0 | 0 | 0 | 60.0576 | 0 | 1
MVQ | Range_Small | 9 | 0 | 0 | 0 | 60.0576 | 0 | 1
MVQ | Range_Small | 10 | 0 | 0 | 0 | 60.0576 | 0 | 1
MVQ | Range_Small | 11 | 0 | 0 | 0 | 60.0576 | 0 | 1
MVQ | Range_Small | 12 | 0 | 0 | 0 | 60.0576 | 0 | 1
MVQ | Range_Small | 13 | 0 | 0 | 0 | 60.0576 | 0 | 1
MVQ | Range_Small | 14 | 0 | 0 | 0 | 60.0576 | 0 | 1
MVQ | Range_Small | 15 | 0 | 0 | 0 | 60.0576 | 0 | 1
MVQ | Range_Small | 16 | 0 | 0 | 0 | 60.0576 | 0 | 1
MVQ | Range_Small | 17 | 0 | 0 | 0 | 60.0576 | 0 | 1
MVQ | Range_Small | 18 | 0 | 0 | 0 | 60.0576 | 0 | 1
MVQ | Range_Small | 19 | 0 | 0 | 0 | 60.0576 | 0 | 1
MVQ | Range_Small | 20 | 0 | 0 | 0 | 60.0576 | 0 | 1
MVQ | Range_Small | 21 | 0 | 0 | 0 | 60.0576 | 0 | 1
MVQ | Range_Small | 22 | 0 | 0 | 0 | 60.0576 | 0 | 1
MVQ | Range_Small | 23 | 0 | 0 | 0 | 60.0576 | 0 | 1
MVQ | Range_Small | 24 | 0 | 0 | 0 | 60.0576 | 0 | 1
MVQ | Range_Small | 25 | 0 | 0 | 0 | 60.0576 | 0 | 1
MVQ | Range_Small | 26 | 0 | 0 | 0 | 60.0576 | 0 | 1
MVQ | Range_Small | 27 | 0 | 0 | 0 | 60.0576 | 0 | 1
MVQ | Range_Small | 28 | 0 | 0 | 0 | 60.0576 | 0 | 1
MVQ | Range_Small | 29 | 0 | 0 | 0 | 60.0576 | 0 | 1
MVQ | Range_Small | 30 | 0 | 0 | 0 | 60.0576 | 0 | 1
MVQ | Range_Small | 31 | 0 | 0 | 0 | 60.0576 | 0 | 1
MVQ | Range_Small | 32 | 0 | 0 | 0 | 60.0576 | 0 | 1
MVQ | Range_Small | 33 | 0 | 0 | 0 | 60.0576 | 0 | 1
MVQ | Range_Small | 34 | 0 | 0 | 0 | 60.0576 | 0 | 1
MVQ | Range_Small | 35 | 0 | 0 | 0 | 60.0576 | 0 | 1
MVQ | Range_Small | 36 | 0 | 0 | 0 | 60.0576 | 0 | 1
MVQ | Range_Small | 37 | 0 | 0 | 0 | 60.0576 | 0 | 1
MVQ | Range_Small | 38 | 0 | 0 | 0.000317891 | 60.0576 | 0 | 1
MVQ | Range_Small | 39 | 0 | 0 | 0 | 60.0576 | 0 | 1
MVQ | Range_Small | 40 | 0 | 0 | 0 | 60.0576 | 0 | 1
MVQ | Range_Small | 41 | 0 | 0 | 0 | 60.0576 | 0 | 1
MVQ | Range_Small | 42 | 0 | 0 | 0 | 60.0576 | 0 | 1
MVQ | Range_Small | 43 | 0 | 0 | 0 | 60.0576 | 0 | 1
MVQ | Range_Small | 44 | 0 | 0 | 0 | 60.0576 | 0 | 1
MVQ | Range_Small | 45 | 0 | 0 | 0 | 60.0576 | 0 | 1
MVQ | Range_Small | 46 | 0 | 0 | 0 | 60.0576 | 0 | 1
MVQ | Range_Small | 47 | 0 | 0 | 0 | 60.0576 | 0 | 1
MVQ | Range_Small | 48 | 0 | 0 | 0 | 60.0576 | 0 | 1
MVQ | Range_Small | 49 | 0 | 0 | 0 | 60.0576 | 0 | 1
MVQ | Range_Small | 50 | 0 | 0 | 0 | 60.0576 | 0 | 1
MVQ | Range_Small | 51 | 0 | 0 | 0 | 60.0576 | 0 | 1
MVQ | Range_Small | 52 | 0 | 0 | 0 | 60.0576 | 0 | 1
MVQ | Range_Small | 53 | 0 | 0 | 0 | 60.0576 | 0 | 1
MVQ | Range_Small | 54 | 0 | 0 | 0 | 60.0576 | 0 | 1
MVQ | Range_Small | 55 | 0 | 0 | 0 | 60.0576 | 0 | 1
MVQ | Range_Small | 56 | 0 | 0 | 0 | 60.0576 | 0 | 1
MVQ | Range_Small | 57 | 0 | 0 | 0 | 60.0576 | 0 | 1
MVQ | Range_Small | 58 | 0 | 0 | 0 | 60.0576 | 0 | 1
MVQ | Range_Small | 59 | 0 | 0 | 0 | 60.0576 | 0 | 1
MVQ | Range_Small | 60 | 0 | 0 | 0 | 60.0576 | 0 | 1
MVQ | Range_Small | 61 | 0 | 0 | 0.000317891 | 60.0576 | 0 | 1
MVQ | Range_Small | 62 | 0 | 0 | 0 | 60.0576 | 0 | 1
MVQ | Range_Small | 63 | 0 | 0 | 0 | 60.0576 | 0 | 1
MVQ | Range_Small | 64 | 0 | 0 | 0 | 60.0576 | 0 | 1
MVQ | Range_Small | 65 | 0 | 0 | 0 | 60.0576 | 0 | 1
MVQ | Range_Small | 66 | 0 | 0 | 0 | 60.0576 | 0 | 1
MVQ | Range_Small | 67 | 0 | 0 | 0 | 60.0576 | 0 | 1
MVQ | Range_Small | 68 | 0 | 0 | 0 | 60.0576 | 0 | 1
MVQ | Range_Small | 69 | 0 | 0 | 0 | 60.0576 | 0 | 1
MVQ | Range_Small | 70 | 0 | 0 | 0 | 60.0576 | 0 | 1
MVQ | Range_Small | 71 | 0 | 0 | 0 | 60.0576 | 0 | 1
MVQ | Range_Small | 72 | 0 | 0 | 0 | 60.0576 | 0 | 1
MVQ | Range_Small | 73 | 0 | 0 | 0 | 60.0576 | 0 | 1
MVQ | Range_Small | 74 | 0 | 0 | 0 | 60.0576 | 0 | 1
MVQ | Range_Small | 75 | 0 | 0 | 0 | 60.0576 | 0 | 1
MVQ | Range_Small | 76 | 0 | 0 | 0 | 60.0576 | 0 | 1
MVQ | Range_Small | 77 | 0 | 0 | 0 | 60.0576 | 0 | 1
MVQ | Range_Small | 78 | 0 | 0 | 0 | 60.0576 | 0 | 1
MVQ | Range_Small | 79 | 0 | 0 | 0 | 60.0576 | 0 | 1
MVQ | Range_Small | 80 | 0 | 0 | 0 | 60.0576 | 0 | 1
MVQ | Range_Small | 81 | 0 | 0 | 0 | 60.0576 | 0 | 1
MVQ | Range_Small | 82 | 0 | 0 | 0 | 60.0576 | 0 | 1
MVQ | Range_Small | 83 | 0 | 0 | 0 | 60.0576 | 0 | 1
MVQ | Range_Small | 84 | 0 | 0 | 0 | 60.0576 | 0 | 1
MVQ | Range_Small | 85 | 0 | 0 | 0 | 60.0576 | 0 | 1
MVQ | Range_Small | 86 | 0 | 0 | 0 | 60.0576 | 0 | 1
MVQ | Range_Small | 87 | 0 | 0 | 0 | 60.0576 | 0 | 1
MVQ | Range_Small | 88 | 0 | 0 | 0 | 60.0576 | 0 | 1
MVQ | Range_Small | 89 | 0 | 0 | 0 | 60.0576 | 0 | 1
MVQ | Range_Small | 90 | 0 | 0 | 0 | 60.0576 | 0 | 1
MVQ | Range_Small | 91 | 0 | 0 | 0 | 60.0576 | 0 | 1
MVQ | Range_Small | 92 | 0 | 0 | 0 | 60.0576 | 0 | 1
MVQ | Range_Small | 93 | 0 | 0 | 0.000317891 | 60.0576 | 0 | 1
MVQ | Range_Small | 94 | 0 | 0 | 0 | 60.0576 | 0 | 1
MVQ | Range_Small | 95 | 0 | 0 | 0 | 60.0576 | 0 | 1
MVQ | Range_Small | 96 | 0 | 0 | 0 | 60.0576 | 0 | 1
MVQ | Range_Small | 97 | 0 | 0 | 0 | 60.0576 | 0 | 1
MVQ | Range_Small | 98 | 0 | 0 | 0 | 60.0576 | 0 | 1
MVQ | Range_Small | 99 | 0 | 0 | 0 | 60.0576 | 0 | 1
MVQ | Range_Medium | 0 | 0 | 0 | 0 | 60.0576 | 0 | 1
MVQ | Range_Medium | 1 | 0 | 0 | 0.000317891 | 60.0576 | 0 | 1
MVQ | Range_Medium | 2 | 0 | 0 | 0 | 60.0576 | 0 | 1
MVQ | Range_Medium | 3 | 0 | 0 | 0 | 60.0576 | 0 | 1
MVQ | Range_Medium | 4 | 0 | 0 | 0 | 60.0576 | 0 | 1
MVQ | Range_Medium | 5 | 0 | 0 | 0 | 60.0576 | 0 | 1
MVQ | Range_Medium | 6 | 0 | 0 | 0 | 60.0576 | 0 | 1
MVQ | Range_Medium | 7 | 0 | 0 | 0 | 60.0576 | 0 | 1
MVQ | Range_Medium | 8 | 0 | 0 | 0 | 60.0576 | 0 | 1
MVQ | Range_Medium | 9 | 0 | 0 | 0 | 60.0576 | 0 | 1
MVQ | Range_Medium | 10 | 0 | 0 | 0 | 60.0576 | 0 | 1
MVQ | Range_Medium | 11 | 0 | 0 | 0 | 60.0576 | 0 | 1
MVQ | Range_Medium | 12 | 0 | 0 | 0 | 60.0576 | 0 | 1
MVQ | Range_Medium | 13 | 0 | 0 | 0 | 60.0576 | 0 | 1
MVQ | Range_Medium | 14 | 0 | 0 | 0 | 60.0576 | 0 | 1
MVQ | Range_Medium | 15 | 0 | 0 | 0 | 60.0576 | 0 | 1
MVQ | Range_Medium | 16 | 0 | 0 | 0 | 60.0576 | 0 | 1
MVQ | Range_Medium | 17 | 0 | 0 | 0 | 60.0576 | 0 | 1
MVQ | Range_Medium | 18 | 0 | 0 | 0 | 60.0576 | 0 | 1
MVQ | Range_Medium | 19 | 0 | 0 | 0 | 60.0576 | 0 | 1
MVQ | Range_Medium | 20 | 0 | 0 | 0 | 60.0576 | 0 | 1
MVQ | Range_Medium | 21 | 0 | 0 | 0 | 60.0576 | 0 | 1
MVQ | Range_Medium | 22 | 0 | 0 | 0 | 60.0576 | 0 | 1
MVQ | Range_Medium | 23 | 0 | 0 | 0 | 60.0576 | 0 | 1
MVQ | Range_Medium | 24 | 0 | 0 | 0.000317891 | 60.0576 | 0 | 1
MVQ | Range_Medium | 25 | 0 | 0 | 0 | 60.0576 | 0 | 1
MVQ | Range_Medium | 26 | 0 | 0 | 0 | 60.0576 | 0 | 1
MVQ | Range_Medium | 27 | 0 | 0 | 0 | 60.0576 | 0 | 1
MVQ | Range_Medium | 28 | 0 | 0 | 0 | 60.0576 | 0 | 1
MVQ | Range_Medium | 29 | 0 | 0 | 0 | 60.0576 | 0 | 1
MVQ | Range_Medium | 30 | 0 | 0 | 0 | 60.0576 | 0 | 1
MVQ | Range_Medium | 31 | 0 | 0 | 0 | 60.0576 | 0 | 1
MVQ | Range_Medium | 32 | 0 | 0 | 0 | 60.0576 | 0 | 1
MVQ | Range_Medium | 33 | 0 | 0 | 0 | 60.0576 | 0 | 1
MVQ | Range_Medium | 34 | 0 | 0 | 0 | 60.0576 | 0 | 1
MVQ | Range_Medium | 35 | 0 | 0 | 0 | 60.0576 | 0 | 1
MVQ | Range_Medium | 36 | 0 | 0 | 0 | 60.0576 | 0 | 1
MVQ | Range_Medium | 37 | 0 | 0 | 0 | 60.0576 | 0 | 1
MVQ | Range_Medium | 38 | 0 | 0 | 0 | 60.0576 | 0 | 1
MVQ | Range_Medium | 39 | 0 | 0 | 0 | 60.0576 | 0 | 1
MVQ | Range_Medium | 40 | 0 | 0 | 0 | 60.0576 | 0 | 1
MVQ | Range_Medium | 41 | 0 | 0 | 0 | 60.0576 | 0 | 1
MVQ | Range_Medium | 42 | 0 | 0 | 0 | 60.0576 | 0 | 1
MVQ | Range_Medium | 43 | 0 | 0 | 0 | 60.0576 | 0 | 1
MVQ | Range_Medium | 44 | 0 | 0 | 0 | 60.0576 | 0 | 1
MVQ | Range_Medium | 45 | 0 | 0 | 0 | 60.0576 | 0 | 1
MVQ | Range_Medium | 46 | 0 | 0 | 0 | 60.0576 | 0 | 1
MVQ | Range_Medium | 47 | 0 | 0 | 0 | 60.0576 | 0 | 1
MVQ | Range_Medium | 48 | 0 | 0 | 0 | 60.0576 | 0 | 1
MVQ | Range_Medium | 49 | 0 | 0 | 0 | 60.0576 | 0 | 1
MVQ | Range_Medium | 50 | 0 | 0 | 0.000317891 | 60.0576 | 0 | 1
MVQ | Range_Medium | 51 | 0 | 0 | 0 | 60.0576 | 0 | 1
MVQ | Range_Medium | 52 | 0 | 0 | 0 | 60.0576 | 0 | 1
MVQ | Range_Medium | 53 | 0 | 0 | 0.000397364 | 60.0576 | 0 | 1
MVQ | Range_Medium | 54 | 0 | 0 | 0 | 60.0576 | 0 | 1
MVQ | Range_Medium | 55 | 0 | 0 | 0 | 60.0576 | 0 | 1
MVQ | Range_Medium | 56 | 0 | 0 | 0 | 60.0576 | 0 | 1
MVQ | Range_Medium | 57 | 0 | 0 | 0 | 60.0576 | 0 | 1
MVQ | Range_Medium | 58 | 0 | 0 | 0 | 60.0576 | 0 | 1
MVQ | Range_Medium | 59 | 0 | 0 | 0 | 60.0576 | 0 | 1
MVQ | Range_Medium | 60 | 0 | 0 | 0 | 60.0576 | 0 | 1
MVQ | Range_Medium | 61 | 0 | 0 | 0 | 60.0576 | 0 | 1
MVQ | Range_Medium | 62 | 0 | 0 | 0 | 60.0576 | 0 | 1
MVQ | Range_Medium | 63 | 0 | 0 | 0 | 60.0576 | 0 | 1
MVQ | Range_Medium | 64 | 0 | 0 | 0 | 60.0576 | 0 | 1
MVQ | Range_Medium | 65 | 0 | 0 | 0 | 60.0576 | 0 | 1
MVQ | Range_Medium | 66 | 0 | 0 | 0 | 60.0576 | 0 | 1
MVQ | Range_Medium | 67 | 0 | 0 | 0 | 60.0576 | 0 | 1
MVQ | Range_Medium | 68 | 0 | 0 | 0 | 60.0576 | 0 | 1
MVQ | Range_Medium | 69 | 0 | 0 | 0 | 60.0576 | 0 | 1
MVQ | Range_Medium | 70 | 0 | 0 | 0 | 60.0576 | 0 | 1
MVQ | Range_Medium | 71 | 0 | 0 | 0 | 60.0576 | 0 | 1
MVQ | Range_Medium | 72 | 0 | 0 | 0 | 60.0576 | 0 | 1
MVQ | Range_Medium | 73 | 0 | 0 | 0.000317891 | 60.0576 | 0 | 1
MVQ | Range_Medium | 74 | 0 | 0 | 0 | 60.0576 | 0 | 1
MVQ | Range_Medium | 75 | 0 | 0 | 0 | 60.0576 | 0 | 1
MVQ | Range_Medium | 76 | 0 | 0 | 0 | 60.0576 | 0 | 1
MVQ | Range_Medium | 77 | 0 | 0 | 0 | 60.0576 | 0 | 1
MVQ | Range_Medium | 78 | 0 | 0 | 0 | 60.0576 | 0 | 1
MVQ | Range_Medium | 79 | 0 | 0 | 0 | 60.0576 | 0 | 1
MVQ | Range_Medium | 80 | 0 | 0 | 0 | 60.0576 | 0 | 1
MVQ | Range_Medium | 81 | 0 | 0 | 0 | 60.0576 | 0 | 1
MVQ | Range_Medium | 82 | 0 | 0 | 0 | 60.0576 | 0 | 1
MVQ | Range_Medium | 83 | 0 | 0 | 0 | 60.0576 | 0 | 1
MVQ | Range_Medium | 84 | 0 | 0 | 0 | 60.0576 | 0 | 1
MVQ | Range_Medium | 85 | 0 | 0 | 0 | 60.0576 | 0 | 1
MVQ | Range_Medium | 86 | 0 | 0 | 0 | 60.0576 | 0 | 1
MVQ | Range_Medium | 87 | 0 | 0 | 0.000397364 | 60.0576 | 0 | 1
MVQ | Range_Medium | 88 | 0 | 0 | 0 | 60.0576 | 0 | 1
MVQ | Range_Medium | 89 | 0 | 0 | 0 | 60.0576 | 0 | 1
MVQ | Range_Medium | 90 | 0 | 0 | 0 | 60.0576 | 0 | 1
MVQ | Range_Medium | 91 | 0 | 0 | 0 | 60.0576 | 0 | 1
MVQ | Range_Medium | 92 | 0 | 0 | 0 | 60.0576 | 0 | 1
MVQ | Range_Medium | 93 | 0 | 0 | 0 | 60.0576 | 0 | 1
MVQ | Range_Medium | 94 | 0 | 0 | 0 | 60.0576 | 0 | 1
MVQ | Range_Medium | 95 | 0 | 0 | 0 | 60.0576 | 0 | 1
MVQ | Range_Medium | 96 | 0 | 0 | 0 | 60.0576 | 0 | 1
MVQ | Range_Medium | 97 | 0 | 0 | 0 | 60.0576 | 0 | 1
MVQ | Range_Medium | 98 | 0 | 0 | 0 | 60.0576 | 0 | 1
MVQ | Range_Medium | 99 | 0 | 0 | 0 | 60.0576 | 0 | 1
MVQ | Range_Large | 0 | 0 | 0 | 0 | 60.0576 | 0 | 1
MVQ | Range_Large | 1 | 0 | 0 | 0.000317891 | 60.0576 | 0 | 1
MVQ | Range_Large | 2 | 0 | 0 | 0 | 60.0576 | 0 | 1
MVQ | Range_Large | 3 | 0 | 0 | 0 | 60.0576 | 0 | 1
MVQ | Range_Large | 4 | 0 | 0 | 0 | 60.0576 | 0 | 1
MVQ | Range_Large | 5 | 0 | 0 | 0 | 60.0576 | 0 | 1
MVQ | Range_Large | 6 | 0 | 0 | 0 | 60.0576 | 0 | 1
MVQ | Range_Large | 7 | 0 | 0 | 0 | 60.0576 | 0 | 1
MVQ | Range_Large | 8 | 0 | 0 | 0 | 60.0576 | 0 | 1
MVQ | Range_Large | 9 | 0 | 0 | 0 | 60.0576 | 0 | 1
MVQ | Range_Large | 10 | 0 | 0 | 0 | 60.0576 | 0 | 1
MVQ | Range_Large | 11 | 0 | 0 | 0 | 60.0576 | 0 | 1
MVQ | Range_Large | 12 | 0 | 0 | 0 | 60.0576 | 0 | 1
MVQ | Range_Large | 13 | 0 | 0 | 0 | 60.0576 | 0 | 1
MVQ | Range_Large | 14 | 0 | 0 | 0 | 60.0576 | 0 | 1
MVQ | Range_Large | 15 | 0 | 0 | 0 | 60.0576 | 0 | 1
MVQ | Range_Large | 16 | 0 | 0 | 0 | 60.0576 | 0 | 1
MVQ | Range_Large | 17 | 0 | 0 | 0 | 60.0576 | 0 | 1
MVQ | Range_Large | 18 | 0 | 0 | 0.000317891 | 60.0576 | 0 | 1
MVQ | Range_Large | 19 | 0 | 0 | 0 | 60.0576 | 0 | 1
MVQ | Range_Large | 20 | 0 | 0 | 0 | 60.0576 | 0 | 1
MVQ | Range_Large | 21 | 0 | 0 | 0 | 60.0576 | 0 | 1
MVQ | Range_Large | 22 | 0 | 0 | 0 | 60.0576 | 0 | 1
MVQ | Range_Large | 23 | 0 | 0 | 0 | 60.0576 | 0 | 1
MVQ | Range_Large | 24 | 0 | 0 | 0 | 60.0576 | 0 | 1
MVQ | Range_Large | 25 | 0 | 0 | 0 | 60.0576 | 0 | 1
MVQ | Range_Large | 26 | 0 | 0 | 0 | 60.0576 | 0 | 1
MVQ | Range_Large | 27 | 0 | 0 | 0 | 60.0576 | 0 | 1
MVQ | Range_Large | 28 | 0 | 0 | 0 | 60.0576 | 0 | 1
MVQ | Range_Large | 29 | 0 | 0 | 0 | 60.0576 | 0 | 1
MVQ | Range_Large | 30 | 0 | 0 | 0 | 60.0576 | 0 | 1
MVQ | Range_Large | 31 | 0 | 0 | 0 | 60.0576 | 0 | 1
MVQ | Range_Large | 32 | 0 | 0 | 0 | 60.0576 | 0 | 1
MVQ | Range_Large | 33 | 0 | 0 | 0 | 60.0576 | 0 | 1
MVQ | Range_Large | 34 | 0 | 0 | 0 | 60.0576 | 0 | 1
MVQ | Range_Large | 35 | 0 | 0 | 0 | 60.0576 | 0 | 1
MVQ | Range_Large | 36 | 0 | 0 | 0 | 60.0576 | 0 | 1
MVQ | Range_Large | 37 | 0 | 0 | 0 | 60.0576 | 0 | 1
MVQ | Range_Large | 38 | 0 | 0 | 0 | 60.0576 | 0 | 1
MVQ | Range_Large | 39 | 0 | 0 | 0 | 60.0576 | 0 | 1
MVQ | Range_Large | 40 | 0 | 0 | 0 | 60.0576 | 0 | 1
MVQ | Range_Large | 41 | 0 | 0 | 0 | 60.0576 | 0 | 1
MVQ | Range_Large | 42 | 0 | 0 | 0 | 60.0576 | 0 | 1
MVQ | Range_Large | 43 | 0 | 0 | 0 | 60.0576 | 0 | 1
MVQ | Range_Large | 44 | 0 | 0 | 0.000397364 | 60.0576 | 0 | 1
MVQ | Range_Large | 45 | 0 | 0 | 0 | 60.0576 | 0 | 1
MVQ | Range_Large | 46 | 0 | 0 | 0 | 60.0576 | 0 | 1
MVQ | Range_Large | 47 | 0 | 0 | 0 | 60.0576 | 0 | 1
MVQ | Range_Large | 48 | 0 | 0 | 0 | 60.0576 | 0 | 1
MVQ | Range_Large | 49 | 0 | 0 | 0 | 60.0576 | 0 | 1
MVQ | Range_Large | 50 | 0 | 0 | 0 | 60.0576 | 0 | 1
MVQ | Range_Large | 51 | 0 | 0 | 0 | 60.0576 | 0 | 1
MVQ | Range_Large | 52 | 0 | 0 | 0 | 60.0576 | 0 | 1
MVQ | Range_Large | 53 | 0 | 0 | 0 | 60.0576 | 0 | 1
MVQ | Range_Large | 54 | 0 | 0 | 0 | 60.0576 | 0 | 1
MVQ | Range_Large | 55 | 0 | 0 | 0 | 60.0576 | 0 | 1
MVQ | Range_Large | 56 | 0 | 0 | 0 | 60.0576 | 0 | 1
MVQ | Range_Large | 57 | 0 | 0 | 0 | 60.0576 | 0 | 1
MVQ | Range_Large | 58 | 0 | 0 | 0 | 60.0576 | 0 | 1
MVQ | Range_Large | 59 | 0 | 0 | 0 | 60.0576 | 0 | 1
MVQ | Range_Large | 60 | 0 | 0 | 0 | 60.0576 | 0 | 1
MVQ | Range_Large | 61 | 0 | 0 | 0 | 60.0576 | 0 | 1
MVQ | Range_Large | 62 | 0 | 0 | 0 | 60.0576 | 0 | 1
MVQ | Range_Large | 63 | 0 | 0 | 0 | 60.0576 | 0 | 1
MVQ | Range_Large | 64 | 0 | 0 | 0 | 60.0576 | 0 | 1
MVQ | Range_Large | 65 | 0 | 0 | 0 | 60.0576 | 0 | 1
MVQ | Range_Large | 66 | 0 | 0 | 0 | 60.0576 | 0 | 1
MVQ | Range_Large | 67 | 0 | 0 | 0 | 60.0576 | 0 | 1
MVQ | Range_Large | 68 | 0 | 0 | 0 | 60.0576 | 0 | 1
MVQ | Range_Large | 69 | 0 | 0 | 0 | 60.0576 | 0 | 1
MVQ | Range_Large | 70 | 0 | 0 | 0 | 60.0576 | 0 | 1
MVQ | Range_Large | 71 | 0 | 0 | 0 | 60.0576 | 0 | 1
MVQ | Range_Large | 72 | 0 | 0 | 0 | 60.0576 | 0 | 1
MVQ | Range_Large | 73 | 0 | 0 | 0 | 60.0576 | 0 | 1
MVQ | Range_Large | 74 | 0 | 0 | 0 | 60.0576 | 0 | 1
MVQ | Range_Large | 75 | 0 | 0 | 0 | 60.0576 | 0 | 1
MVQ | Range_Large | 76 | 0 | 0 | 0.000317891 | 60.0576 | 0 | 1
MVQ | Range_Large | 77 | 0 | 0 | 0 | 60.0576 | 0 | 1
MVQ | Range_Large | 78 | 0 | 0 | 0 | 60.0576 | 0 | 1
MVQ | Range_Large | 79 | 0 | 0 | 0 | 60.0576 | 0 | 1
MVQ | Range_Large | 80 | 0 | 0 | 0 | 60.0576 | 0 | 1
MVQ | Range_Large | 81 | 0 | 0 | 0 | 60.0576 | 0 | 1
MVQ | Range_Large | 82 | 0 | 0 | 0 | 60.0576 | 0 | 1
MVQ | Range_Large | 83 | 0 | 0 | 0 | 60.0576 | 0 | 1
MVQ | Range_Large | 84 | 0 | 0 | 0 | 60.0576 | 0 | 1
MVQ | Range_Large | 85 | 0 | 0 | 0 | 60.0576 | 0 | 1
MVQ | Range_Large | 86 | 0 | 0 | 0 | 60.0576 | 0 | 1
MVQ | Range_Large | 87 | 0 | 0 | 0 | 60.0576 | 0 | 1
MVQ | Range_Large | 88 | 0 | 0 | 0 | 60.0576 | 0 | 1
MVQ | Range_Large | 89 | 0 | 0 | 0 | 60.0576 | 0 | 1
MVQ | Range_Large | 90 | 0 | 0 | 0 | 60.0576 | 0 | 1
MVQ | Range_Large | 91 | 0 | 0 | 0 | 60.0576 | 0 | 1
MVQ | Range_Large | 92 | 0 | 0 | 0 | 60.0576 | 0 | 1
MVQ | Range_Large | 93 | 0 | 0 | 0 | 60.0576 | 0 | 1
MVQ | Range_Large | 94 | 0 | 0 | 0 | 60.0576 | 0 | 1
MVQ | Range_Large | 95 | 0 | 0 | 0 | 60.0576 | 0 | 1
MVQ | Range_Large | 96 | 0 | 0 | 0 | 60.0576 | 0 | 1
MVQ | Range_Large | 97 | 0 | 0 | 0 | 60.0576 | 0 | 1
MVQ | Range_Large | 98 | 0 | 0 | 0 | 60.0576 | 0 | 1
MVQ | Range_Large | 99 | 0 | 0 | 0 | 60.0576 | 0 | 1
MVQ | kNN_10 | 0 | 10 | 139852478283 | 0.00230471 | 60.0576 | 0 | 19
MVQ | kNN_10 | 1 | 10 | 139852478283 | 0.000953674 | 60.0576 | 0 | 19
MVQ | kNN_10 | 2 | 10 | 139852478283 | 0.000953674 | 60.0576 | 0 | 19
MVQ | kNN_10 | 3 | 10 | 139852478283 | 0.000635783 | 60.0576 | 0 | 19
MVQ | kNN_10 | 4 | 10 | 139852478283 | 0.00103315 | 60.0576 | 0 | 19
MVQ | kNN_10 | 5 | 10 | 139852478283 | 0.000715256 | 60.0576 | 0 | 19
MVQ | kNN_10 | 6 | 10 | 139852478283 | 0.00103315 | 60.0576 | 0 | 19
MVQ | kNN_10 | 7 | 10 | 139852478283 | 0.000953674 | 60.0576 | 0 | 19
MVQ | kNN_10 | 8 | 10 | 139852478283 | 0.000953674 | 60.0576 | 0 | 19
MVQ | kNN_10 | 9 | 10 | 139852478283 | 0.000953674 | 60.0576 | 0 | 19
MVQ | kNN_10 | 10 | 10 | 139852478283 | 0.00103315 | 60.0576 | 0 | 19
MVQ | kNN_10 | 11 | 10 | 139852478283 | 0.00103315 | 60.0576 | 0 | 19
MVQ | kNN_10 | 12 | 10 | 139852478283 | 0.00103315 | 60.0576 | 0 | 19
MVQ | kNN_10 | 13 | 10 | 139852478283 | 0.00103315 | 60.0576 | 0 | 19
MVQ | kNN_10 | 14 | 10 | 139852478283 | 0.000953674 | 60.0576 | 0 | 19
MVQ | kNN_10 | 15 | 10 | 139852478283 | 0.00103315 | 60.0576 | 0 | 19
MVQ | kNN_10 | 16 | 10 | 139852478283 | 0.00103315 | 60.0576 | 0 | 19
MVQ | kNN_10 | 17 | 10 | 139852478283 | 0.00103315 | 60.0576 | 0 | 19
MVQ | kNN_10 | 18 | 10 | 139852478283 | 0.00103315 | 60.0576 | 0 | 19
MVQ | kNN_10 | 19 | 10 | 139852478283 | 0.000635783 | 60.0576 | 0 | 19
MVQ | kNN_10 | 20 | 10 | 139852478283 | 0.000953674 | 60.0576 | 0 | 19
MVQ | kNN_10 | 21 | 10 | 139852478283 | 0.000953674 | 60.0576 | 0 | 19
MVQ | kNN_10 | 22 | 10 | 139852478283 | 0.00103315 | 60.0576 | 0 | 19
MVQ | kNN_10 | 23 | 10 | 139852478283 | 0.000715256 | 60.0576 | 0 | 19
MVQ | kNN_10 | 24 | 10 | 139852478283 | 0.00103315 | 60.0576 | 0 | 19
MVQ | kNN_10 | 25 | 10 | 139852478283 | 0.000953674 | 60.0576 | 0 | 19
MVQ | kNN_10 | 26 | 10 | 139852478283 | 0.000953674 | 60.0576 | 0 | 19
MVQ | kNN_10 | 27 | 10 | 139852478283 | 0.000635783 | 60.0576 | 0 | 19
MVQ | kNN_10 | 28 | 10 | 139852478283 | 0.00103315 | 60.0576 | 0 | 19
MVQ | kNN_10 | 29 | 10 | 139852478283 | 0.00103315 | 60.0576 | 0 | 19
MVQ | kNN_10 | 30 | 10 | 139852478283 | 0.00103315 | 60.0576 | 0 | 19
MVQ | kNN_10 | 31 | 10 | 139852478283 | 0.000635783 | 60.0576 | 0 | 19
MVQ | kNN_10 | 32 | 10 | 139852478283 | 0.00460943 | 60.0576 | 0 | 19
MVQ | kNN_10 | 33 | 10 | 139852478283 | 0.000953674 | 60.0576 | 0 | 19
MVQ | kNN_10 | 34 | 10 | 139852478283 | 0.000953674 | 60.0576 | 0 | 19
MVQ | kNN_10 | 35 | 10 | 139852478283 | 0.00103315 | 60.0576 | 0 | 19
MVQ | kNN_10 | 36 | 10 | 139852478283 | 0.00103315 | 60.0576 | 0 | 19
MVQ | kNN_10 | 37 | 10 | 139852478283 | 0.00103315 | 60.0576 | 0 | 19
MVQ | kNN_10 | 38 | 10 | 139852478283 | 0.000953674 | 60.0576 | 0 | 19
MVQ | kNN_10 | 39 | 10 | 139852478283 | 0.000953674 | 60.0576 | 0 | 19
MVQ | kNN_10 | 40 | 10 | 139852478283 | 0.00103315 | 60.0576 | 0 | 19
MVQ | kNN_10 | 41 | 10 | 139852478283 | 0.00103315 | 60.0576 | 0 | 19
MVQ | kNN_10 | 42 | 10 | 139852478283 | 0.00103315 | 60.0576 | 0 | 19
MVQ | kNN_10 | 43 | 10 | 139852478283 | 0.00103315 | 60.0576 | 0 | 19
MVQ | kNN_10 | 44 | 10 | 139852478283 | 0.000953674 | 60.0576 | 0 | 19
MVQ | kNN_10 | 45 | 10 | 139852478283 | 0.000635783 | 60.0576 | 0 | 19
MVQ | kNN_10 | 46 | 10 | 139852478283 | 0.00103315 | 60.0576 | 0 | 19
MVQ | kNN_10 | 47 | 10 | 139852478283 | 0.00103315 | 60.0576 | 0 | 19
MVQ | kNN_10 | 48 | 10 | 139852478283 | 0.00103315 | 60.0576 | 0 | 19
MVQ | kNN_10 | 49 | 10 | 139852478283 | 0.000635783 | 60.0576 | 0 | 19
MVQ | kNN_10 | 50 | 10 | 139852478283 | 0.000953674 | 60.0576 | 0 | 19
MVQ | kNN_10 | 51 | 10 | 139852478283 | 0.000953674 | 60.0576 | 0 | 19
MVQ | kNN_10 | 52 | 10 | 139852478283 | 0.00103315 | 60.0576 | 0 | 19
MVQ | kNN_10 | 53 | 10 | 139852478283 | 0.000715256 | 60.0576 | 0 | 19
MVQ | kNN_10 | 54 | 10 | 139852478283 | 0.00103315 | 60.0576 | 0 | 19
MVQ | kNN_10 | 55 | 10 | 139852478283 | 0.000953674 | 60.0576 | 0 | 19
MVQ | kNN_10 | 56 | 10 | 139852478283 | 0.000953674 | 60.0576 | 0 | 19
MVQ | kNN_10 | 57 | 10 | 139852478283 | 0.000953674 | 60.0576 | 0 | 19
MVQ | kNN_10 | 58 | 10 | 139852478283 | 0.00103315 | 60.0576 | 0 | 19
MVQ | kNN_10 | 59 | 10 | 139852478283 | 0.00103315 | 60.0576 | 0 | 19
MVQ | kNN_10 | 60 | 10 | 139852478283 | 0.000715256 | 60.0576 | 0 | 19
MVQ | kNN_10 | 61 | 10 | 139852478283 | 0.000953674 | 60.0576 | 0 | 19
MVQ | kNN_10 | 62 | 10 | 139852478283 | 0.000953674 | 60.0576 | 0 | 19
MVQ | kNN_10 | 63 | 10 | 139852478283 | 0.000635783 | 60.0576 | 0 | 19
MVQ | kNN_10 | 64 | 10 | 139852478283 | 0.00103315 | 60.0576 | 0 | 19
MVQ | kNN_10 | 65 | 10 | 139852478283 | 0.00103315 | 60.0576 | 0 | 19
MVQ | kNN_10 | 66 | 10 | 139852478283 | 0.00103315 | 60.0576 | 0 | 19
MVQ | kNN_10 | 67 | 10 | 139852478283 | 0.000635783 | 60.0576 | 0 | 19
MVQ | kNN_10 | 68 | 10 | 139852478283 | 0.000953674 | 60.0576 | 0 | 19
MVQ | kNN_10 | 69 | 10 | 139852478283 | 0.000953674 | 60.0576 | 0 | 19
MVQ | kNN_10 | 70 | 10 | 139852478283 | 0.00103315 | 60.0576 | 0 | 19
MVQ | kNN_10 | 71 | 10 | 139852478283 | 0.00103315 | 60.0576 | 0 | 19
MVQ | kNN_10 | 72 | 10 | 139852478283 | 0.00103315 | 60.0576 | 0 | 19
MVQ | kNN_10 | 73 | 10 | 139852478283 | 0.000953674 | 60.0576 | 0 | 19
MVQ | kNN_10 | 74 | 10 | 139852478283 | 0.000953674 | 60.0576 | 0 | 19
MVQ | kNN_10 | 75 | 10 | 139852478283 | 0.000953674 | 60.0576 | 0 | 19
MVQ | kNN_10 | 76 | 10 | 139852478283 | 0.00103315 | 60.0576 | 0 | 19
MVQ | kNN_10 | 77 | 10 | 139852478283 | 0.000715256 | 60.0576 | 0 | 19
MVQ | kNN_10 | 78 | 10 | 139852478283 | 0.00103315 | 60.0576 | 0 | 19
MVQ | kNN_10 | 79 | 10 | 139852478283 | 0.000953674 | 60.0576 | 0 | 19
MVQ | kNN_10 | 80 | 10 | 139852478283 | 0.000953674 | 60.0576 | 0 | 19
MVQ | kNN_10 | 81 | 10 | 139852478283 | 0.00103315 | 60.0576 | 0 | 19
MVQ | kNN_10 | 82 | 10 | 139852478283 | 0.00103315 | 60.0576 | 0 | 19
MVQ | kNN_10 | 83 | 10 | 139852478283 | 0.00103315 | 60.0576 | 0 | 19
MVQ | kNN_10 | 84 | 10 | 139852478283 | 0.00103315 | 60.0576 | 0 | 19
MVQ | kNN_10 | 85 | 10 | 139852478283 | 0.000635783 | 60.0576 | 0 | 19
MVQ | kNN_10 | 86 | 10 | 139852478283 | 0.000953674 | 60.0576 | 0 | 19
MVQ | kNN_10 | 87 | 10 | 139852478283 | 0.00103315 | 60.0576 | 0 | 19
MVQ | kNN_10 | 88 | 10 | 139852478283 | 0.00103315 | 60.0576 | 0 | 19
MVQ | kNN_10 | 89 | 10 | 139852478283 | 0.00103315 | 60.0576 | 0 | 19
MVQ | kNN_10 | 90 | 10 | 139852478283 | 0.00103315 | 60.0576 | 0 | 19
MVQ | kNN_10 | 91 | 10 | 139852478283 | 0.000953674 | 60.0576 | 0 | 19
MVQ | kNN_10 | 92 | 10 | 139852478283 | 0.000953674 | 60.0576 | 0 | 19
MVQ | kNN_10 | 93 | 10 | 139852478283 | 0.00103315 | 60.0576 | 0 | 19
MVQ | kNN_10 | 94 | 10 | 139852478283 | 0.000715256 | 60.0576 | 0 | 19
MVQ | kNN_10 | 95 | 10 | 139852478283 | 0.00103315 | 60.0576 | 0 | 19
MVQ | kNN_10 | 96 | 10 | 139852478283 | 0.000953674 | 60.0576 | 0 | 19
MVQ | kNN_10 | 97 | 10 | 139852478283 | 0.000953674 | 60.0576 | 0 | 19
MVQ | kNN_10 | 98 | 10 | 139852478283 | 0.000635783 | 60.0576 | 0 | 19
MVQ | kNN_10 | 99 | 10 | 139852478283 | 0.00103315 | 60.0576 | 0 | 19
MVQ | kNN_100 | 0 | 100 | 1159607106477 | 0.00699361 | 60.0576 | 0 | 29
MVQ | kNN_100 | 1 | 100 | 1159607106477 | 0.00564257 | 60.0576 | 0 | 29
MVQ | kNN_100 | 2 | 100 | 1159607106477 | 0.00500679 | 60.0576 | 0 | 29
MVQ | kNN_100 | 3 | 100 | 1159607106477 | 0.00437101 | 60.0576 | 0 | 29
MVQ | kNN_100 | 4 | 100 | 1159607106477 | 0.0046889 | 60.0576 | 0 | 29
MVQ | kNN_100 | 5 | 100 | 1159607106477 | 0.0046889 | 60.0576 | 0 | 29
MVQ | kNN_100 | 6 | 100 | 1159607106477 | 0.00437101 | 60.0576 | 0 | 29
MVQ | kNN_100 | 7 | 100 | 1159607106477 | 0.00532468 | 60.0576 | 0 | 29
MVQ | kNN_100 | 8 | 100 | 1159607106477 | 0.00437101 | 60.0576 | 0 | 29
MVQ | kNN_100 | 9 | 100 | 1159607106477 | 0.00572205 | 60.0576 | 0 | 29
MVQ | kNN_100 | 10 | 100 | 1159607106477 | 0.0046889 | 60.0576 | 0 | 29
MVQ | kNN_100 | 11 | 100 | 1159607106477 | 0.00429153 | 60.0576 | 0 | 29
MVQ | kNN_100 | 12 | 100 | 1159607106477 | 0.00429153 | 60.0576 | 0 | 29
MVQ | kNN_100 | 13 | 100 | 1159607106477 | 0.00460943 | 60.0576 | 0 | 29
MVQ | kNN_100 | 14 | 100 | 1159607106477 | 0.0046889 | 60.0576 | 0 | 29
MVQ | kNN_100 | 15 | 100 | 1159607106477 | 0.00429153 | 60.0576 | 0 | 29
MVQ | kNN_100 | 16 | 100 | 1159607106477 | 0.00429153 | 60.0576 | 0 | 29
MVQ | kNN_100 | 17 | 100 | 1159607106477 | 0.00429153 | 60.0576 | 0 | 29
MVQ | kNN_100 | 18 | 100 | 1159607106477 | 0.00500679 | 60.0576 | 0 | 29
MVQ | kNN_100 | 19 | 100 | 1159607106477 | 0.00437101 | 60.0576 | 0 | 29
MVQ | kNN_100 | 20 | 100 | 1159607106477 | 0.0046889 | 60.0576 | 0 | 29
MVQ | kNN_100 | 21 | 100 | 1159607106477 | 0.0046889 | 60.0576 | 0 | 29
MVQ | kNN_100 | 22 | 100 | 1159607106477 | 0.0046889 | 60.0576 | 0 | 29
MVQ | kNN_100 | 23 | 100 | 1159607106477 | 0.0046889 | 60.0576 | 0 | 29
MVQ | kNN_100 | 24 | 100 | 1159607106477 | 0.00429153 | 60.0576 | 0 | 29
MVQ | kNN_100 | 25 | 100 | 1159607106477 | 0.00429153 | 60.0576 | 0 | 29
MVQ | kNN_100 | 26 | 100 | 1159607106477 | 0.00429153 | 60.0576 | 0 | 29
MVQ | kNN_100 | 27 | 100 | 1159607106477 | 0.00429153 | 60.0576 | 0 | 29
MVQ | kNN_100 | 28 | 100 | 1159607106477 | 0.00437101 | 60.0576 | 0 | 29
MVQ | kNN_100 | 29 | 100 | 1159607106477 | 0.00437101 | 60.0576 | 0 | 29
MVQ | kNN_100 | 30 | 100 | 1159607106477 | 0.00429153 | 60.0576 | 0 | 29
MVQ | kNN_100 | 31 | 100 | 1159607106477 | 0.00429153 | 60.0576 | 0 | 29
MVQ | kNN_100 | 32 | 100 | 1159607106477 | 0.00492732 | 60.0576 | 0 | 29
MVQ | kNN_100 | 33 | 100 | 1159607106477 | 0.00460943 | 60.0576 | 0 | 29
MVQ | kNN_100 | 34 | 100 | 1159607106477 | 0.00429153 | 60.0576 | 0 | 29
MVQ | kNN_100 | 35 | 100 | 1159607106477 | 0.00429153 | 60.0576 | 0 | 29
MVQ | kNN_100 | 36 | 100 | 1159607106477 | 0.00437101 | 60.0576 | 0 | 29
MVQ | kNN_100 | 37 | 100 | 1159607106477 | 0.00437101 | 60.0576 | 0 | 29
MVQ | kNN_100 | 38 | 100 | 1159607106477 | 0.00437101 | 60.0576 | 0 | 29
MVQ | kNN_100 | 39 | 100 | 1159607106477 | 0.0046889 | 60.0576 | 0 | 29
MVQ | kNN_100 | 40 | 100 | 1159607106477 | 0.00596046 | 60.0576 | 0 | 29
MVQ | kNN_100 | 41 | 100 | 1159607106477 | 0.00460943 | 60.0576 | 0 | 29
MVQ | kNN_100 | 42 | 100 | 1159607106477 | 0.0046889 | 60.0576 | 0 | 29
MVQ | kNN_100 | 43 | 100 | 1159607106477 | 0.0046889 | 60.0576 | 0 | 29
MVQ | kNN_100 | 44 | 100 | 1159607106477 | 0.0046889 | 60.0576 | 0 | 29
MVQ | kNN_100 | 45 | 100 | 1159607106477 | 0.00437101 | 60.0576 | 0 | 29
MVQ | kNN_100 | 46 | 100 | 1159607106477 | 0.00437101 | 60.0576 | 0 | 29
MVQ | kNN_100 | 47 | 100 | 1159607106477 | 0.00564257 | 60.0576 | 0 | 29
MVQ | kNN_100 | 48 | 100 | 1159607106477 | 0.0046889 | 60.0576 | 0 | 29
MVQ | kNN_100 | 49 | 100 | 1159607106477 | 0.00460943 | 60.0576 | 0 | 29
MVQ | kNN_100 | 50 | 100 | 1159607106477 | 0.00460943 | 60.0576 | 0 | 29
MVQ | kNN_100 | 51 | 100 | 1159607106477 | 0.00460943 | 60.0576 | 0 | 29
MVQ | kNN_100 | 52 | 100 | 1159607106477 | 0.00437101 | 60.0576 | 0 | 29
MVQ | kNN_100 | 53 | 100 | 1159607106477 | 0.00969569 | 60.0576 | 0 | 29
MVQ | kNN_100 | 54 | 100 | 1159607106477 | 0.00437101 | 60.0576 | 0 | 29
MVQ | kNN_100 | 55 | 100 | 1159607106477 | 0.0046889 | 60.0576 | 0 | 29
MVQ | kNN_100 | 56 | 100 | 1159607106477 | 0.00437101 | 60.0576 | 0 | 29
MVQ | kNN_100 | 57 | 100 | 1159607106477 | 0.00500679 | 60.0576 | 0 | 29
MVQ | kNN_100 | 58 | 100 | 1159607106477 | 0.00437101 | 60.0576 | 0 | 29
MVQ | kNN_100 | 59 | 100 | 1159607106477 | 0.0046889 | 60.0576 | 0 | 29
MVQ | kNN_100 | 60 | 100 | 1159607106477 | 0.00500679 | 60.0576 | 0 | 29
MVQ | kNN_100 | 61 | 100 | 1159607106477 | 0.00500679 | 60.0576 | 0 | 29
MVQ | kNN_100 | 62 | 100 | 1159607106477 | 0.00429153 | 60.0576 | 0 | 29
MVQ | kNN_100 | 63 | 100 | 1159607106477 | 0.00429153 | 60.0576 | 0 | 29
MVQ | kNN_100 | 64 | 100 | 1159607106477 | 0.00429153 | 60.0576 | 0 | 29
MVQ | kNN_100 | 65 | 100 | 1159607106477 | 0.00460943 | 60.0576 | 0 | 29
MVQ | kNN_100 | 66 | 100 | 1159607106477 | 0.00532468 | 60.0576 | 0 | 29
MVQ | kNN_100 | 67 | 100 | 1159607106477 | 0.0046889 | 60.0576 | 0 | 29
MVQ | kNN_100 | 68 | 100 | 1159607106477 | 0.00429153 | 60.0576 | 0 | 29
MVQ | kNN_100 | 69 | 100 | 1159607106477 | 0.00898043 | 60.0576 | 0 | 29
MVQ | kNN_100 | 70 | 100 | 1159607106477 | 0.00500679 | 60.0576 | 0 | 29
MVQ | kNN_100 | 71 | 100 | 1159607106477 | 0.00866254 | 60.0576 | 0 | 29
MVQ | kNN_100 | 72 | 100 | 1159607106477 | 0.00532468 | 60.0576 | 0 | 29
MVQ | kNN_100 | 73 | 100 | 1159607106477 | 0.0046889 | 60.0576 | 0 | 29
MVQ | kNN_100 | 74 | 100 | 1159607106477 | 0.00898043 | 60.0576 | 0 | 29
MVQ | kNN_100 | 75 | 100 | 1159607106477 | 0.00437101 | 60.0576 | 0 | 29
MVQ | kNN_100 | 76 | 100 | 1159607106477 | 0.00437101 | 60.0576 | 0 | 29
MVQ | kNN_100 | 77 | 100 | 1159607106477 | 0.0046889 | 60.0576 | 0 | 29
MVQ | kNN_100 | 78 | 100 | 1159607106477 | 0.00429153 | 60.0576 | 0 | 29
MVQ | kNN_100 | 79 | 100 | 1159607106477 | 0.00429153 | 60.0576 | 0 | 29
MVQ | kNN_100 | 80 | 100 | 1159607106477 | 0.00429153 | 60.0576 | 0 | 29
MVQ | kNN_100 | 81 | 100 | 1159607106477 | 0.0046889 | 60.0576 | 0 | 29
MVQ | kNN_100 | 82 | 100 | 1159607106477 | 0.00429153 | 60.0576 | 0 | 29
MVQ | kNN_100 | 83 | 100 | 1159607106477 | 0.00905991 | 60.0576 | 0 | 29
MVQ | kNN_100 | 84 | 100 | 1159607106477 | 0.00397364 | 60.0576 | 0 | 29
MVQ | kNN_100 | 85 | 100 | 1159607106477 | 0.0046889 | 60.0576 | 0 | 29
MVQ | kNN_100 | 86 | 100 | 1159607106477 | 0.00866254 | 60.0576 | 0 | 29
MVQ | kNN_100 | 87 | 100 | 1159607106477 | 0.00437101 | 60.0576 | 0 | 29
MVQ | kNN_100 | 88 | 100 | 1159607106477 | 0.00437101 | 60.0576 | 0 | 29
MVQ | kNN_100 | 89 | 100 | 1159607106477 | 0.0046889 | 60.0576 | 0 | 29
MVQ | kNN_100 | 90 | 100 | 1159607106477 | 0.00429153 | 60.0576 | 0 | 29
MVQ | kNN_100 | 91 | 100 | 1159607106477 | 0.00429153 | 60.0576 | 0 | 29
MVQ | kNN_100 | 92 | 100 | 1159607106477 | 0.00866254 | 60.0576 | 0 | 29
MVQ | kNN_100 | 93 | 100 | 1159607106477 | 0.00898043 | 60.0576 | 0 | 29
MVQ | kNN_100 | 94 | 100 | 1159607106477 | 0.00429153 | 60.0576 | 0 | 29
MVQ | kNN_100 | 95 | 100 | 1159607106477 | 0.00429153 | 60.0576 | 0 | 29
MVQ | kNN_100 | 96 | 100 | 1159607106477 | 0.00429153 | 60.0576 | 0 | 29
MVQ | kNN_100 | 97 | 100 | 1159607106477 | 0.0046889 | 60.0576 | 0 | 29
MVQ | kNN_100 | 98 | 100 | 1159607106477 | 0.00437101 | 60.0576 | 0 | 29
MVQ | kNN_100 | 99 | 100 | 1159607106477 | 0.00437101 | 60.0576 | 0 | 29
