Algo | QType | QID | Count | Hash | Time_ms | Mem_Tree_MB | Mem_Delta_MB | Nodes
PACZ | Range_Small | 0 | 1488 | 15494074943691 | 0.0256697 | 51.0485 | 0 | 397
PACZ | Range_Small | 1 | 371 | 5226261051294 | 0.00898043 | 51.0485 | 0 | 227
PACZ | Range_Small | 2 | 1368 | 18804296580864 | 0.0266234 | 51.0485 | 0 | 367
PACZ | Range_Small | 3 | 254 | 2748760471620 | 0.00699361 | 51.0485 | 0 | 215
PACZ | Range_Small | 4 | 99 | 625677468633 | 0.00429153 | 51.0485 | 0 | 163
PACZ | Range_Small | 5 | 2048 | 20647080501396 | 0.0380675 | 51.0485 | 0 | 485
PACZ | Range_Small | 6 | 5500 | 67678604325576 | 0.0606378 | 51.0485 | 0 | 793
PACZ | Range_Small | 7 | 1323 | 14088929372115 | 0.0249545 | 51.0485 | 0 | 303
PACZ | Range_Small | 8 | 1033 | 10882216391058 | 0.0249545 | 51.0485 | 0 | 339
PACZ | Range_Small | 9 | 2644 | 31470786076521 | 0.0319481 | 51.0485 | 0 | 431
PACZ | Range_Small | 10 | 23928 | 291309641689959 | 0.277281 | 51.0485 | 0 | 2345
PACZ | Range_Small | 11 | 1438 | 17113363565988 | 0.0213782 | 51.0485 | 0 | 391
PACZ | Range_Small | 12 | 262 | 2551201923297 | 0.00667572 | 51.0485 | 0 | 191
PACZ | Range_Small | 13 | 994 | 12123998900877 | 0.015974 | 51.0485 | 0 | 325
PACZ | Range_Small | 14 | 3426 | 46147913805765 | 0.0383854 | 51.0485 | 0 | 589
PACZ | Range_Small | 15 | 911 | 10868816987835 | 0.0143846 | 51.0485 | 0 | 281
PACZ | Range_Small | 16 | 2 | 17825171673 | 0.00429153 | 51.0485 | 0 | 189
PACZ | Range_Small | 17 | 391 | 5934987309486 | 0.0185966 | 51.0485 | 0 | 241
PACZ | Range_Small | 18 | 142 | 1619966144652 | 0.0109673 | 51.0485 | 0 | 173
PACZ | Range_Small | 19 | 379 | 4142899686300 | 0.0093778 | 51.0485 | 0 | 227
PACZ | Range_Small | 20 | 2866 | 35405944278351 | 0.0493526 | 51.0485 | 0 | 545
PACZ | Range_Small | 21 | 535 | 6542589673614 | 0.00969569 | 51.0485 | 0 | 243
PACZ | Range_Small | 22 | 334 | 4822415912268 | 0.0286897 | 51.0485 | 0 | 243
PACZ | Range_Small | 23 | 176 | 1019737195845 | 0.00699361 | 51.0485 | 0 | 179
PACZ | Range_Small | 24 | 1072 | 12871999859559 | 0.0179609 | 51.0485 | 0 | 309
PACZ | Range_Small | 25 | 1263 | 16823625736062 | 0.022014 | 51.0485 | 0 | 371
PACZ | Range_Small | 26 | 1129 | 13871276499096 | 0.0166893 | 51.0485 | 0 | 321
PACZ | Range_Small | 27 | 151 | 1836072680361 | 0.0103315 | 51.0485 | 0 | 185
PACZ | Range_Small | 28 | 707 | 7254581728347 | 0.0143051 | 51.0485 | 0 | 299
PACZ | Range_Small | 29 | 1025 | 14337036417111 | 0.0166098 | 51.0485 | 0 | 325
PACZ | Range_Small | 30 | 298 | 3654934431372 | 0.00866254 | 51.0485 | 0 | 239
PACZ | Range_Small | 31 | 335 | 4084703719599 | 0.00866254 | 51.0485 | 0 | 241
PACZ | Range_Small | 32 | 108 | 1356399528732 | 0.00500679 | 51.0485 | 0 | 163
PACZ | Range_Small | 33 | 94 | 974256926793 | 0.00532468 | 51.0485 | 0 | 193
PACZ | Range_Small | 34 | 425 | 5349881632455 | 0.00898043 | 51.0485 | 0 | 225
PACZ | Range_Small | 35 | 19476 | 239226793468491 | 0.201305 | 51.0485 | 0 | 2085
PACZ | Range_Small | 36 | 1024 | 10532483595606 | 0.0143051 | 51.0485 | 0 | 303
PACZ | Range_Small | 37 | 7938 | 91632655048410 | 0.108004 | 51.0485 | 0 | 1121
PACZ | Range_Small | 38 | 1400 | 16521071456769 | 0.0282923 | 51.0485 | 0 | 347
PACZ | Range_Small | 39 | 590 | 7441634056620 | 0.0100136 | 51.0485 | 0 | 237
PACZ | Range_Small | 40 | 599 | 7187950764336 | 0.0162919 | 51.0485 | 0 | 253
PACZ | Range_Small | 41 | 1817 | 22582960238709 | 0.0316302 | 51.0485 | 0 | 419
PACZ | Range_Small | 42 | 23897 | 286971563838663 | 0.270685 | 51.0485 | 0 | 2345
PACZ | Range_Small | 43 | 1412 | 19547230939695 | 0.0223319 | 51.0485 | 0 | 387
PACZ | Range_Small | 44 | 4861 | 62152344371709 | 0.0739892 | 51.0485 | 0 | 783
PACZ | Range_Small | 45 | 690 | 8618710668825 | 0.0123183 | 51.0485 | 0 | 285
PACZ | Range_Small | 46 | 895 | 12354906442881 | 0.0210603 | 51.0485 | 0 | 249
PACZ | Range_Small | 47 | 15935 | 198230635501515 | 0.166337 | 51.0485 | 0 | 1747
PACZ | Range_Small | 48 | 10 | 137860160625 | 0.00437101 | 51.0485 | 0 | 167
PACZ | Range_Small | 49 | 864 | 13713280331283 | 0.0173251 | 51.0485 | 0 | 291
PACZ | Range_Small | 50 | 5520 | 70307643832266 | 0.0566641 | 51.0485 | 0 | 751
PACZ | Range_Small | 51 | 35 | 248095639728 | 0.00866254 | 51.0485 | 0 | 151
PACZ | Range_Small | 52 | 909 | 11757753008928 | 0.0223319 | 51.0485 | 0 | 299
PACZ | Range_Small | 53 | 4903 | 60170447306421 | 0.0785987 | 51.0485 | 0 | 761
PACZ | Range_Small | 54 | 119 | 1491972613971 | 0.00762939 | 51.0485 | 0 | 227
PACZ | Range_Small | 55 | 5830 | 77029073104014 | 0.0679493 | 51.0485 | 0 | 773
PACZ | Range_Small | 56 | 633 | 4520292637905 | 0.0112851 | 51.0485 | 0 | 257
PACZ | Range_Small | 57 | 1721 | 19244427727002 | 0.0263055 | 51.0485 | 0 | 449
PACZ | Range_Small | 58 | 14798 | 185124822884310 | 0.145038 | 51.0485 | 0 | 1567
PACZ | Range_Small | 59 | 508 | 6892827772029 | 0.0136693 | 51.0485 | 0 | 225
PACZ | Range_Small | 60 | 26 | 402420693753 | 0.00397364 | 51.0485 | 0 | 149
PACZ | Range_Small | 61 | 1432 | 14963878505406 | 0.0252724 | 51.0485 | 0 | 383
PACZ | Range_Small | 62 | 1777 | 21054880318395 | 0.0240008 | 51.0485 | 0 | 425
PACZ | Range_Small | 63 | 14 | 83073692898 | 0.00572205 | 51.0485 | 0 | 185
PACZ | Range_Small | 64 | 13161 | 163859550098373 | 0.124296 | 51.0485 | 0 | 1509
PACZ | Range_Small | 65 | 1972 | 27845734826628 | 0.0349681 | 51.0485 | 0 | 469
PACZ | Range_Small | 66 | 446 | 4996104481641 | 0.0179609 | 51.0485 | 0 | 315
PACZ | Range_Small | 67 | 7584 | 95617695459651 | 0.0782808 | 51.0485 | 0 | 909
PACZ | Range_Small | 68 | 983 | 12428083192326 | 0.0166098 | 51.0485 | 0 | 263
PACZ | Range_Small | 69 | 1186 | 14574188147220 | 0.0170072 | 51.0485 | 0 | 333
PACZ | Range_Small | 70 | 566 | 5813418265722 | 0.0130335 | 51.0485 | 0 | 309
PACZ | Range_Small | 71 | 17679 | 218456113962444 | 0.163635 | 51.0485 | 0 | 1895
PACZ | Range_Small | 72 | 745 | 8351442735675 | 0.0129541 | 51.0485 | 0 | 311
PACZ | Range_Small | 73 | 1 | 13419264255 | 0.000953674 | 51.0485 | 0 | 37
PACZ | Range_Small | 74 | 19254 | 232867550274075 | 0.184298 | 51.0485 | 0 | 1947
PACZ | Range_Small | 75 | 654 | 8774723623464 | 0.0143051 | 51.0485 | 0 | 335
PACZ | Range_Small | 76 | 15889 | 196444549113144 | 0.13272 | 51.0485 | 0 | 1721
PACZ | Range_Small | 77 | 1173 | 14458991429280 | 0.0156562 | 51.0485 | 0 | 321
PACZ | Range_Small | 78 | 179 | 2065232819310 | 0.00699361 | 51.0485 | 0 | 199
PACZ | Range_Small | 79 | 611 | 7126896486840 | 0.00961622 | 51.0485 | 0 | 237
PACZ | Range_Small | 80 | 911 | 12415093658121 | 0.0179609 | 51.0485 | 0 | 349
PACZ | Range_Small | 81 | 2678 | 34761733958484 | 0.0300407 | 51.0485 | 0 | 441
PACZ | Range_Small | 82 | 346 | 4119909028422 | 0.00905991 | 51.0485 | 0 | 231
PACZ | Range_Small | 83 | 1912 | 20322341791698 | 0.0270208 | 51.0485 | 0 | 481
PACZ | Range_Small | 84 | 1832 | 22487300681979 | 0.0270208 | 51.0485 | 0 | 475
PACZ | Range_Small | 85 | 1285 | 15575405652774 | 0.0216961 | 51.0485 | 0 | 383
PACZ | Range_Small | 86 | 1964 | 26490473151054 | 0.0203451 | 51.0485 | 0 | 345
PACZ | Range_Small | 87 | 1743 | 20560641230259 | 0.0279744 | 51.0485 | 0 | 479
PACZ | Range_Small | 88 | 16 | 144988222995 | 0.00532468 | 51.0485 | 0 | 181
PACZ | Range_Small | 89 | 1401 | 16308399557781 | 0.0173251 | 51.0485 | 0 | 325
PACZ | Range_Small | 90 | 69 | 716177790168 | 0.00365575 | 51.0485 | 0 | 129
PACZ | Range_Small | 91 | 1461 | 23196666118602 | 0.0209808 | 51.0485 | 0 | 395
PACZ | Range_Small | 92 | 1636 | 20684197098096 | 0.0193119 | 51.0485 | 0 | 367
PACZ | Range_Small | 93 | 1507 | 17994987192765 | 0.0210603 | 51.0485 | 0 | 329
PACZ | Range_Small | 94 | 10867 | 136489473999591 | 0.106653 | 51.0485 | 0 | 1247
PACZ | Range_Small | 95 | 570 | 6097505971485 | 0.00961622 | 51.0485 | 0 | 223
PACZ | Range_Small | 96 | 508 | 5592186953253 | 0.0123183 | 51.0485 | 0 | 311
PACZ | Range_Small | 97 | 1727 | 18318081547236 | 0.0230471 | 51.0485 | 0 | 443
PACZ | Range_Small | 98 | 1315 | 17454463214823 | 0.0197093 | 51.0485 | 0 | 365
PACZ | Range_Small | 99 | 134 | 1889405102577 | 0.00667572 | 51.0485 | 0 | 201
PACZ | Range_Medium | 0 | 17459 | 233258931996537 | 0.157356 | 51.0485 | 0 | 1781
PACZ | Range_Medium | 1 | 31275 | 316723060793646 | 0.286738 | 51.0485 | 0 | 2859
PACZ | Range_Medium | 2 | 102033 | 1217276081562666 | 0.978708 | 51.0485 | 0 | 8469
PACZ | Range_Medium | 3 | 16350 | 216576309744567 | 0.156641 | 51.0485 | 0 | 1607
PACZ | Range_Medium | 4 | 12924 | 156232871933745 | 0.12366 | 51.0485 | 0 | 1245
PACZ | Range_Medium | 5 | 81479 | 896866154481636 | 0.74633 | 51.0485 | 0 | 7149
PACZ | Range_Medium | 6 | 40723 | 426200990333715 | 0.383298 | 51.0485 | 0 | 3919
PACZ | Range_Medium | 7 | 119808 | 1401481322297055 | 1.28396 | 51.0485 | 0 | 9983
PACZ | Range_Medium | 8 | 54299 | 650263281740409 | 0.552336 | 51.0485 | 0 | 4711
PACZ | Range_Medium | 9 | 62867 | 723298405091562 | 0.66328 | 51.0485 | 0 | 5547
PACZ | Range_Medium | 10 | 42773 | 571121498048091 | 0.410318 | 51.0485 | 0 | 3735
PACZ | Range_Medium | 11 | 15386 | 176816910845160 | 0.13868 | 51.0485 | 0 | 1567
PACZ | Range_Medium | 12 | 3203 | 38281420129344 | 0.0416438 | 51.0485 | 0 | 593
PACZ | Range_Medium | 13 | 113614 | 1352438915286006 | 1.18033 | 51.0485 | 0 | 9405
PACZ | Range_Medium | 14 | 4233 | 26237754307455 | 0.0446637 | 51.0485 | 0 | 631
PACZ | Range_Medium | 15 | 40655 | 501757558415808 | 0.367006 | 51.0485 | 0 | 3613
PACZ | Range_Medium | 16 | 21278 | 262474876206882 | 0.190973 | 51.0485 | 0 | 2107
PACZ | Range_Medium | 17 | 81313 | 979714190215110 | 0.859022 | 51.0485 | 0 | 6969
PACZ | Range_Medium | 18 | 23446 | 295063735883958 | 0.216325 | 51.0485 | 0 | 2255
PACZ | Range_Medium | 19 | 25560 | 293497014181812 | 0.240008 | 51.0485 | 0 | 2393
PACZ | Range_Medium | 20 | 27474 | 326256758594997 | 0.277042 | 51.0485 | 0 | 2825
PACZ | Range_Medium | 21 | 70772 | 801339493101537 | 0.777324 | 51.0485 | 0 | 6321
PACZ | Range_Medium | 22 | 29199 | 358293828905196 | 0.279983 | 51.0485 | 0 | 2743
PACZ | Range_Medium | 23 | 22977 | 301474564341129 | 0.231266 | 51.0485 | 0 | 2299
PACZ | Range_Medium | 24 | 24610 | 300258621083706 | 0.234683 | 51.0485 | 0 | 2347
PACZ | Range_Medium | 25 | 13134 | 158826790318296 | 0.117302 | 51.0485 | 0 | 1285
PACZ | Range_Medium | 26 | 86669 | 1036393095978597 | 0.90766 | 51.0485 | 0 | 7349
PACZ | Range_Medium | 27 | 34290 | 451710201416613 | 0.339349 | 51.0485 | 0 | 3251
PACZ | Range_Medium | 28 | 12900 | 161194293177189 | 0.130653 | 51.0485 | 0 | 1379
PACZ | Range_Medium | 29 | 6227 | 76190978529138 | 0.0706514 | 51.0485 | 0 | 827
PACZ | Range_Medium | 30 | 36935 | 418037896524456 | 0.384331 | 51.0485 | 0 | 3675
PACZ | Range_Medium | 31 | 710 | 8909151384843 | 0.0196298 | 51.0485 | 0 | 415
PACZ | Range_Medium | 32 | 49793 | 532036541621820 | 0.45236 | 51.0485 | 0 | 4601
PACZ | Range_Medium | 33 | 100292 | 1158170777087130 | 1.03235 | 51.0485 | 0 | 8561
PACZ | Range_Medium | 34 | 87817 | 1003303666820385 | 0.974337 | 51.0485 | 0 | 7503
PACZ | Range_Medium | 35 | 62537 | 644806713207456 | 0.633955 | 51.0485 | 0 | 5615
PACZ | Range_Medium | 36 | 19364 | 211042817193270 | 0.190337 | 51.0485 | 0 | 2137
PACZ | Range_Medium | 37 | 35071 | 354834699730626 | 0.325998 | 51.0485 | 0 | 3157
PACZ | Range_Medium | 38 | 39667 | 435521590319139 | 0.374317 | 51.0485 | 0 | 3567
PACZ | Range_Medium | 39 | 14838 | 196030176460155 | 0.137011 | 51.0485 | 0 | 1415
PACZ | Range_Medium | 40 | 26623 | 308302713466422 | 0.262658 | 51.0485 | 0 | 2475
PACZ | Range_Medium | 41 | 43225 | 566482865803371 | 0.430981 | 51.0485 | 0 | 3809
PACZ | Range_Medium | 42 | 55282 | 660741404193666 | 0.538985 | 51.0485 | 0 | 4753
PACZ | Range_Medium | 43 | 8803 | 98416409654661 | 0.0897249 | 51.0485 | 0 | 1053
PACZ | Range_Medium | 44 | 38161 | 505012401659559 | 0.375668 | 51.0485 | 0 | 3541
PACZ | Range_Medium | 45 | 79803 | 903017250152493 | 0.850677 | 51.0485 | 0 | 7025
PACZ | Range_Medium | 46 | 52792 | 632739131827500 | 0.478665 | 51.0485 | 0 | 4565
PACZ | Range_Medium | 47 | 79715 | 901283641521996 | 0.791629 | 51.0485 | 0 | 7037
PACZ | Range_Medium | 48 | 24339 | 290834446508367 | 0.237703 | 51.0485 | 0 | 2361
PACZ | Range_Medium | 49 | 42773 | 570205695617760 | 0.419617 | 51.0485 | 0 | 3775
PACZ | Range_Medium | 50 | 8712 | 102231400249395 | 0.0923475 | 51.0485 | 0 | 887
PACZ | Range_Medium | 51 | 121247 | 1459012699154118 | 1.37202 | 51.0485 | 0 | 10137
PACZ | Range_Medium | 52 | 26136 | 301079195524410 | 0.262976 | 51.0485 | 0 | 2395
PACZ | Range_Medium | 53 | 68607 | 725217008879703 | 0.730038 | 51.0485 | 0 | 5965
PACZ | Range_Medium | 54 | 9438 | 112083593091390 | 0.104348 | 51.0485 | 0 | 1253
PACZ | Range_Medium | 55 | 31677 | 360959189758992 | 0.31964 | 51.0485 | 0 | 2945
PACZ | Range_Medium | 56 | 27600 | 288434628046137 | 0.271002 | 51.0485 | 0 | 2577
PACZ | Range_Medium | 57 | 6876 | 77783836716015 | 0.0716845 | 51.0485 | 0 | 787
PACZ | Range_Medium | 58 | 113640 | 1352678967407805 | 1.32132 | 51.0485 | 0 | 9415
PACZ | Range_Medium | 59 | 7548 | 97467090176703 | 0.0793934 | 51.0485 | 0 | 843
PACZ | Range_Medium | 60 | 43730 | 613290920136165 | 0.454346 | 51.0485 | 0 | 3919
PACZ | Range_Medium | 61 | 1682 | 15742944575844 | 0.0332991 | 51.0485 | 0 | 483
PACZ | Range_Medium | 62 | 61232 | 718825633203339 | 0.649293 | 51.0485 | 0 | 5325
PACZ | Range_Medium | 63 | 37602 | 471022008872274 | 0.387669 | 51.0485 | 0 | 3515
PACZ | Range_Medium | 64 | 132 | 744266274099 | 0.00834465 | 51.0485 | 0 | 191
PACZ | Range_Medium | 65 | 8072 | 89249324005779 | 0.0886917 | 51.0485 | 0 | 967
PACZ | Range_Medium | 66 | 14523 | 178997142644937 | 0.157992 | 51.0485 | 0 | 1541
PACZ | Range_Medium | 67 | 93708 | 1119410577981588 | 1.04006 | 51.0485 | 0 | 7853
PACZ | Range_Medium | 68 | 2809 | 30746209965675 | 0.036637 | 51.0485 | 0 | 451
PACZ | Range_Medium | 69 | 31540 | 368301976763283 | 0.324011 | 51.0485 | 0 | 3045
PACZ | Range_Medium | 70 | 36076 | 442918130115669 | 0.358979 | 51.0485 | 0 | 3339
PACZ | Range_Medium | 71 | 417 | 5892128720607 | 0.0116825 | 51.0485 | 0 | 219
PACZ | Range_Medium | 72 | 113438 | 1351503046008339 | 1.2517 | 51.0485 | 0 | 9435
PACZ | Range_Medium | 73 | 7076 | 85108018622670 | 0.083367 | 51.0485 | 0 | 989
PACZ | Range_Medium | 74 | 16756 | 200584698075993 | 0.160058 | 51.0485 | 0 | 1609
PACZ | Range_Medium | 75 | 13411 | 153408553596027 | 0.133038 | 51.0485 | 0 | 1403
PACZ | Range_Medium | 76 | 50806 | 692432802326463 | 0.526667 | 51.0485 | 0 | 4409
PACZ | Range_Medium | 77 | 41248 | 456348742031244 | 0.415961 | 51.0485 | 0 | 3701
PACZ | Range_Medium | 78 | 15649 | 208493803321587 | 0.171661 | 51.0485 | 0 | 1737
PACZ | Range_Medium | 79 | 34676 | 351237306942939 | 0.339667 | 51.0485 | 0 | 3079
PACZ | Range_Medium | 80 | 38396 | 412200422908494 | 0.398954 | 51.0485 | 0 | 3677
PACZ | Range_Medium | 81 | 41039 | 517177656819837 | 0.425657 | 51.0485 | 0 | 3685
PACZ | Range_Medium | 82 | 2183 | 26429945490762 | 0.0363191 | 51.0485 | 0 | 523
PACZ | Range_Medium | 83 | 97258 | 1161085341255069 | 1.05468 | 51.0485 | 0 | 8165
PACZ | Range_Medium | 84 | 6932 | 86212606680720 | 0.0793139 | 51.0485 | 0 | 913
PACZ | Range_Medium | 85 | 114352 | 1360738025575575 | 1.29668 | 51.0485 | 0 | 9421
PACZ | Range_Medium | 86 | 10089 | 129329158762512 | 0.125964 | 51.0485 | 0 | 1217
PACZ | Range_Medium | 87 | 71926 | 775721755635195 | 0.857989 | 51.0485 | 0 | 6381
PACZ | Range_Medium | 88 | 49483 | 617894413177287 | 0.54272 | 51.0485 | 0 | 4421
PACZ | Range_Medium | 89 | 14694 | 170091561085869 | 0.154654 | 51.0485 | 0 | 1545
PACZ | Range_Medium | 90 | 36102 | 447948162556404 | 0.385364 | 51.0485 | 0 | 3287
PACZ | Range_Medium | 91 | 45488 | 509916658317186 | 0.508308 | 51.0485 | 0 | 4079
PACZ | Range_Medium | 92 | 8509 | 76159698128844 | 0.0913143 | 51.0485 | 0 | 941
PACZ | Range_Medium | 93 | 43095 | 574859229255081 | 0.460307 | 51.0485 | 0 | 3795
PACZ | Range_Medium | 94 | 65227 | 667811982344568 | 0.715971 | 51.0485 | 0 | 5753
PACZ | Range_Medium | 95 | 12591 | 154290436889379 | 0.133673 | 51.0485 | 0 | 1369
PACZ | Range_Medium | 96 | 112316 | 1340762130547167 | 1.249 | 51.0485 | 0 | 9237
PACZ | Range_Medium | 97 | 54948 | 657008669641683 | 0.585318 | 51.0485 | 0 | 4759
PACZ | Range_Medium | 98 | 16047 | 193715491661202 | 0.171661 | 51.0485 | 0 | 1759
PACZ | Range_Medium | 99 | 6831 | 84741772058091 | 0.0819365 | 51.0485 | 0 | 865
PACZ | Range_Large | 0 | 745681 | 8813745728248668 | 8.61502 | 51.0485 | 0 | 58971
PACZ | Range_Large | 1 | 599579 | 7163410600967430 | 6.83538 | 51.0485 | 0 | 47551
PACZ | Range_Large | 2 | 736336 | 8723866710792321 | 8.46998 | 51.0485 | 0 | 58245
PACZ | Range_Large | 3 | 611111 | 7187194593871674 | 7.03168 | 51.0485 | 0 | 48631
PACZ | Range_Large | 4 | 430805 | 5036515165304397 | 4.96364 | 51.0485 | 0 | 34599
PACZ | Range_Large | 5 | 448835 | 5267086901269272 | 5.15302 | 51.0485 | 0 | 35797
PACZ | Range_Large | 6 | 762214 | 8942832612320730 | 8.79971 | 51.0485 | 0 | 60229
PACZ | Range_Large | 7 | 734025 | 8614907280221739 | 8.48969 | 51.0485 | 0 | 58053
PACZ | Range_Large | 8 | 549533 | 6571068256926183 | 6.34336 | 51.0485 | 0 | 43611
PACZ | Range_Large | 9 | 434308 | 5085315332128509 | 5.0087 | 51.0485 | 0 | 34749
PACZ | Range_Large | 10 | 733365 | 8596503435879774 | 8.40465 | 51.0485 | 0 | 57987
PACZ | Range_Large | 11 | 601178 | 7181613614088675 | 6.8903 | 51.0485 | 0 | 47657
PACZ | Range_Large | 12 | 499650 | 5994980657875380 | 5.71171 | 51.0485 | 0 | 39549
PACZ | Range_Large | 13 | 600910 | 7182491439109599 | 6.88736 | 51.0485 | 0 | 47677
PACZ | Range_Large | 14 | 558130 | 6694643710978305 | 6.32334 | 51.0485 | 0 | 44163
PACZ | Range_Large | 15 | 366374 | 4206810200418321 | 4.17161 | 51.0485 | 0 | 29121
PACZ | Range_Large | 16 | 784586 | 9252544891240098 | 8.94427 | 51.0485 | 0 | 61929
PACZ | Range_Large | 17 | 480285 | 5609714792406150 | 5.52766 | 51.0485 | 0 | 38237
PACZ | Range_Large | 18 | 772993 | 9120442136894853 | 8.8737 | 51.0485 | 0 | 60981
PACZ | Range_Large | 19 | 787596 | 9269549250690468 | 9.034 | 51.0485 | 0 | 62065
PACZ | Range_Large | 20 | 608242 | 7258997260812603 | 7.07833 | 51.0485 | 0 | 48103
PACZ | Range_Large | 21 | 454289 | 5321610461800359 | 5.30195 | 51.0485 | 0 | 36119
PACZ | Range_Large | 22 | 741024 | 8762501328630108 | 8.39559 | 51.0485 | 0 | 58479
PACZ | Range_Large | 23 | 507421 | 6072977160368202 | 5.89164 | 51.0485 | 0 | 40213
PACZ | Range_Large | 24 | 487496 | 5851538154469545 | 5.52368 | 51.0485 | 0 | 38509
PACZ | Range_Large | 25 | 597036 | 7132804417629105 | 6.73262 | 51.0485 | 0 | 47289
PACZ | Range_Large | 26 | 394152 | 4564523874535251 | 4.36838 | 51.0485 | 0 | 31399
PACZ | Range_Large | 27 | 394413 | 4584027068972340 | 4.34168 | 51.0485 | 0 | 31395
PACZ | Range_Large | 28 | 609710 | 7177744519852791 | 6.91096 | 51.0485 | 0 | 48401
PACZ | Range_Large | 29 | 488332 | 5862783571384968 | 5.64098 | 51.0485 | 0 | 38705
PACZ | Range_Large | 30 | 635297 | 7480758179873610 | 7.33534 | 51.0485 | 0 | 50465
PACZ | Range_Large | 31 | 807859 | 9527439141550032 | 9.19668 | 51.0485 | 0 | 63675
PACZ | Range_Large | 32 | 491459 | 5734031835217629 | 5.65799 | 51.0485 | 0 | 38961
PACZ | Range_Large | 33 | 484076 | 5816391160097931 | 5.63137 | 51.0485 | 0 | 38347
PACZ | Range_Large | 34 | 401159 | 4658735408346579 | 4.67531 | 51.0485 | 0 | 31865
PACZ | Range_Large | 35 | 522218 | 6251461013703303 | 6.17194 | 51.0485 | 0 | 41415
PACZ | Range_Large | 36 | 382587 | 4493900258338764 | 4.43697 | 51.0485 | 0 | 31149
PACZ | Range_Large | 37 | 497289 | 5966286745733595 | 5.66904 | 51.0485 | 0 | 39373
PACZ | Range_Large | 38 | 598775 | 7146784804966692 | 6.87734 | 51.0485 | 0 | 47543
PACZ | Range_Large | 39 | 733896 | 8602251092945274 | 8.38232 | 51.0485 | 0 | 58029
PACZ | Range_Large | 40 | 518757 | 6211344543146007 | 5.89705 | 51.0485 | 0 | 41137
PACZ | Range_Large | 41 | 479163 | 5589614127755064 | 5.476 | 51.0485 | 0 | 37897
PACZ | Range_Large | 42 | 414278 | 4829738300068848 | 4.67602 | 51.0485 | 0 | 33105
PACZ | Range_Large | 43 | 468956 | 5483646812901111 | 5.36998 | 51.0485 | 0 | 37361
PACZ | Range_Large | 44 | 727159 | 8611212293128284 | 8.43032 | 51.0485 | 0 | 57811
PACZ | Range_Large | 45 | 765786 | 9039754755710343 | 8.74368 | 51.0485 | 0 | 60475
PACZ | Range_Large | 46 | 532984 | 6389298984221580 | 6.18505 | 51.0485 | 0 | 42271
PACZ | Range_Large | 47 | 782875 | 9235950947218257 | 9.00165 | 51.0485 | 0 | 61581
PACZ | Range_Large | 48 | 602631 | 7201294004242701 | 7.08803 | 51.0485 | 0 | 47811
PACZ | Range_Large | 49 | 785891 | 9264742564966692 | 9.03273 | 51.0485 | 0 | 62025
PACZ | Range_Large | 50 | 495936 | 5781041777373705 | 5.64766 | 51.0485 | 0 | 39313
PACZ | Range_Large | 51 | 547265 | 6545867716556124 | 6.25531 | 51.0485 | 0 | 43427
PACZ | Range_Large | 52 | 536891 | 6425210352301794 | 6.18601 | 51.0485 | 0 | 42735
PACZ | Range_Large | 53 | 501611 | 5875406605433013 | 5.72499 | 51.0485 | 0 | 39671
PACZ | Range_Large | 54 | 402269 | 4672711039933563 | 4.62031 | 51.0485 | 0 | 32013
PACZ | Range_Large | 55 | 536689 | 6425188657028052 | 6.11337 | 51.0485 | 0 | 42451
PACZ | Range_Large | 56 | 596872 | 7130796219658221 | 6.84436 | 51.0485 | 0 | 47289
PACZ | Range_Large | 57 | 509931 | 6129829497568383 | 5.80931 | 51.0485 | 0 | 40341
PACZ | Range_Large | 58 | 244121 | 3074530868509692 | 2.8073 | 51.0485 | 0 | 19469
PACZ | Range_Large | 59 | 347558 | 3962761775462244 | 3.91905 | 51.0485 | 0 | 27551
PACZ | Range_Large | 60 | 603985 | 7215458941468980 | 6.94736 | 51.0485 | 0 | 47859
PACZ | Range_Large | 61 | 588079 | 7040898539931783 | 6.74566 | 51.0485 | 0 | 46725
PACZ | Range_Large | 62 | 506415 | 6087375241995339 | 5.90634 | 51.0485 | 0 | 40205
PACZ | Range_Large | 63 | 479266 | 5597811138779241 | 5.4493 | 51.0485 | 0 | 38183
PACZ | Range_Large | 64 | 471146 | 5510888681888838 | 5.3703 | 51.0485 | 0 | 37521
PACZ | Range_Large | 65 | 518763 | 6211595683811433 | 5.92732 | 51.0485 | 0 | 41093
PACZ | Range_Large | 66 | 479650 | 5590826756538162 | 5.52829 | 51.0485 | 0 | 38315
PACZ | Range_Large | 67 | 555946 | 6659282523137253 | 6.37507 | 51.0485 | 0 | 44271
PACZ | Range_Large | 68 | 499589 | 6000092980264521 | 5.72133 | 51.0485 | 0 | 39447
PACZ | Range_Large | 69 | 595579 | 7116668500401528 | 6.82934 | 51.0485 | 0 | 47255
PACZ | Range_Large | 70 | 812865 | 9547334421297831 | 9.22529 | 51.0485 | 0 | 63959
PACZ | Range_Large | 71 | 554607 | 6650018546933367 | 6.42967 | 51.0485 | 0 | 44165
PACZ | Range_Large | 72 | 602740 | 7200901327533045 | 6.84802 | 51.0485 | 0 | 47799
PACZ | Range_Large | 73 | 460801 | 5396388001318743 | 5.26539 | 51.0485 | 0 | 36581
PACZ | Range_Large | 74 | 471764 | 5517152518368051 | 5.38365 | 51.0485 | 0 | 37557
PACZ | Range_Large | 75 | 137890 | 1599374336765151 | 1.58668 | 51.0485 | 0 | 11525
PACZ | Range_Large | 76 | 599068 | 7050815112089628 | 6.90993 | 51.0485 | 0 | 47755
PACZ | Range_Large | 77 | 597599 | 7139484556534767 | 6.86733 | 51.0485 | 0 | 47429
PACZ | Range_Large | 78 | 672626 | 7986943301323074 | 7.72532 | 51.0485 | 0 | 53459
PACZ | Range_Large | 79 | 454305 | 5320439136903726 | 5.20833 | 51.0485 | 0 | 36109
PACZ | Range_Large | 80 | 655727 | 7713267789157857 | 7.60833 | 51.0485 | 0 | 52045
PACZ | Range_Large | 81 | 546751 | 6568988881874052 | 6.24267 | 51.0485 | 0 | 43521
PACZ | Range_Large | 82 | 21 | 156399827700 | 0.00373522 | 51.0485 | 0 | 61
PACZ | Range_Large | 83 | 512646 | 6156368753530281 | 5.88568 | 51.0485 | 0 | 40545
PACZ | Range_Large | 84 | 782563 | 9232465064459346 | 8.90136 | 51.0485 | 0 | 61749
PACZ | Range_Large | 85 | 490701 | 5722297320189870 | 5.61905 | 51.0485 | 0 | 38859
PACZ | Range_Large | 86 | 515785 | 6174019026025695 | 5.96301 | 51.0485 | 0 | 40923
PACZ | Range_Large | 87 | 753872 | 8913208185463962 | 8.64665 | 51.0485 | 0 | 59549
PACZ | Range_Large | 88 | 569966 | 6702491025744246 | 6.56796 | 51.0485 | 0 | 45425
PACZ | Range_Large | 89 | 489169 | 5869985507917650 | 5.70432 | 51.0485 | 0 | 38797
PACZ | Range_Large | 90 | 740254 | 8753997572334933 | 8.44463 | 51.0485 | 0 | 58433
PACZ | Range_Large | 91 | 672448 | 7899887328846534 | 7.70497 | 51.0485 | 0 | 53343
PACZ | Range_Large | 92 | 427307 | 4995970455547434 | 4.90864 | 51.0485 | 0 | 34375
PACZ | Range_Large | 93 | 730687 | 8647713329044536 | 8.32796 | 51.0485 | 0 | 57785
PACZ | Range_Large | 94 | 478047 | 5741793623528361 | 5.52972 | 51.0485 | 0 | 37931
PACZ | Range_Large | 95 | 652798 | 7671890067211797 | 7.40902 | 51.0485 | 0 | 51921
PACZ | Range_Large | 96 | 767389 | 9054536024888025 | 8.81203 | 51.0485 | 0 | 60621
PACZ | Range_Large | 97 | 600136 | 7170249146514414 | 6.91605 | 51.0485 | 0 | 47639
PACZ | Range_Large | 98 | 496290 | 5953200843953004 | 5.61635 | 51.0485 | 0 | 39303
PACZ | Range_Large | 99 | 487325 | 5677481728578984 | 5.57431 | 51.0485 | 0 | 38655
PACZ | kNN_10 | 0 | 10 | 103809859062 | 0.0393391 | 51.0485 | 0 | 262
PACZ | kNN_10 | 1 | 10 | 150925678101 | 0.0259876 | 51.0485 | 0 | 208
PACZ | kNN_10 | 2 | 10 | 102452754894 | 0.0563463 | 51.0485 | 0 | 383
PACZ | kNN_10 | 3 | 10 | 119252134053 | 0.0340144 | 51.0485 | 0 | 266
PACZ | kNN_10 | 4 | 10 | 120453389658 | 0.0160535 | 51.0485 | 0 | 180
PACZ | kNN_10 | 5 | 10 | 30395008443 | 0.0487169 | 51.0485 | 0 | 389
PACZ | kNN_10 | 6 | 10 | 60377876340 | 0.045379 | 51.0485 | 0 | 354
PACZ | kNN_10 | 7 | 10 | 156385632753 | 0.0373522 | 51.0485 | 0 | 339
PACZ | kNN_10 | 8 | 10 | 148409714433 | 0.0603199 | 51.0485 | 0 | 483
PACZ | kNN_10 | 9 | 10 | 119268044607 | 0.0429948 | 51.0485 | 0 | 309
PACZ | kNN_10 | 10 | 10 | 148085265381 | 0.0236829 | 51.0485 | 0 | 202
PACZ | kNN_10 | 11 | 10 | 158769660600 | 0.0406901 | 51.0485 | 0 | 333
PACZ | kNN_10 | 12 | 10 | 152472342465 | 0.0179609 | 51.0485 | 0 | 172
PACZ | kNN_10 | 13 | 10 | 137321274927 | 0.0190735 | 51.0485 | 0 | 159
PACZ | kNN_10 | 14 | 10 | 101471504961 | 0.0329812 | 51.0485 | 0 | 262
PACZ | kNN_10 | 15 | 10 | 120453387135 | 0.0259876 | 51.0485 | 0 | 211
PACZ | kNN_10 | 16 | 10 | 102407527608 | 0.0286897 | 51.0485 | 0 | 233
PACZ | kNN_10 | 17 | 10 | 126317341212 | 0.0496705 | 51.0485 | 0 | 427
PACZ | kNN_10 | 18 | 10 | 103809565314 | 0.0343323 | 51.0485 | 0 | 267
PACZ | kNN_10 | 19 | 10 | 124596620595 | 0.0553926 | 51.0485 | 0 | 439
PACZ | kNN_10 | 20 | 10 | 139931574804 | 0.0669956 | 51.0485 | 0 | 525
PACZ | kNN_10 | 21 | 10 | 96068207646 | 0.0433922 | 51.0485 | 0 | 405
PACZ | kNN_10 | 22 | 10 | 127120422993 | 0.0420411 | 51.0485 | 0 | 385
PACZ | kNN_10 | 23 | 10 | 107065930980 | 0.0329812 | 51.0485 | 0 | 281
PACZ | kNN_10 | 24 | 10 | 137264808741 | 0.015974 | 51.0485 | 0 | 117
PACZ | kNN_10 | 25 | 10 | 59528274675 | 0.039657 | 51.0485 | 0 | 356
PACZ | kNN_10 | 26 | 10 | 125519091138 | 0.0317097 | 51.0485 | 0 | 297
PACZ | kNN_10 | 27 | 10 | 122663853198 | 0.0283718 | 51.0485 | 0 | 212
PACZ | kNN_10 | 28 | 10 | 44003761050 | 0.0253518 | 51.0485 | 0 | 185
PACZ | kNN_10 | 29 | 10 | 74664438828 | 0.0350475 | 51.0485 | 0 | 358
PACZ | kNN_10 | 30 | 10 | 122029381836 | 0.0193119 | 51.0485 | 0 | 162
PACZ | kNN_10 | 31 | 10 | 105334024062 | 0.0559489 | 51.0485 | 0 | 523
PACZ | kNN_10 | 32 | 10 | 123294979251 | 0.0343323 | 51.0485 | 0 | 247
PACZ | kNN_10 | 33 | 10 | 123091888452 | 0.0376701 | 51.0485 | 0 | 323
PACZ | kNN_10 | 34 | 10 | 120101221578 | 0.0443459 | 51.0485 | 0 | 366
PACZ | kNN_10 | 35 | 10 | 124015531677 | 0.0346502 | 51.0485 | 0 | 308
PACZ | kNN_10 | 36 | 10 | 120468377439 | 0.0276566 | 51.0485 | 0 | 256
PACZ | kNN_10 | 37 | 10 | 119781368172 | 0.0376701 | 51.0485 | 0 | 327
PACZ | kNN_10 | 38 | 10 | 112548929712 | 0.0572999 | 51.0485 | 0 | 454
PACZ | kNN_10 | 39 | 10 | 137276672646 | 0.0260671 | 51.0485 | 0 | 162
PACZ | kNN_10 | 40 | 10 | 118552455075 | 0.0506242 | 51.0485 | 0 | 426
PACZ | kNN_10 | 41 | 10 | 112010947278 | 0.0356833 | 51.0485 | 0 | 316
PACZ | kNN_10 | 42 | 10 | 131661483066 | 0.0433127 | 51.0485 | 0 | 358
PACZ | kNN_10 | 43 | 10 | 118858931358 | 0.0240008 | 51.0485 | 0 | 185
PACZ | kNN_10 | 44 | 10 | 119249407692 | 0.0437101 | 51.0485 | 0 | 330
PACZ | kNN_10 | 45 | 10 | 90153739992 | 0.0333786 | 51.0485 | 0 | 259
PACZ | kNN_10 | 46 | 10 | 90136938519 | 0.0343323 | 51.0485 | 0 | 253
PACZ | kNN_10 | 47 | 10 | 137276277645 | 0.0253518 | 51.0485 | 0 | 165
PACZ | kNN_10 | 48 | 10 | 119787142857 | 0.0492732 | 51.0485 | 0 | 430
PACZ | kNN_10 | 49 | 10 | 111916734375 | 0.0476837 | 51.0485 | 0 | 384
PACZ | kNN_10 | 50 | 10 | 127873673007 | 0.0450611 | 51.0485 | 0 | 395
PACZ | kNN_10 | 51 | 10 | 120465085062 | 0.036637 | 51.0485 | 0 | 303
PACZ | kNN_10 | 52 | 10 | 145298451291 | 0.037988 | 51.0485 | 0 | 325
PACZ | kNN_10 | 53 | 10 | 138589298856 | 0.0713666 | 51.0485 | 0 | 590
PACZ | kNN_10 | 54 | 10 | 72761605716 | 0.0267029 | 51.0485 | 0 | 215
PACZ | kNN_10 | 55 | 10 | 121446191958 | 0.0540415 | 51.0485 | 0 | 443
PACZ | kNN_10 | 56 | 10 | 90154321473 | 0.0373522 | 51.0485 | 0 | 284
PACZ | kNN_10 | 57 | 10 | 119302233633 | 0.0390212 | 51.0485 | 0 | 324
PACZ | kNN_10 | 58 | 10 | 54707009442 | 0.0247161 | 51.0485 | 0 | 231
PACZ | kNN_10 | 59 | 10 | 86456429517 | 0.0296434 | 51.0485 | 0 | 230
PACZ | kNN_10 | 60 | 10 | 122941547055 | 0.0559489 | 51.0485 | 0 | 441
PACZ | kNN_10 | 61 | 10 | 75792212631 | 0.0553131 | 51.0485 | 0 | 520
PACZ | kNN_10 | 62 | 10 | 106824551694 | 0.0313918 | 51.0485 | 0 | 284
PACZ | kNN_10 | 63 | 10 | 80268658164 | 0.0493526 | 51.0485 | 0 | 422
PACZ | kNN_10 | 64 | 10 | 126178394865 | 0.0546773 | 51.0485 | 0 | 490
PACZ | kNN_10 | 65 | 10 | 130169315769 | 0.0519753 | 51.0485 | 0 | 355
PACZ | kNN_10 | 66 | 10 | 129831300369 | 0.0519753 | 51.0485 | 0 | 429
PACZ | kNN_10 | 67 | 10 | 139764544476 | 0.0193914 | 51.0485 | 0 | 179
PACZ | kNN_10 | 68 | 10 | 122163099855 | 0.0683467 | 51.0485 | 0 | 571
PACZ | kNN_10 | 69 | 10 | 139086142926 | 0.0243982 | 51.0485 | 0 | 222
PACZ | kNN_10 | 70 | 10 | 112609134462 | 0.0963211 | 51.0485 | 0 | 738
PACZ | kNN_10 | 71 | 10 | 91647499764 | 0.0320276 | 51.0485 | 0 | 246
PACZ | kNN_10 | 72 | 10 | 158774737440 | 0.042359 | 51.0485 | 0 | 305
PACZ | kNN_10 | 73 | 10 | 102713825907 | 0.0493526 | 51.0485 | 0 | 390
PACZ | kNN_10 | 74 | 10 | 92368917531 | 0.0303586 | 51.0485 | 0 | 320
PACZ | kNN_10 | 75 | 10 | 118808132610 | 0.0293255 | 51.0485 | 0 | 261
PACZ | kNN_10 | 76 | 10 | 103811480562 | 0.0270208 | 51.0485 | 0 | 259
PACZ | kNN_10 | 77 | 10 | 103811497428 | 0.0463327 | 51.0485 | 0 | 393
PACZ | kNN_10 | 78 | 10 | 114010534356 | 0.0500679 | 51.0485 | 0 | 459
PACZ | kNN_10 | 79 | 10 | 123243289680 | 0.0349681 | 51.0485 | 0 | 290
PACZ | kNN_10 | 80 | 10 | 125383410756 | 0.0259876 | 51.0485 | 0 | 261
PACZ | kNN_10 | 81 | 10 | 126944007309 | 0.0390212 | 51.0485 | 0 | 396
PACZ | kNN_10 | 82 | 10 | 129809798811 | 0.0236034 | 51.0485 | 0 | 173
PACZ | kNN_10 | 83 | 10 | 111007696800 | 0.0712872 | 51.0485 | 0 | 604
PACZ | kNN_10 | 84 | 10 | 119290971633 | 0.0389417 | 51.0485 | 0 | 299
PACZ | kNN_10 | 85 | 10 | 138581826408 | 0.0243187 | 51.0485 | 0 | 191
PACZ | kNN_10 | 86 | 10 | 106054781751 | 0.0302792 | 51.0485 | 0 | 332
PACZ | kNN_10 | 87 | 10 | 124355681610 | 0.018994 | 51.0485 | 0 | 181
PACZ | kNN_10 | 88 | 10 | 102450552186 | 0.026385 | 51.0485 | 0 | 254
PACZ | kNN_10 | 89 | 10 | 75193886100 | 0.0303586 | 51.0485 | 0 | 300
PACZ | kNN_10 | 90 | 10 | 130181392860 | 0.0496705 | 51.0485 | 0 | 444
PACZ | kNN_10 | 91 | 10 | 139935086208 | 0.0446637 | 51.0485 | 0 | 376
PACZ | kNN_10 | 92 | 10 | 90105956334 | 0.04673 | 51.0485 | 0 | 392
PACZ | kNN_10 | 93 | 10 | 138679265265 | 0.037988 | 51.0485 | 0 | 338
PACZ | kNN_10 | 94 | 10 | 141806281137 | 0.04673 | 51.0485 | 0 | 393
PACZ | kNN_10 | 95 | 10 | 115089241083 | 0.0560284 | 51.0485 | 0 | 496
PACZ | kNN_10 | 96 | 10 | 130028657265 | 0.0443459 | 51.0485 | 0 | 409
PACZ | kNN_10 | 97 | 10 | 120442329144 | 0.0487169 | 51.0485 | 0 | 344
PACZ | kNN_10 | 98 | 10 | 120042035565 | 0.0443459 | 51.0485 | 0 | 363
PACZ | kNN_10 | 99 | 10 | 119968517106 | 0.0686646 | 51.0485 | 0 | 590
PACZ | kNN_100 | 0 | 100 | 1038092631903 | 0.209014 | 51.0485 | 0 | 509
PACZ | kNN_100 | 1 | 100 | 981461186775 | 0.135342 | 51.0485 | 0 | 354
PACZ | kNN_100 | 2 | 100 | 1024527515817 | 0.320991 | 51.0485 | 0 | 698
PACZ | kNN_100 | 3 | 100 | 1192521349482 | 0.166019 | 51.0485 | 0 | 389
PACZ | kNN_100 | 4 | 100 | 1204532745693 | 0.105699 | 51.0485 | 0 | 288
PACZ | kNN_100 | 5 | 100 | 677737938048 | 0.269651 | 51.0485 | 0 | 731
PACZ | kNN_100 | 6 | 100 | 566393381187 | 0.259002 | 51.0485 | 0 | 706
PACZ | kNN_100 | 7 | 100 | 1504212638427 | 0.214338 | 51.0485 | 0 | 551
PACZ | kNN_100 | 8 | 100 | 1442916513915 | 0.289679 | 51.0485 | 0 | 814
PACZ | kNN_100 | 9 | 100 | 1192681727286 | 0.188669 | 51.0485 | 0 | 514
PACZ | kNN_100 | 10 | 100 | 1206649226436 | 0.154018 | 51.0485 | 0 | 338
PACZ | kNN_100 | 11 | 100 | 1587696516255 | 0.241677 | 51.0485 | 0 | 573
PACZ | kNN_100 | 12 | 100 | 1524651735387 | 0.112693 | 51.0485 | 0 | 298
PACZ | kNN_100 | 13 | 100 | 1373212751544 | 0.0956853 | 51.0485 | 0 | 235
PACZ | kNN_100 | 14 | 100 | 1142094442125 | 0.169675 | 51.0485 | 0 | 411
PACZ | kNN_100 | 15 | 100 | 1245981294144 | 0.132958 | 51.0485 | 0 | 319
PACZ | kNN_100 | 16 | 100 | 1024075275444 | 0.156641 | 51.0485 | 0 | 454
PACZ | kNN_100 | 17 | 100 | 1177215802371 | 0.301043 | 51.0485 | 0 | 874
PACZ | kNN_100 | 18 | 100 | 1038091329801 | 0.187318 | 51.0485 | 0 | 499
PACZ | kNN_100 | 19 | 100 | 1356518597436 | 0.257333 | 51.0485 | 0 | 743
PACZ | kNN_100 | 20 | 100 | 1399315695648 | 0.331004 | 51.0485 | 0 | 855
PACZ | kNN_100 | 21 | 100 | 978899699250 | 0.246286 | 51.0485 | 0 | 689
PACZ | kNN_100 | 22 | 100 | 1271204275365 | 0.276963 | 51.0485 | 0 | 816
PACZ | kNN_100 | 23 | 100 | 1057013571297 | 0.170708 | 51.0485 | 0 | 476
PACZ | kNN_100 | 24 | 100 | 1261829764116 | 0.0753403 | 51.0485 | 0 | 199
PACZ | kNN_100 | 25 | 100 | 816020287662 | 0.213703 | 51.0485 | 0 | 691
PACZ | kNN_100 | 26 | 100 | 1255191109959 | 0.163317 | 51.0485 | 0 | 553
PACZ | kNN_100 | 27 | 100 | 1226638529901 | 0.156323 | 51.0485 | 0 | 441
PACZ | kNN_100 | 28 | 100 | 510421302807 | 0.100613 | 51.0485 | 0 | 310
PACZ | kNN_100 | 29 | 100 | 435583169319 | 0.224988 | 51.0485 | 0 | 790
PACZ | kNN_100 | 30 | 100 | 1227307429386 | 0.130733 | 51.0485 | 0 | 371
PACZ | kNN_100 | 31 | 100 | 1063854832521 | 0.321309 | 51.0485 | 0 | 1040
PACZ | kNN_100 | 32 | 100 | 1232949778062 | 0.200272 | 51.0485 | 0 | 526
PACZ | kNN_100 | 33 | 100 | 1230918832572 | 0.211 | 51.0485 | 0 | 625
PACZ | kNN_100 | 34 | 100 | 1201012043025 | 0.25932 | 51.0485 | 0 | 671
PACZ | kNN_100 | 35 | 100 | 1137813936651 | 0.189622 | 51.0485 | 0 | 551
PACZ | kNN_100 | 36 | 100 | 1204682541144 | 0.126282 | 51.0485 | 0 | 340
PACZ | kNN_100 | 37 | 100 | 1197813662070 | 0.175953 | 51.0485 | 0 | 537
PACZ | kNN_100 | 38 | 100 | 1125489290076 | 0.29397 | 51.0485 | 0 | 935
PACZ | kNN_100 | 39 | 100 | 1363440078993 | 0.105619 | 51.0485 | 0 | 246
PACZ | kNN_100 | 40 | 100 | 1192736751147 | 0.259956 | 51.0485 | 0 | 881
PACZ | kNN_100 | 41 | 100 | 1120109486463 | 0.17333 | 51.0485 | 0 | 520
PACZ | kNN_100 | 42 | 100 | 1256370956487 | 0.196298 | 51.0485 | 0 | 580
PACZ | kNN_100 | 43 | 100 | 1188589264746 | 0.103951 | 51.0485 | 0 | 321
PACZ | kNN_100 | 44 | 100 | 1192494259308 | 0.171979 | 51.0485 | 0 | 500
PACZ | kNN_100 | 45 | 100 | 901537373754 | 0.194709 | 51.0485 | 0 | 582
PACZ | kNN_100 | 46 | 100 | 917836148949 | 0.182708 | 51.0485 | 0 | 523
PACZ | kNN_100 | 47 | 100 | 1372762801311 | 0.0890096 | 51.0485 | 0 | 227
PACZ | kNN_100 | 48 | 100 | 1197872740416 | 0.315666 | 51.0485 | 0 | 769
PACZ | kNN_100 | 49 | 100 | 1156136289189 | 0.223319 | 51.0485 | 0 | 632
PACZ | kNN_100 | 50 | 100 | 1273075944930 | 0.211318 | 51.0485 | 0 | 760
PACZ | kNN_100 | 51 | 100 | 1204655230311 | 0.151714 | 51.0485 | 0 | 437
PACZ | kNN_100 | 52 | 100 | 1452985780566 | 0.234683 | 51.0485 | 0 | 631
PACZ | kNN_100 | 53 | 100 | 1418748417627 | 0.296354 | 51.0485 | 0 | 1005
PACZ | kNN_100 | 54 | 100 | 1201144260873 | 0.154654 | 51.0485 | 0 | 458
PACZ | kNN_100 | 55 | 100 | 1201019072115 | 0.293016 | 51.0485 | 0 | 829
PACZ | kNN_100 | 56 | 100 | 901543212510 | 0.254313 | 51.0485 | 0 | 606
PACZ | kNN_100 | 57 | 100 | 1193022310062 | 0.215292 | 51.0485 | 0 | 566
PACZ | kNN_100 | 58 | 100 | 1039417206072 | 0.139952 | 51.0485 | 0 | 415
PACZ | kNN_100 | 59 | 100 | 804248000598 | 0.136296 | 51.0485 | 0 | 368
PACZ | kNN_100 | 60 | 100 | 1250507576160 | 0.29095 | 51.0485 | 0 | 875
PACZ | kNN_100 | 61 | 100 | 787561147488 | 0.299613 | 51.0485 | 0 | 995
PACZ | kNN_100 | 62 | 100 | 960749950155 | 0.150681 | 51.0485 | 0 | 468
PACZ | kNN_100 | 63 | 100 | 866271642342 | 0.233968 | 51.0485 | 0 | 757
PACZ | kNN_100 | 64 | 100 | 1249868006247 | 0.271956 | 51.0485 | 0 | 952
PACZ | kNN_100 | 65 | 100 | 1301694725757 | 0.280698 | 51.0485 | 0 | 684
PACZ | kNN_100 | 66 | 100 | 1308753431436 | 0.299692 | 51.0485 | 0 | 814
PACZ | kNN_100 | 67 | 100 | 1397645462025 | 0.116666 | 51.0485 | 0 | 328
PACZ | kNN_100 | 68 | 100 | 1263440837598 | 0.322978 | 51.0485 | 0 | 1029
PACZ | kNN_100 | 69 | 100 | 1390861545849 | 0.137329 | 51.0485 | 0 | 421
PACZ | kNN_100 | 70 | 100 | 1003938353583 | 0.391324 | 51.0485 | 0 | 1257
PACZ | kNN_100 | 71 | 100 | 1169159756208 | 0.149965 | 51.0485 | 0 | 440
PACZ | kNN_100 | 72 | 100 | 1587747408951 | 0.192006 | 51.0485 | 0 | 531
PACZ | kNN_100 | 73 | 100 | 1027116576039 | 0.271638 | 51.0485 | 0 | 794
PACZ | kNN_100 | 74 | 100 | 922786819728 | 0.193675 | 51.0485 | 0 | 622
PACZ | kNN_100 | 75 | 100 | 1188081824253 | 0.137329 | 51.0485 | 0 | 430
PACZ | kNN_100 | 76 | 100 | 1061716474809 | 0.195344 | 51.0485 | 0 | 599
PACZ | kNN_100 | 77 | 100 | 1038114875556 | 0.235637 | 51.0485 | 0 | 771
PACZ | kNN_100 | 78 | 100 | 1199707757628 | 0.252724 | 51.0485 | 0 | 864
PACZ | kNN_100 | 79 | 100 | 1295912476911 | 0.216007 | 51.0485 | 0 | 575
PACZ | kNN_100 | 80 | 100 | 1243860807696 | 0.185331 | 51.0485 | 0 | 566
PACZ | kNN_100 | 81 | 100 | 1269439923078 | 0.253677 | 51.0485 | 0 | 877
PACZ | kNN_100 | 82 | 100 | 1357804324449 | 0.100692 | 51.0485 | 0 | 270
PACZ | kNN_100 | 83 | 100 | 1110077395941 | 0.335375 | 51.0485 | 0 | 1102
PACZ | kNN_100 | 84 | 100 | 1192882468281 | 0.228961 | 51.0485 | 0 | 500
PACZ | kNN_100 | 85 | 100 | 1385818106562 | 0.09799 | 51.0485 | 0 | 262
PACZ | kNN_100 | 86 | 100 | 1068857164065 | 0.214656 | 51.0485 | 0 | 607
PACZ | kNN_100 | 87 | 100 | 1246644383370 | 0.108004 | 51.0485 | 0 | 380
PACZ | kNN_100 | 88 | 100 | 1024505459307 | 0.132322 | 51.0485 | 0 | 476
PACZ | kNN_100 | 89 | 100 | 696534167241 | 0.163635 | 51.0485 | 0 | 607
PACZ | kNN_100 | 90 | 100 | 1189046689347 | 0.259638 | 51.0485 | 0 | 756
PACZ | kNN_100 | 91 | 100 | 1364414492472 | 0.231266 | 51.0485 | 0 | 670
PACZ | kNN_100 | 92 | 100 | 901009867593 | 0.25932 | 51.0485 | 0 | 778
PACZ | kNN_100 | 93 | 100 | 1416457150899 | 0.183662 | 51.0485 | 0 | 623
PACZ | kNN_100 | 94 | 100 | 1418062811505 | 0.252326 | 51.0485 | 0 | 673
PACZ | kNN_100 | 95 | 100 | 1189336077438 | 0.270923 | 51.0485 | 0 | 940
PACZ | kNN_100 | 96 | 100 | 1299056928240 | 0.233014 | 51.0485 | 0 | 698
PACZ | kNN_100 | 97 | 100 | 1203229848741 | 0.185013 | 51.0485 | 0 | 519
PACZ | kNN_100 | 98 | 100 | 1200420337983 | 0.23071 | 51.0485 | 0 | 551
PACZ | kNN_100 | 99 | 100 | 1155730073844 | 0.325998 | 51.0485 | 0 | 1063
