Algo | QType | QID | Count | Hash | Time_ms | Mem_Tree_MB | Mem_Delta_MB | Nodes
PACZ | Range_Small | 0 | 104 | 1428277079049 | 0.0073115 | 130.956 | 0 | 167
PACZ | Range_Small | 1 | 1066 | 12589469176731 | 0.0179609 | 130.956 | 0 | 309
PACZ | Range_Small | 2 | 980 | 13501803356427 | 0.0236829 | 130.956 | 0 | 333
PACZ | Range_Small | 3 | 803 | 6686743240761 | 0.0170072 | 130.956 | 0 | 247
PACZ | Range_Small | 4 | 1128 | 15611883215331 | 0.017643 | 130.956 | 0 | 331
PACZ | Range_Small | 5 | 51 | 464572521993 | 0.00667572 | 130.956 | 0 | 183
PACZ | Range_Small | 6 | 1642 | 17133032154318 | 0.0253518 | 130.956 | 0 | 339
PACZ | Range_Small | 7 | 498 | 6547353212427 | 0.0126362 | 130.956 | 0 | 241
PACZ | Range_Small | 8 | 825 | 11394259404609 | 0.0166893 | 130.956 | 0 | 227
PACZ | Range_Small | 9 | 14256 | 174804764052351 | 0.182311 | 130.956 | 0 | 1725
PACZ | Range_Small | 10 | 8485 | 104941900017189 | 0.115712 | 130.956 | 0 | 1149
PACZ | Range_Small | 11 | 92 | 1263108958125 | 0.00739098 | 130.956 | 0 | 187
PACZ | Range_Small | 12 | 209 | 1964543059608 | 0.0113646 | 130.956 | 0 | 203
PACZ | Range_Small | 13 | 3403 | 41791835843196 | 0.0476837 | 130.956 | 0 | 603
PACZ | Range_Small | 14 | 341 | 4744908377169 | 0.00635783 | 130.956 | 0 | 197
PACZ | Range_Small | 15 | 610 | 8246121719844 | 0.0170072 | 130.956 | 0 | 295
PACZ | Range_Small | 16 | 32 | 394384531533 | 0.00667572 | 130.956 | 0 | 189
PACZ | Range_Small | 17 | 984 | 12715401993426 | 0.0162919 | 130.956 | 0 | 311
PACZ | Range_Small | 18 | 53 | 629245966779 | 0.00500679 | 130.956 | 0 | 165
PACZ | Range_Small | 19 | 667 | 8104793997063 | 0.017643 | 130.956 | 0 | 297
PACZ | Range_Small | 20 | 496 | 6162703007325 | 0.0162919 | 130.956 | 0 | 241
PACZ | Range_Small | 21 | 849 | 8970877616124 | 0.0152588 | 130.956 | 0 | 305
PACZ | Range_Small | 22 | 301 | 3629702465367 | 0.0100136 | 130.956 | 0 | 241
PACZ | Range_Small | 23 | 246 | 2934667656213 | 0.0073115 | 130.956 | 0 | 181
PACZ | Range_Small | 24 | 70 | 777273118953 | 0.0046889 | 130.956 | 0 | 151
PACZ | Range_Small | 25 | 243 | 2634568311522 | 0.00739098 | 130.956 | 0 | 197
PACZ | Range_Small | 26 | 440 | 4647145403526 | 0.0113646 | 130.956 | 0 | 247
PACZ | Range_Small | 27 | 310 | 3863075303562 | 0.0113646 | 130.956 | 0 | 251
PACZ | Range_Small | 28 | 28 | 426922554027 | 0.00500679 | 130.956 | 0 | 169
PACZ | Range_Small | 29 | 179 | 2746895708301 | 0.00532468 | 130.956 | 0 | 145
PACZ | Range_Small | 30 | 474 | 5578415641332 | 0.00929832 | 130.956 | 0 | 193
PACZ | Range_Small | 31 | 3974 | 47519151643122 | 0.0533263 | 130.956 | 0 | 639
PACZ | Range_Small | 32 | 792 | 12548190128934 | 0.0123978 | 130.956 | 0 | 257
PACZ | Range_Small | 33 | 663 | 8105324733642 | 0.0123183 | 130.956 | 0 | 275
PACZ | Range_Small | 34 | 74 | 982681772403 | 0.00762939 | 130.956 | 0 | 217
PACZ | Range_Small | 35 | 210 | 2004272545947 | 0.00969569 | 130.956 | 0 | 207
PACZ | Range_Small | 36 | 8316 | 103716572857605 | 0.0906785 | 130.956 | 0 | 1169
PACZ | Range_Small | 37 | 556 | 6631522719726 | 0.0113646 | 130.956 | 0 | 295
PACZ | Range_Small | 38 | 34 | 345772324665 | 0.0130335 | 130.956 | 0 | 159
PACZ | Range_Small | 39 | 506 | 6569378520861 | 0.0150204 | 130.956 | 0 | 233
PACZ | Range_Small | 40 | 1124 | 15434473280523 | 0.0227292 | 130.956 | 0 | 337
PACZ | Range_Small | 41 | 332 | 3634982194326 | 0.00898043 | 130.956 | 0 | 239
PACZ | Range_Small | 42 | 3958 | 52899104628546 | 0.0486374 | 130.956 | 0 | 651
PACZ | Range_Small | 43 | 24 | 105629191164 | 0.00500679 | 130.956 | 0 | 165
PACZ | Range_Small | 44 | 1693 | 21405298361118 | 0.0197093 | 130.956 | 0 | 359
PACZ | Range_Small | 45 | 1484 | 17518073484270 | 0.0216961 | 130.956 | 0 | 333
PACZ | Range_Small | 46 | 17461 | 211049604283161 | 0.222683 | 130.956 | 0 | 2079
PACZ | Range_Small | 47 | 2061 | 18828032217414 | 0.0472864 | 130.956 | 0 | 451
PACZ | Range_Small | 48 | 246 | 2674501613220 | 0.0139872 | 130.956 | 0 | 231
PACZ | Range_Small | 49 | 87 | 1166358178521 | 0.00532468 | 130.956 | 0 | 169
PACZ | Range_Small | 50 | 550 | 6561868307760 | 0.0120004 | 130.956 | 0 | 265
PACZ | Range_Small | 51 | 307 | 4147301310873 | 0.0147025 | 130.956 | 0 | 227
PACZ | Range_Small | 52 | 3470 | 45171966711411 | 0.0383059 | 130.956 | 0 | 431
PACZ | Range_Small | 53 | 17523 | 211556535039258 | 0.218312 | 130.956 | 0 | 2015
PACZ | Range_Small | 54 | 11 | 167719578702 | 0.00500679 | 130.956 | 0 | 137
PACZ | Range_Small | 55 | 16803 | 203637323941632 | 0.203371 | 130.956 | 0 | 2023
PACZ | Range_Small | 56 | 265 | 3759313934787 | 0.014623 | 130.956 | 0 | 245
PACZ | Range_Small | 57 | 144 | 2141596757049 | 0.00794729 | 130.956 | 0 | 181
PACZ | Range_Small | 58 | 5297 | 63665802007641 | 0.0646909 | 130.956 | 0 | 853
PACZ | Range_Small | 59 | 1020 | 14269723596159 | 0.022014 | 130.956 | 0 | 369
PACZ | Range_Small | 60 | 81 | 839528777043 | 0.00564257 | 130.956 | 0 | 157
PACZ | Range_Small | 61 | 347 | 3862193187348 | 0.00739098 | 130.956 | 0 | 171
PACZ | Range_Small | 62 | 476 | 6504525965847 | 0.00834465 | 130.956 | 0 | 191
PACZ | Range_Small | 63 | 214 | 2340371651556 | 0.0093778 | 130.956 | 0 | 237
PACZ | Range_Small | 64 | 1601 | 17181284044527 | 0.023365 | 130.956 | 0 | 405
PACZ | Range_Small | 65 | 302 | 3119861638380 | 0.0093778 | 130.956 | 0 | 203
PACZ | Range_Small | 66 | 2717 | 24979687305333 | 0.0306765 | 130.956 | 0 | 445
PACZ | Range_Small | 67 | 14605 | 171393731564733 | 0.159661 | 130.956 | 0 | 1867
PACZ | Range_Small | 68 | 10830 | 133091566139112 | 0.142336 | 130.956 | 0 | 1435
PACZ | Range_Small | 69 | 513 | 7145826404166 | 0.00802676 | 130.956 | 0 | 173
PACZ | Range_Small | 70 | 2121 | 22146990960867 | 0.0353654 | 130.956 | 0 | 407
PACZ | Range_Small | 71 | 1033 | 10942661685633 | 0.0150204 | 130.956 | 0 | 275
PACZ | Range_Small | 72 | 597 | 8339502853917 | 0.0216961 | 130.956 | 0 | 275
PACZ | Range_Small | 73 | 2385 | 22504073184396 | 0.0380675 | 130.956 | 0 | 455
PACZ | Range_Small | 74 | 15146 | 178016540756430 | 0.146627 | 130.956 | 0 | 1807
PACZ | Range_Small | 75 | 459 | 6475997470425 | 0.00834465 | 130.956 | 0 | 187
PACZ | Range_Small | 76 | 1597 | 13159047008922 | 0.0276566 | 130.956 | 0 | 413
PACZ | Range_Small | 77 | 1731 | 20971899937404 | 0.0303586 | 130.956 | 0 | 391
PACZ | Range_Small | 78 | 726 | 9446391266757 | 0.0152588 | 130.956 | 0 | 243
PACZ | Range_Small | 79 | 214 | 3116136147816 | 0.0073115 | 130.956 | 0 | 177
PACZ | Range_Small | 80 | 346 | 4094415716886 | 0.0123978 | 130.956 | 0 | 259
PACZ | Range_Small | 81 | 12598 | 153779594808552 | 0.152667 | 130.956 | 0 | 1513
PACZ | Range_Small | 82 | 352 | 2927037387981 | 0.0103315 | 130.956 | 0 | 263
PACZ | Range_Small | 83 | 4561 | 57363338821752 | 0.0589689 | 130.956 | 0 | 667
PACZ | Range_Small | 84 | 40 | 350065187625 | 0.00667572 | 130.956 | 0 | 205
PACZ | Range_Small | 85 | 1071 | 6428026394559 | 0.018994 | 130.956 | 0 | 283
PACZ | Range_Small | 86 | 589 | 7076622542208 | 0.0150204 | 130.956 | 0 | 303
PACZ | Range_Small | 87 | 543 | 7268987262060 | 0.0106494 | 130.956 | 0 | 235
PACZ | Range_Small | 88 | 5107 | 65750462889150 | 0.0583331 | 130.956 | 0 | 729
PACZ | Range_Small | 89 | 65 | 903074557587 | 0.00834465 | 130.956 | 0 | 131
PACZ | Range_Small | 90 | 19 | 267503697519 | 0.00333786 | 130.956 | 0 | 107
PACZ | Range_Small | 91 | 5078 | 65280540017097 | 0.0429948 | 130.956 | 0 | 727
PACZ | Range_Small | 92 | 8473 | 104851195021329 | 0.0890096 | 130.956 | 0 | 1155
PACZ | Range_Small | 93 | 1297 | 15432129186609 | 0.0196298 | 130.956 | 0 | 331
PACZ | Range_Small | 94 | 556 | 6077040917418 | 0.0116825 | 130.956 | 0 | 215
PACZ | Range_Small | 95 | 516 | 4982140046013 | 0.0133514 | 130.956 | 0 | 281
PACZ | Range_Small | 96 | 80 | 752534202657 | 0.00564257 | 130.956 | 0 | 177
PACZ | Range_Small | 97 | 263 | 3896233761102 | 0.00770887 | 130.956 | 0 | 187
PACZ | Range_Small | 98 | 439 | 5830510981857 | 0.0103315 | 130.956 | 0 | 217
PACZ | Range_Small | 99 | 5223 | 64810226970195 | 0.0566641 | 130.956 | 0 | 789
PACZ | Range_Medium | 0 | 9957 | 121371198424026 | 0.0983079 | 130.956 | 0 | 1195
PACZ | Range_Medium | 1 | 11382 | 151688261578947 | 0.130971 | 130.956 | 0 | 1485
PACZ | Range_Medium | 2 | 1527 | 21679981789053 | 0.0270208 | 130.956 | 0 | 351
PACZ | Range_Medium | 3 | 13064 | 156066545791119 | 0.171661 | 130.956 | 0 | 1523
PACZ | Range_Medium | 4 | 16940 | 214507960184994 | 0.183344 | 130.956 | 0 | 1865
PACZ | Range_Medium | 5 | 20739 | 254065439127915 | 0.229994 | 130.956 | 0 | 2175
PACZ | Range_Medium | 6 | 21251 | 287676763112784 | 0.257015 | 130.956 | 0 | 2443
PACZ | Range_Medium | 7 | 14499 | 189149411187663 | 0.137965 | 130.956 | 0 | 1619
PACZ | Range_Medium | 8 | 17645 | 214854989193369 | 0.166972 | 130.956 | 0 | 2035
PACZ | Range_Medium | 9 | 260 | 3991923089394 | 0.0103315 | 130.956 | 0 | 241
PACZ | Range_Medium | 10 | 85552 | 1008620443097121 | 0.972986 | 130.956 | 0 | 8089
PACZ | Range_Medium | 11 | 88532 | 1047789575593380 | 1.05103 | 130.956 | 0 | 8285
PACZ | Range_Medium | 12 | 44490 | 458800675990284 | 0.474691 | 130.956 | 0 | 4521
PACZ | Range_Medium | 13 | 25909 | 318980603066406 | 0.259638 | 130.956 | 0 | 2813
PACZ | Range_Medium | 14 | 44702 | 534143661976026 | 0.440677 | 130.956 | 0 | 4117
PACZ | Range_Medium | 15 | 56371 | 600840172227642 | 0.627279 | 130.956 | 0 | 5387
PACZ | Range_Medium | 16 | 11261 | 135246774569535 | 0.114679 | 130.956 | 0 | 1205
PACZ | Range_Medium | 17 | 38046 | 457015406347692 | 0.434637 | 130.956 | 0 | 3987
PACZ | Range_Medium | 18 | 19711 | 235400999278644 | 0.208696 | 130.956 | 0 | 2233
PACZ | Range_Medium | 19 | 424 | 4112651696961 | 0.0100136 | 130.956 | 0 | 183
PACZ | Range_Medium | 20 | 88297 | 1043439061185984 | 1.05572 | 130.956 | 0 | 8355
PACZ | Range_Medium | 21 | 89002 | 1052952687058581 | 1.05 | 130.956 | 0 | 8353
PACZ | Range_Medium | 22 | 8842 | 99627904201377 | 0.0883738 | 130.956 | 0 | 975
PACZ | Range_Medium | 23 | 4167 | 35569322530368 | 0.0469685 | 130.956 | 0 | 547
PACZ | Range_Medium | 24 | 60744 | 694909607332572 | 0.736952 | 130.956 | 0 | 5885
PACZ | Range_Medium | 25 | 5176 | 63779711035701 | 0.0662804 | 130.956 | 0 | 753
PACZ | Range_Medium | 26 | 16255 | 188101407633480 | 0.173648 | 130.956 | 0 | 1823
PACZ | Range_Medium | 27 | 3531 | 27988363674957 | 0.0480016 | 130.956 | 0 | 519
PACZ | Range_Medium | 28 | 17202 | 210869086312599 | 0.216007 | 130.956 | 0 | 2011
PACZ | Range_Medium | 29 | 2828 | 35424721884489 | 0.0419617 | 130.956 | 0 | 549
PACZ | Range_Medium | 30 | 1812 | 24549791982024 | 0.0356833 | 130.956 | 0 | 503
PACZ | Range_Medium | 31 | 52712 | 615474726607233 | 0.697056 | 130.956 | 0 | 4963
PACZ | Range_Medium | 32 | 17825 | 215282682042960 | 0.211318 | 130.956 | 0 | 2085
PACZ | Range_Medium | 33 | 12462 | 149453509097439 | 0.156005 | 130.956 | 0 | 1501
PACZ | Range_Medium | 34 | 16165 | 194533802255739 | 0.177701 | 130.956 | 0 | 1871
PACZ | Range_Medium | 35 | 5759 | 53931145899018 | 0.0963211 | 130.956 | 0 | 1003
PACZ | Range_Medium | 36 | 17510 | 193017155671656 | 0.225306 | 130.956 | 0 | 1977
PACZ | Range_Medium | 37 | 3972 | 50483918810772 | 0.052611 | 130.956 | 0 | 593
PACZ | Range_Medium | 38 | 4846 | 32479295639535 | 0.0606378 | 130.956 | 0 | 697
PACZ | Range_Medium | 39 | 17040 | 193606504935411 | 0.225623 | 130.956 | 0 | 2087
PACZ | Range_Medium | 40 | 25435 | 304418927600133 | 0.315348 | 130.956 | 0 | 2735
PACZ | Range_Medium | 41 | 14285 | 169555810731129 | 0.159025 | 130.956 | 0 | 1533
PACZ | Range_Medium | 42 | 5379 | 57228853749066 | 0.0660419 | 130.956 | 0 | 741
PACZ | Range_Medium | 43 | 15442 | 186800175697521 | 0.171661 | 130.956 | 0 | 1765
PACZ | Range_Medium | 44 | 46901 | 558061661722509 | 0.530005 | 130.956 | 0 | 4289
PACZ | Range_Medium | 45 | 28558 | 346884236376465 | 0.329018 | 130.956 | 0 | 2963
PACZ | Range_Medium | 46 | 31660 | 428874697670949 | 0.355959 | 130.956 | 0 | 3313
PACZ | Range_Medium | 47 | 29651 | 316734548907396 | 0.343323 | 130.956 | 0 | 3211
PACZ | Range_Medium | 48 | 83238 | 979525454395053 | 1.08234 | 130.956 | 0 | 7873
PACZ | Range_Medium | 49 | 34044 | 383868945618378 | 0.389655 | 130.956 | 0 | 3577
PACZ | Range_Medium | 50 | 76892 | 909483014183820 | 0.943343 | 130.956 | 0 | 7383
PACZ | Range_Medium | 51 | 13075 | 151725383039925 | 0.153303 | 130.956 | 0 | 1561
PACZ | Range_Medium | 52 | 21420 | 244402986570927 | 0.257969 | 130.956 | 0 | 2479
PACZ | Range_Medium | 53 | 88159 | 1045906895920977 | 1.09029 | 130.956 | 0 | 8265
PACZ | Range_Medium | 54 | 47176 | 560215395693051 | 0.552654 | 130.956 | 0 | 4347
PACZ | Range_Medium | 55 | 18686 | 243089433340425 | 0.251293 | 130.956 | 0 | 2097
PACZ | Range_Medium | 56 | 410 | 2710870319154 | 0.0136693 | 130.956 | 0 | 209
PACZ | Range_Medium | 57 | 34199 | 411368969362074 | 0.446955 | 130.956 | 0 | 3519
PACZ | Range_Medium | 58 | 19762 | 237027117931347 | 0.248988 | 130.956 | 0 | 2365
PACZ | Range_Medium | 59 | 88407 | 1047739685732658 | 1.19861 | 130.956 | 0 | 8337
PACZ | Range_Medium | 60 | 19793 | 237375741362193 | 0.2683 | 130.956 | 0 | 2357
PACZ | Range_Medium | 61 | 14527 | 172233819719190 | 0.175317 | 130.956 | 0 | 1661
PACZ | Range_Medium | 62 | 2045 | 13070871383475 | 0.0340144 | 130.956 | 0 | 443
PACZ | Range_Medium | 63 | 78065 | 920898698132064 | 1.0306 | 130.956 | 0 | 7387
PACZ | Range_Medium | 64 | 43954 | 449587327276659 | 0.540336 | 130.956 | 0 | 4413
PACZ | Range_Medium | 65 | 12332 | 162024886557930 | 0.140667 | 130.956 | 0 | 1307
PACZ | Range_Medium | 66 | 51045 | 538045956123936 | 0.730038 | 130.956 | 0 | 4909
PACZ | Range_Medium | 67 | 4130 | 52688786662818 | 0.061353 | 130.956 | 0 | 761
PACZ | Range_Medium | 68 | 15594 | 169811874899583 | 0.20202 | 130.956 | 0 | 1855
PACZ | Range_Medium | 69 | 89232 | 1063134539755272 | 1.18136 | 130.956 | 0 | 8451
PACZ | Range_Medium | 70 | 16713 | 202044508870221 | 0.214974 | 130.956 | 0 | 1959
PACZ | Range_Medium | 71 | 46072 | 549363768765075 | 0.555674 | 130.956 | 0 | 4265
PACZ | Range_Medium | 72 | 18999 | 218357817360756 | 0.231028 | 130.956 | 0 | 2137
PACZ | Range_Medium | 73 | 5692 | 44922230054322 | 0.0773271 | 130.956 | 0 | 759
PACZ | Range_Medium | 74 | 4937 | 58567527808689 | 0.0700156 | 130.956 | 0 | 787
PACZ | Range_Medium | 75 | 86879 | 1033763507840511 | 1.15895 | 130.956 | 0 | 8251
PACZ | Range_Medium | 76 | 20652 | 227983218697842 | 0.224988 | 130.956 | 0 | 2203
PACZ | Range_Medium | 77 | 84345 | 992551258765557 | 1.14934 | 130.956 | 0 | 8101
PACZ | Range_Medium | 78 | 86075 | 1014484118314803 | 1.1123 | 130.956 | 0 | 8169
PACZ | Range_Medium | 79 | 4762 | 32267350910994 | 0.0682672 | 130.956 | 0 | 747
PACZ | Range_Medium | 80 | 20216 | 222590165432250 | 0.232697 | 130.956 | 0 | 2157
PACZ | Range_Medium | 81 | 14308 | 159290438426511 | 0.168006 | 130.956 | 0 | 1529
PACZ | Range_Medium | 82 | 48446 | 509667397828212 | 0.608683 | 130.956 | 0 | 4721
PACZ | Range_Medium | 83 | 24456 | 256279272384357 | 0.277996 | 130.956 | 0 | 2473
PACZ | Range_Medium | 84 | 88862 | 1051789128319239 | 1.30701 | 130.956 | 0 | 8345
PACZ | Range_Medium | 85 | 20384 | 243513223095747 | 0.25932 | 130.956 | 0 | 2213
PACZ | Range_Medium | 86 | 10624 | 122641375991988 | 0.136693 | 130.956 | 0 | 1333
PACZ | Range_Medium | 87 | 32267 | 347170568957784 | 0.437339 | 130.956 | 0 | 3275
PACZ | Range_Medium | 88 | 36027 | 431837810795103 | 0.472625 | 130.956 | 0 | 3749
PACZ | Range_Medium | 89 | 45003 | 471104488097289 | 0.581026 | 130.956 | 0 | 4423
PACZ | Range_Medium | 90 | 28652 | 348008805690693 | 0.407616 | 130.956 | 0 | 3005
PACZ | Range_Medium | 91 | 46698 | 555520287904284 | 0.613372 | 130.956 | 0 | 4333
PACZ | Range_Medium | 92 | 18263 | 213740237284296 | 0.220299 | 130.956 | 0 | 1959
PACZ | Range_Medium | 93 | 44490 | 466709605733511 | 0.630061 | 130.956 | 0 | 4353
PACZ | Range_Medium | 94 | 20875 | 252000665287716 | 0.287692 | 130.956 | 0 | 2315
PACZ | Range_Medium | 95 | 54071 | 558305056190862 | 0.810703 | 130.956 | 0 | 5215
PACZ | Range_Medium | 96 | 6542 | 74149134579474 | 0.0770092 | 130.956 | 0 | 739
PACZ | Range_Medium | 97 | 88297 | 1044991453733031 | 1.26195 | 130.956 | 0 | 8385
PACZ | Range_Medium | 98 | 11469 | 151739250299838 | 0.142654 | 130.956 | 0 | 1259
PACZ | Range_Medium | 99 | 47936 | 566134469037792 | 0.624975 | 130.956 | 0 | 4561
PACZ | Range_Large | 0 | 392588 | 4680357226120305 | 5.35901 | 130.956 | 0 | 35011
PACZ | Range_Large | 1 | 353996 | 4128344751063921 | 4.72895 | 130.956 | 0 | 30937
PACZ | Range_Large | 2 | 468796 | 5575266986812788 | 6.33136 | 130.956 | 0 | 41743
PACZ | Range_Large | 3 | 514570 | 6035007408754812 | 6.63996 | 130.956 | 0 | 45473
PACZ | Range_Large | 4 | 292812 | 3353538248768937 | 4.00535 | 130.956 | 0 | 26493
PACZ | Range_Large | 5 | 581733 | 6811206829450395 | 7.85772 | 130.956 | 0 | 51327
PACZ | Range_Large | 6 | 8 | 78262876371 | 0.00333786 | 130.956 | 0 | 67
PACZ | Range_Large | 7 | 417390 | 4964046567470763 | 5.77863 | 130.956 | 0 | 37289
PACZ | Range_Large | 8 | 403174 | 4794381121236402 | 5.488 | 130.956 | 0 | 35985
PACZ | Range_Large | 9 | 511338 | 5990877829994187 | 7.15629 | 130.956 | 0 | 45311
PACZ | Range_Large | 10 | 368710 | 4394808820407327 | 5.07998 | 130.956 | 0 | 32929
PACZ | Range_Large | 11 | 463722 | 5434508169695127 | 6.18331 | 130.956 | 0 | 40903
PACZ | Range_Large | 12 | 365139 | 4348807209759945 | 4.98732 | 130.956 | 0 | 32643
PACZ | Range_Large | 13 | 552310 | 6516047248291617 | 7.21701 | 130.956 | 0 | 48879
PACZ | Range_Large | 14 | 599396 | 7050506942414931 | 7.8036 | 130.956 | 0 | 52785
PACZ | Range_Large | 15 | 483114 | 5732083419144537 | 6.34297 | 130.956 | 0 | 43149
PACZ | Range_Large | 16 | 477846 | 5671553077492785 | 6.31062 | 130.956 | 0 | 42563
PACZ | Range_Large | 17 | 497031 | 5876843563059891 | 6.54372 | 130.956 | 0 | 44505
PACZ | Range_Large | 18 | 474553 | 5636248341486609 | 6.193 | 130.956 | 0 | 42117
PACZ | Range_Large | 19 | 398238 | 4734271782607950 | 5.21493 | 130.956 | 0 | 35521
PACZ | Range_Large | 20 | 390272 | 4542452734963497 | 4.98168 | 130.956 | 0 | 34051
PACZ | Range_Large | 21 | 420232 | 5010555783213936 | 5.47163 | 130.956 | 0 | 37499
PACZ | Range_Large | 22 | 271658 | 3088737993203664 | 3.55132 | 130.956 | 0 | 23501
PACZ | Range_Large | 23 | 616693 | 7210608926596686 | 8.08605 | 130.956 | 0 | 54093
PACZ | Range_Large | 24 | 323166 | 3756475138624659 | 4.21437 | 130.956 | 0 | 28317
PACZ | Range_Large | 25 | 617480 | 7217865698700948 | 7.85001 | 130.956 | 0 | 54143
PACZ | Range_Large | 26 | 379996 | 4427182667902233 | 4.9417 | 130.956 | 0 | 33283
PACZ | Range_Large | 27 | 591442 | 6941334961416702 | 7.67605 | 130.956 | 0 | 52077
PACZ | Range_Large | 28 | 385591 | 4483381989995208 | 5.00202 | 130.956 | 0 | 33713
PACZ | Range_Large | 29 | 531456 | 6227529519656397 | 6.90667 | 130.956 | 0 | 46907
PACZ | Range_Large | 30 | 373442 | 4341692793090840 | 4.82066 | 130.956 | 0 | 32737
PACZ | Range_Large | 31 | 561562 | 6578337699988005 | 7.29171 | 130.956 | 0 | 49621
PACZ | Range_Large | 32 | 332424 | 3814905632959557 | 4.32698 | 130.956 | 0 | 29731
PACZ | Range_Large | 33 | 450082 | 5357190775880214 | 5.85938 | 130.956 | 0 | 40061
PACZ | Range_Large | 34 | 391310 | 4563707499695736 | 5.06099 | 130.956 | 0 | 34253
PACZ | Range_Large | 35 | 479935 | 5697211287041883 | 6.25197 | 130.956 | 0 | 42819
PACZ | Range_Large | 36 | 454750 | 5413192860679818 | 5.83371 | 130.956 | 0 | 40429
PACZ | Range_Large | 37 | 477836 | 5672480210913279 | 6.12736 | 130.956 | 0 | 42573
PACZ | Range_Large | 38 | 597591 | 7009143999313761 | 7.66206 | 130.956 | 0 | 52645
PACZ | Range_Large | 39 | 345660 | 4032807468996270 | 4.56429 | 130.956 | 0 | 30401
PACZ | Range_Large | 40 | 544898 | 6384377019833196 | 7.15129 | 130.956 | 0 | 48175
PACZ | Range_Large | 41 | 470295 | 5590241069715489 | 6.13268 | 130.956 | 0 | 41797
PACZ | Range_Large | 42 | 612521 | 7175422864911060 | 7.86201 | 130.956 | 0 | 53873
PACZ | Range_Large | 43 | 565654 | 6676081220606532 | 7.41069 | 130.956 | 0 | 50043
PACZ | Range_Large | 44 | 581000 | 6825855405118734 | 7.49636 | 130.956 | 0 | 51083
PACZ | Range_Large | 45 | 469813 | 5584634551099737 | 6.13133 | 130.956 | 0 | 41763
PACZ | Range_Large | 46 | 380787 | 4546343230653198 | 4.91563 | 130.956 | 0 | 33993
PACZ | Range_Large | 47 | 368870 | 4396555087001397 | 4.70328 | 130.956 | 0 | 32939
PACZ | Range_Large | 48 | 337066 | 3929572749652086 | 4.32237 | 130.956 | 0 | 29721
PACZ | Range_Large | 49 | 371615 | 4429880725131000 | 4.82273 | 130.956 | 0 | 33147
PACZ | Range_Large | 50 | 512909 | 6011201931033993 | 6.55595 | 130.956 | 0 | 45335
PACZ | Range_Large | 51 | 600971 | 7062576596359614 | 7.69528 | 130.956 | 0 | 52845
PACZ | Range_Large | 52 | 590473 | 6930946744838943 | 7.60031 | 130.956 | 0 | 52017
PACZ | Range_Large | 53 | 471555 | 5604453418981491 | 6.17027 | 130.956 | 0 | 41913
PACZ | Range_Large | 54 | 345337 | 4029512795338608 | 4.42131 | 130.956 | 0 | 30389
PACZ | Range_Large | 55 | 366154 | 4273595293772013 | 4.69565 | 130.956 | 0 | 32097
PACZ | Range_Large | 56 | 386893 | 4501447363660650 | 4.95164 | 130.956 | 0 | 33809
PACZ | Range_Large | 57 | 408056 | 4860137722701027 | 5.39462 | 130.956 | 0 | 36279
PACZ | Range_Large | 58 | 403034 | 4805209286651976 | 5.22129 | 130.956 | 0 | 35955
PACZ | Range_Large | 59 | 300730 | 3453254074746510 | 3.86699 | 130.956 | 0 | 26265
PACZ | Range_Large | 60 | 403931 | 4802339416872498 | 5.29933 | 130.956 | 0 | 36015
PACZ | Range_Large | 61 | 428756 | 5103032888698848 | 5.58964 | 130.956 | 0 | 38311
PACZ | Range_Large | 62 | 368369 | 4388571993089418 | 4.78268 | 130.956 | 0 | 32811
PACZ | Range_Large | 63 | 402246 | 4701036881233356 | 5.17964 | 130.956 | 0 | 35405
PACZ | Range_Large | 64 | 332278 | 3868409884129476 | 4.32865 | 130.956 | 0 | 29251
PACZ | Range_Large | 65 | 265962 | 3064895630973246 | 3.50738 | 130.956 | 0 | 24057
PACZ | Range_Large | 66 | 398260 | 4754295205886541 | 5.198 | 130.956 | 0 | 35599
PACZ | Range_Large | 67 | 571272 | 6693227267007762 | 7.35307 | 130.956 | 0 | 50339
PACZ | Range_Large | 68 | 422130 | 5025253565355222 | 5.50596 | 130.956 | 0 | 37601
PACZ | Range_Large | 69 | 369886 | 4317285237744378 | 4.82965 | 130.956 | 0 | 32439
PACZ | Range_Large | 70 | 537945 | 6349433505782706 | 7.10106 | 130.956 | 0 | 47753
PACZ | Range_Large | 71 | 472787 | 5537861413236693 | 6.17568 | 130.956 | 0 | 41809
PACZ | Range_Large | 72 | 596339 | 7013807672966886 | 7.74002 | 130.956 | 0 | 52551
PACZ | Range_Large | 73 | 365888 | 4269643574130336 | 4.64837 | 130.956 | 0 | 32071
PACZ | Range_Large | 74 | 386029 | 4485196570840812 | 5.054 | 130.956 | 0 | 33725
PACZ | Range_Large | 75 | 439908 | 5237226052388325 | 5.67595 | 130.956 | 0 | 39183
PACZ | Range_Large | 76 | 385897 | 4490718884784201 | 4.99638 | 130.956 | 0 | 33717
PACZ | Range_Large | 77 | 390111 | 4541361831595224 | 5.0257 | 130.956 | 0 | 34043
PACZ | Range_Large | 78 | 392767 | 4683426164362956 | 5.15238 | 130.956 | 0 | 35007
PACZ | Range_Large | 79 | 480364 | 5631374335546278 | 6.23997 | 130.956 | 0 | 42379
PACZ | Range_Large | 80 | 591421 | 6939782991929859 | 7.69265 | 130.956 | 0 | 52165
PACZ | Range_Large | 81 | 471071 | 5599252977672831 | 6.17401 | 130.956 | 0 | 41817
PACZ | Range_Large | 82 | 390987 | 4665023803433967 | 5.37801 | 130.956 | 0 | 34909
PACZ | Range_Large | 83 | 386187 | 4603173587062299 | 5.20603 | 130.956 | 0 | 34447
PACZ | Range_Large | 84 | 551451 | 6506054807399973 | 7.15836 | 130.956 | 0 | 48803
PACZ | Range_Large | 85 | 367800 | 4384515074123973 | 4.75629 | 130.956 | 0 | 32785
PACZ | Range_Large | 86 | 576064 | 6770429876449116 | 7.49866 | 130.956 | 0 | 50721
PACZ | Range_Large | 87 | 376526 | 4378913173770780 | 5.21628 | 130.956 | 0 | 32939
PACZ | Range_Large | 88 | 470596 | 5595476262478422 | 6.12664 | 130.956 | 0 | 41809
PACZ | Range_Large | 89 | 447421 | 5244780861400560 | 6.01768 | 130.956 | 0 | 39499
PACZ | Range_Large | 90 | 590425 | 6930622824900180 | 7.79335 | 130.956 | 0 | 52005
PACZ | Range_Large | 91 | 477504 | 5597598954359004 | 6.19133 | 130.956 | 0 | 42187
PACZ | Range_Large | 92 | 266140 | 3041962500860043 | 3.49236 | 130.956 | 0 | 23985
PACZ | Range_Large | 93 | 599297 | 7036850155104585 | 7.83134 | 130.956 | 0 | 52747
PACZ | Range_Large | 94 | 471392 | 5603561286273171 | 6.19531 | 130.956 | 0 | 41905
PACZ | Range_Large | 95 | 382547 | 4446666713994837 | 4.90936 | 130.956 | 0 | 33425
PACZ | Range_Large | 96 | 584317 | 6862572445791129 | 7.56001 | 130.956 | 0 | 51455
PACZ | Range_Large | 97 | 345125 | 4012857213405465 | 4.26968 | 130.956 | 0 | 30317
PACZ | Range_Large | 98 | 569516 | 6675308963338743 | 7.28305 | 130.956 | 0 | 50255
PACZ | Range_Large | 99 | 269666 | 3065036124751785 | 3.37068 | 130.956 | 0 | 23327
PACZ | kNN_10 | 0 | 10 | 96068214735 | 0.058651 | 130.956 | 0 | 406
PACZ | kNN_10 | 1 | 10 | 90172460658 | 0.0540415 | 130.956 | 0 | 425
PACZ | kNN_10 | 2 | 10 | 90029677884 | 0.0369549 | 130.956 | 0 | 321
PACZ | kNN_10 | 3 | 10 | 119306116614 | 0.0383059 | 130.956 | 0 | 271
PACZ | kNN_10 | 4 | 10 | 102712971330 | 0.0303586 | 130.956 | 0 | 282
PACZ | kNN_10 | 5 | 10 | 90099309645 | 0.0456969 | 130.956 | 0 | 374
PACZ | kNN_10 | 6 | 10 | 146236231197 | 0.0393391 | 130.956 | 0 | 322
PACZ | kNN_10 | 7 | 10 | 135632936622 | 0.0580152 | 130.956 | 0 | 451
PACZ | kNN_10 | 8 | 10 | 122666005182 | 0.0383059 | 130.956 | 0 | 301
PACZ | kNN_10 | 9 | 10 | 109556142567 | 0.052611 | 130.956 | 0 | 479
PACZ | kNN_10 | 10 | 10 | 105025063863 | 0.0299613 | 130.956 | 0 | 228
PACZ | kNN_10 | 11 | 10 | 111007649232 | 0.0719229 | 130.956 | 0 | 590
PACZ | kNN_10 | 12 | 10 | 80980179126 | 0.0639757 | 130.956 | 0 | 603
PACZ | kNN_10 | 13 | 10 | 123022902408 | 0.0489553 | 130.956 | 0 | 366
PACZ | kNN_10 | 14 | 10 | 130163896053 | 0.0356833 | 130.956 | 0 | 324
PACZ | kNN_10 | 15 | 10 | 115848821913 | 0.0510216 | 130.956 | 0 | 470
PACZ | kNN_10 | 16 | 10 | 117877944486 | 0.0446637 | 130.956 | 0 | 410
PACZ | kNN_10 | 17 | 10 | 150027289245 | 0.0419617 | 130.956 | 0 | 366
PACZ | kNN_10 | 18 | 10 | 137276635368 | 0.0232855 | 130.956 | 0 | 158
PACZ | kNN_10 | 19 | 10 | 126818648169 | 0.0566641 | 130.956 | 0 | 523
PACZ | kNN_10 | 20 | 10 | 94498613637 | 0.0236829 | 130.956 | 0 | 231
PACZ | kNN_10 | 21 | 10 | 96793983075 | 0.0323455 | 130.956 | 0 | 268
PACZ | kNN_10 | 22 | 10 | 156153274785 | 0.0399748 | 130.956 | 0 | 351
PACZ | kNN_10 | 23 | 10 | 76328233542 | 0.0353654 | 130.956 | 0 | 323
PACZ | kNN_10 | 24 | 10 | 123294041055 | 0.0389417 | 130.956 | 0 | 298
PACZ | kNN_10 | 25 | 10 | 102454183821 | 0.0263055 | 130.956 | 0 | 241
PACZ | kNN_10 | 26 | 10 | 149362135437 | 0.0429948 | 130.956 | 0 | 315
PACZ | kNN_10 | 27 | 10 | 118560206988 | 0.0646909 | 130.956 | 0 | 530
PACZ | kNN_10 | 28 | 10 | 137277742329 | 0.0193119 | 130.956 | 0 | 165
PACZ | kNN_10 | 29 | 10 | 68686428432 | 0.0420411 | 130.956 | 0 | 367
PACZ | kNN_10 | 30 | 10 | 145420571295 | 0.0437101 | 130.956 | 0 | 313
PACZ | kNN_10 | 31 | 10 | 119907418533 | 0.0653267 | 130.956 | 0 | 475
PACZ | kNN_10 | 32 | 10 | 138179340450 | 0.0329812 | 130.956 | 0 | 261
PACZ | kNN_10 | 33 | 10 | 139839654387 | 0.0623862 | 130.956 | 0 | 529
PACZ | kNN_10 | 34 | 10 | 119290983120 | 0.044028 | 130.956 | 0 | 337
PACZ | kNN_10 | 35 | 10 | 139839665793 | 0.0433127 | 130.956 | 0 | 412
PACZ | kNN_10 | 36 | 10 | 138190254087 | 0.033617 | 130.956 | 0 | 270
PACZ | kNN_10 | 37 | 10 | 120373406031 | 0.074625 | 130.956 | 0 | 627
PACZ | kNN_10 | 38 | 10 | 123289066209 | 0.0399748 | 130.956 | 0 | 300
PACZ | kNN_10 | 39 | 10 | 122586120549 | 0.039657 | 130.956 | 0 | 353
PACZ | kNN_10 | 40 | 10 | 118549680276 | 0.0666777 | 130.956 | 0 | 542
PACZ | kNN_10 | 41 | 10 | 102698606694 | 0.0376701 | 130.956 | 0 | 357
PACZ | kNN_10 | 42 | 10 | 118552451334 | 0.0473658 | 130.956 | 0 | 428
PACZ | kNN_10 | 43 | 10 | 151755223311 | 0.0279744 | 130.956 | 0 | 215
PACZ | kNN_10 | 44 | 10 | 105666294834 | 0.0549952 | 130.956 | 0 | 463
PACZ | kNN_10 | 45 | 10 | 98446858785 | 0.0360012 | 130.956 | 0 | 259
PACZ | kNN_10 | 46 | 10 | 149678877195 | 0.0522931 | 130.956 | 0 | 490
PACZ | kNN_10 | 47 | 10 | 145420443225 | 0.0386238 | 130.956 | 0 | 322
PACZ | kNN_10 | 48 | 10 | 119269380684 | 0.0300407 | 130.956 | 0 | 267
PACZ | kNN_10 | 49 | 10 | 102608700519 | 0.0403722 | 130.956 | 0 | 359
PACZ | kNN_10 | 50 | 10 | 95523202074 | 0.0513395 | 130.956 | 0 | 476
PACZ | kNN_10 | 51 | 10 | 123294978030 | 0.0340144 | 130.956 | 0 | 269
PACZ | kNN_10 | 52 | 10 | 138180441879 | 0.0413259 | 130.956 | 0 | 291
PACZ | kNN_10 | 53 | 10 | 102552836184 | 0.0390212 | 130.956 | 0 | 342
PACZ | kNN_10 | 54 | 10 | 115191069558 | 0.0356038 | 130.956 | 0 | 265
PACZ | kNN_10 | 55 | 10 | 125374643514 | 0.0226498 | 130.956 | 0 | 213
PACZ | kNN_10 | 56 | 10 | 138794628300 | 0.0286102 | 130.956 | 0 | 209
PACZ | kNN_10 | 57 | 10 | 102358880313 | 0.0383059 | 130.956 | 0 | 301
PACZ | kNN_10 | 58 | 10 | 126099094119 | 0.0637372 | 130.956 | 0 | 522
PACZ | kNN_10 | 59 | 10 | 131296172553 | 0.0249545 | 130.956 | 0 | 224
PACZ | kNN_10 | 60 | 10 | 141945846609 | 0.0503063 | 130.956 | 0 | 492
PACZ | kNN_10 | 61 | 10 | 131263301019 | 0.0503063 | 130.956 | 0 | 375
PACZ | kNN_10 | 62 | 10 | 44007532053 | 0.0353654 | 130.956 | 0 | 279
PACZ | kNN_10 | 63 | 10 | 129607772556 | 0.0390212 | 130.956 | 0 | 309
PACZ | kNN_10 | 64 | 10 | 138376867878 | 0.0296434 | 130.956 | 0 | 238
PACZ | kNN_10 | 65 | 10 | 158680902186 | 0.044028 | 130.956 | 0 | 352
PACZ | kNN_10 | 66 | 10 | 140532457377 | 0.0417233 | 130.956 | 0 | 340
PACZ | kNN_10 | 67 | 10 | 103038111441 | 0.0636578 | 130.956 | 0 | 493
PACZ | kNN_10 | 68 | 10 | 118551646653 | 0.0639757 | 130.956 | 0 | 502
PACZ | kNN_10 | 69 | 10 | 141002809080 | 0.0363191 | 130.956 | 0 | 334
PACZ | kNN_10 | 70 | 10 | 123288441315 | 0.0443459 | 130.956 | 0 | 328
PACZ | kNN_10 | 71 | 10 | 124994210142 | 0.0266234 | 130.956 | 0 | 258
PACZ | kNN_10 | 72 | 10 | 102357442215 | 0.0376701 | 130.956 | 0 | 318
PACZ | kNN_10 | 73 | 10 | 59648263896 | 0.0449816 | 130.956 | 0 | 419
PACZ | kNN_10 | 74 | 10 | 126337655451 | 0.0516574 | 130.956 | 0 | 468
PACZ | kNN_10 | 75 | 10 | 97519908294 | 0.0199477 | 130.956 | 0 | 182
PACZ | kNN_10 | 76 | 10 | 158274097119 | 0.0513395 | 130.956 | 0 | 460
PACZ | kNN_10 | 77 | 10 | 96739986618 | 0.0306765 | 130.956 | 0 | 234
PACZ | kNN_10 | 78 | 10 | 102711311310 | 0.0293255 | 130.956 | 0 | 284
PACZ | kNN_10 | 79 | 10 | 126943955688 | 0.0420411 | 130.956 | 0 | 435
PACZ | kNN_10 | 80 | 10 | 127036264593 | 0.0452995 | 130.956 | 0 | 446
PACZ | kNN_10 | 81 | 10 | 125375851122 | 0.0282923 | 130.956 | 0 | 241
PACZ | kNN_10 | 82 | 10 | 128231146188 | 0.055631 | 130.956 | 0 | 457
PACZ | kNN_10 | 83 | 10 | 100018482207 | 0.0299613 | 130.956 | 0 | 227
PACZ | kNN_10 | 84 | 10 | 122072088573 | 0.0283718 | 130.956 | 0 | 221
PACZ | kNN_10 | 85 | 10 | 147691825926 | 0.0437101 | 130.956 | 0 | 309
PACZ | kNN_10 | 86 | 10 | 59605534998 | 0.0300407 | 130.956 | 0 | 248
PACZ | kNN_10 | 87 | 10 | 84186823332 | 0.0280539 | 130.956 | 0 | 240
PACZ | kNN_10 | 88 | 10 | 126434186289 | 0.077645 | 130.956 | 0 | 638
PACZ | kNN_10 | 89 | 10 | 147541961025 | 0.0572999 | 130.956 | 0 | 473
PACZ | kNN_10 | 90 | 10 | 131920700460 | 0.0336965 | 130.956 | 0 | 258
PACZ | kNN_10 | 91 | 10 | 137336424891 | 0.0143051 | 130.956 | 0 | 108
PACZ | kNN_10 | 92 | 10 | 131960571969 | 0.0703335 | 130.956 | 0 | 565
PACZ | kNN_10 | 93 | 10 | 121303032294 | 0.0303586 | 130.956 | 0 | 281
PACZ | kNN_10 | 94 | 10 | 103807832733 | 0.0290076 | 130.956 | 0 | 245
PACZ | kNN_10 | 95 | 10 | 147540030375 | 0.0492732 | 130.956 | 0 | 450
PACZ | kNN_10 | 96 | 10 | 137759889183 | 0.0209808 | 130.956 | 0 | 201
PACZ | kNN_10 | 97 | 10 | 139289258880 | 0.0203451 | 130.956 | 0 | 197
PACZ | kNN_10 | 98 | 10 | 102669091176 | 0.0302792 | 130.956 | 0 | 277
PACZ | kNN_10 | 99 | 10 | 102357531528 | 0.037988 | 130.956 | 0 | 320
PACZ | kNN_100 | 0 | 100 | 960682155327 | 0.289043 | 130.956 | 0 | 675
PACZ | kNN_100 | 1 | 100 | 901724592846 | 0.379324 | 130.956 | 0 | 993
PACZ | kNN_100 | 2 | 100 | 900296794101 | 0.241995 | 130.956 | 0 | 636
PACZ | kNN_100 | 3 | 100 | 1193061153495 | 0.216325 | 130.956 | 0 | 515
PACZ | kNN_100 | 4 | 100 | 1027269982002 | 0.211954 | 130.956 | 0 | 569
PACZ | kNN_100 | 5 | 100 | 900993076806 | 0.298023 | 130.956 | 0 | 726
PACZ | kNN_100 | 6 | 100 | 1346880870708 | 0.248353 | 130.956 | 0 | 572
PACZ | kNN_100 | 7 | 100 | 1347027920784 | 0.323613 | 130.956 | 0 | 847
PACZ | kNN_100 | 8 | 100 | 1226659910079 | 0.228326 | 130.956 | 0 | 532
PACZ | kNN_100 | 9 | 100 | 1201094201955 | 0.334024 | 130.956 | 0 | 945
PACZ | kNN_100 | 10 | 100 | 960777045792 | 0.207663 | 130.956 | 0 | 466
PACZ | kNN_100 | 11 | 100 | 1084840803087 | 0.36033 | 130.956 | 0 | 974
PACZ | kNN_100 | 12 | 100 | 1082820185829 | 0.365337 | 130.956 | 0 | 1027
PACZ | kNN_100 | 13 | 100 | 1224465027987 | 0.255346 | 130.956 | 0 | 650
PACZ | kNN_100 | 14 | 100 | 1301638992054 | 0.219981 | 130.956 | 0 | 573
PACZ | kNN_100 | 15 | 100 | 1202484554322 | 0.277042 | 130.956 | 0 | 897
PACZ | kNN_100 | 16 | 100 | 1265198388552 | 0.31805 | 130.956 | 0 | 835
PACZ | kNN_100 | 17 | 100 | 1500272893650 | 0.212034 | 130.956 | 0 | 678
PACZ | kNN_100 | 18 | 100 | 1372764660492 | 0.125647 | 130.956 | 0 | 262
PACZ | kNN_100 | 19 | 100 | 1265725247241 | 0.373363 | 130.956 | 0 | 1109
PACZ | kNN_100 | 20 | 100 | 1274980327449 | 0.147978 | 130.956 | 0 | 412
PACZ | kNN_100 | 21 | 100 | 894441758319 | 0.161648 | 130.956 | 0 | 461
PACZ | kNN_100 | 22 | 100 | 1561530484386 | 0.232935 | 130.956 | 0 | 713
PACZ | kNN_100 | 23 | 100 | 747445061325 | 0.184695 | 130.956 | 0 | 561
PACZ | kNN_100 | 24 | 100 | 1232936764455 | 0.210365 | 130.956 | 0 | 568
PACZ | kNN_100 | 25 | 100 | 919181001840 | 0.165304 | 130.956 | 0 | 485
PACZ | kNN_100 | 26 | 100 | 1477265753235 | 0.189304 | 130.956 | 0 | 442
PACZ | kNN_100 | 27 | 100 | 1188304056183 | 0.317335 | 130.956 | 0 | 893
PACZ | kNN_100 | 28 | 100 | 1372777425252 | 0.108004 | 130.956 | 0 | 281
PACZ | kNN_100 | 29 | 100 | 855511569885 | 0.225623 | 130.956 | 0 | 687
PACZ | kNN_100 | 30 | 100 | 1449769814718 | 0.218312 | 130.956 | 0 | 571
PACZ | kNN_100 | 31 | 100 | 1205056701858 | 0.335693 | 130.956 | 0 | 788
PACZ | kNN_100 | 32 | 100 | 1399909649031 | 0.152032 | 130.956 | 0 | 391
PACZ | kNN_100 | 33 | 100 | 1398399931119 | 0.329336 | 130.956 | 0 | 924
PACZ | kNN_100 | 34 | 100 | 1192858925817 | 0.199954 | 130.956 | 0 | 540
PACZ | kNN_100 | 35 | 100 | 1398397867611 | 0.260989 | 130.956 | 0 | 784
PACZ | kNN_100 | 36 | 100 | 1381903858191 | 0.203053 | 130.956 | 0 | 530
PACZ | kNN_100 | 37 | 100 | 1126609536699 | 0.396649 | 130.956 | 0 | 1196
PACZ | kNN_100 | 38 | 100 | 1232890722315 | 0.231345 | 130.956 | 0 | 585
PACZ | kNN_100 | 39 | 100 | 1197474543162 | 0.215689 | 130.956 | 0 | 662
PACZ | kNN_100 | 40 | 100 | 1196343052767 | 0.321388 | 130.956 | 0 | 981
PACZ | kNN_100 | 41 | 100 | 1034930810409 | 0.215689 | 130.956 | 0 | 652
PACZ | kNN_100 | 42 | 100 | 1186426711575 | 0.279029 | 130.956 | 0 | 890
PACZ | kNN_100 | 43 | 100 | 1328124142650 | 0.157992 | 130.956 | 0 | 411
PACZ | kNN_100 | 44 | 100 | 1032221860494 | 0.274658 | 130.956 | 0 | 923
PACZ | kNN_100 | 45 | 100 | 940566265623 | 0.151634 | 130.956 | 0 | 409
PACZ | kNN_100 | 46 | 100 | 1465686768954 | 0.295719 | 130.956 | 0 | 885
PACZ | kNN_100 | 47 | 100 | 1453455147237 | 0.23365 | 130.956 | 0 | 635
PACZ | kNN_100 | 48 | 100 | 1192696674543 | 0.221014 | 130.956 | 0 | 482
PACZ | kNN_100 | 49 | 100 | 1026389374575 | 0.218709 | 130.956 | 0 | 724
PACZ | kNN_100 | 50 | 100 | 1011961793700 | 0.296354 | 130.956 | 0 | 879
PACZ | kNN_100 | 51 | 100 | 1232950783827 | 0.180006 | 130.956 | 0 | 523
PACZ | kNN_100 | 52 | 100 | 1381807755069 | 0.176986 | 130.956 | 0 | 541
PACZ | kNN_100 | 53 | 100 | 1025531215128 | 0.215371 | 130.956 | 0 | 605
PACZ | kNN_100 | 54 | 100 | 1217582420643 | 0.176032 | 130.956 | 0 | 525
PACZ | kNN_100 | 55 | 100 | 1253746230495 | 0.145356 | 130.956 | 0 | 455
PACZ | kNN_100 | 56 | 100 | 1387946486790 | 0.145038 | 130.956 | 0 | 407
PACZ | kNN_100 | 57 | 100 | 1023588661035 | 0.195344 | 130.956 | 0 | 576
PACZ | kNN_100 | 58 | 100 | 1260991160478 | 0.322024 | 130.956 | 0 | 1102
PACZ | kNN_100 | 59 | 100 | 1382916309516 | 0.180324 | 130.956 | 0 | 412
PACZ | kNN_100 | 60 | 100 | 1442673026922 | 0.259002 | 130.956 | 0 | 871
PACZ | kNN_100 | 61 | 100 | 1257928336191 | 0.235399 | 130.956 | 0 | 613
PACZ | kNN_100 | 62 | 100 | 440075317353 | 0.170708 | 130.956 | 0 | 460
PACZ | kNN_100 | 63 | 100 | 1339809835437 | 0.197331 | 130.956 | 0 | 594
PACZ | kNN_100 | 64 | 100 | 1324928322792 | 0.167688 | 130.956 | 0 | 460
PACZ | kNN_100 | 65 | 100 | 1540526906580 | 0.229994 | 130.956 | 0 | 619
PACZ | kNN_100 | 66 | 100 | 1424716674681 | 0.248988 | 130.956 | 0 | 601
PACZ | kNN_100 | 67 | 100 | 1148133609834 | 0.322262 | 130.956 | 0 | 937
PACZ | kNN_100 | 68 | 100 | 1189570587339 | 0.331958 | 130.956 | 0 | 928
PACZ | kNN_100 | 69 | 100 | 1383729847275 | 0.179291 | 130.956 | 0 | 556
PACZ | kNN_100 | 70 | 100 | 1232884387428 | 0.217994 | 130.956 | 0 | 608
PACZ | kNN_100 | 71 | 100 | 1242353923011 | 0.169992 | 130.956 | 0 | 475
PACZ | kNN_100 | 72 | 100 | 1027885257588 | 0.176668 | 130.956 | 0 | 578
PACZ | kNN_100 | 73 | 100 | 596482617192 | 0.276009 | 130.956 | 0 | 954
PACZ | kNN_100 | 74 | 100 | 1263479747979 | 0.244617 | 130.956 | 0 | 867
PACZ | kNN_100 | 75 | 100 | 1106636095068 | 0.0986258 | 130.956 | 0 | 265
PACZ | kNN_100 | 76 | 100 | 1514627935530 | 0.280301 | 130.956 | 0 | 928
PACZ | kNN_100 | 77 | 100 | 1102586903010 | 0.156403 | 130.956 | 0 | 436
PACZ | kNN_100 | 78 | 100 | 1027106590992 | 0.173648 | 130.956 | 0 | 572
PACZ | kNN_100 | 79 | 100 | 1208466813825 | 0.277599 | 130.956 | 0 | 962
PACZ | kNN_100 | 80 | 100 | 1266725272563 | 0.223319 | 130.956 | 0 | 804
PACZ | kNN_100 | 81 | 100 | 1253758492467 | 0.167688 | 130.956 | 0 | 472
PACZ | kNN_100 | 82 | 100 | 1282311447036 | 0.249068 | 130.956 | 0 | 858
PACZ | kNN_100 | 83 | 100 | 950774902716 | 0.166337 | 130.956 | 0 | 461
PACZ | kNN_100 | 84 | 100 | 1220725973058 | 0.161012 | 130.956 | 0 | 413
PACZ | kNN_100 | 85 | 100 | 1462869352302 | 0.17635 | 130.956 | 0 | 454
PACZ | kNN_100 | 86 | 100 | 596055280284 | 0.173012 | 130.956 | 0 | 517
PACZ | kNN_100 | 87 | 100 | 1011292054749 | 0.142654 | 130.956 | 0 | 455
PACZ | kNN_100 | 88 | 100 | 1264340589447 | 0.469685 | 130.956 | 0 | 1122
PACZ | kNN_100 | 89 | 100 | 1386281575029 | 0.436306 | 130.956 | 0 | 972
PACZ | kNN_100 | 90 | 100 | 1323096062145 | 0.173648 | 130.956 | 0 | 470
PACZ | kNN_100 | 91 | 100 | 1373364272190 | 0.0700156 | 130.956 | 0 | 186
PACZ | kNN_100 | 92 | 100 | 1326265408932 | 0.330369 | 130.956 | 0 | 976
PACZ | kNN_100 | 93 | 100 | 1177865401728 | 0.143051 | 130.956 | 0 | 397
PACZ | kNN_100 | 94 | 100 | 1038088585701 | 0.160297 | 130.956 | 0 | 467
PACZ | kNN_100 | 95 | 100 | 1334780667201 | 0.24128 | 130.956 | 0 | 830
PACZ | kNN_100 | 96 | 100 | 1338952162344 | 0.140667 | 130.956 | 0 | 380
PACZ | kNN_100 | 97 | 100 | 1392892559286 | 0.105699 | 130.956 | 0 | 356
PACZ | kNN_100 | 98 | 100 | 1026694130958 | 0.243664 | 130.956 | 0 | 577
PACZ | kNN_100 | 99 | 100 | 1040826934137 | 0.208616 | 130.956 | 0 | 574
