Algo | QType | QID | Count | Hash | Time_ms | Mem_Tree_MB | Mem_Delta_MB | Nodes
PACZ | Range_Small | 0 | 172 | 2524764983202 | 0.0073115 | 60.4099 | 0 | 151
PACZ | Range_Small | 1 | 618 | 6897625797102 | 0.0162919 | 60.4099 | 0 | 329
PACZ | Range_Small | 2 | 1586 | 18835691908548 | 0.0219345 | 60.4099 | 0 | 367
PACZ | Range_Small | 3 | 24 | 105618015504 | 0.0046889 | 60.4099 | 0 | 173
PACZ | Range_Small | 4 | 1221 | 15054346587552 | 0.015974 | 60.4099 | 0 | 305
PACZ | Range_Small | 5 | 892 | 10684443783066 | 0.0139872 | 60.4099 | 0 | 321
PACZ | Range_Small | 6 | 275 | 3738380532456 | 0.00603994 | 60.4099 | 0 | 161
PACZ | Range_Small | 7 | 1354 | 18758089679529 | 0.0256697 | 60.4099 | 0 | 327
PACZ | Range_Small | 8 | 65 | 790423880535 | 0.0046889 | 60.4099 | 0 | 155
PACZ | Range_Small | 9 | 676 | 9194948224797 | 0.0123183 | 60.4099 | 0 | 245
PACZ | Range_Small | 10 | 114 | 559312905249 | 0.0130335 | 60.4099 | 0 | 151
PACZ | Range_Small | 11 | 4249 | 54240153166236 | 0.0673135 | 60.4099 | 0 | 765
PACZ | Range_Small | 12 | 878 | 10901845579794 | 0.0193119 | 60.4099 | 0 | 419
PACZ | Range_Small | 13 | 10310 | 128877170814888 | 0.150681 | 60.4099 | 0 | 1337
PACZ | Range_Small | 14 | 1704 | 20294406161841 | 0.0332991 | 60.4099 | 0 | 359
PACZ | Range_Small | 15 | 1949 | 23386529206107 | 0.0253518 | 60.4099 | 0 | 357
PACZ | Range_Small | 16 | 1660 | 26356243076085 | 0.0249545 | 60.4099 | 0 | 427
PACZ | Range_Small | 17 | 440 | 4278506648169 | 0.0107288 | 60.4099 | 0 | 221
PACZ | Range_Small | 18 | 1574 | 16404208330359 | 0.0306765 | 60.4099 | 0 | 417
PACZ | Range_Small | 19 | 416 | 3919996504656 | 0.00834465 | 60.4099 | 0 | 245
PACZ | Range_Small | 20 | 259 | 3154926088848 | 0.00802676 | 60.4099 | 0 | 205
PACZ | Range_Small | 21 | 40 | 501498459777 | 0.00603994 | 60.4099 | 0 | 189
PACZ | Range_Small | 22 | 5069 | 62278325892867 | 0.0563463 | 60.4099 | 0 | 725
PACZ | Range_Small | 23 | 2431 | 29153480216727 | 0.0332991 | 60.4099 | 0 | 465
PACZ | Range_Small | 24 | 1380 | 16562584453902 | 0.0246366 | 60.4099 | 0 | 373
PACZ | Range_Small | 25 | 6900 | 86311763199132 | 0.100056 | 60.4099 | 0 | 973
PACZ | Range_Small | 26 | 577 | 7264591630434 | 0.0156562 | 60.4099 | 0 | 269
PACZ | Range_Small | 27 | 4402 | 40394937291975 | 0.0489553 | 60.4099 | 0 | 577
PACZ | Range_Small | 28 | 6692 | 84144567986457 | 0.0819365 | 60.4099 | 0 | 841
PACZ | Range_Small | 29 | 51 | 224462445129 | 0.00397364 | 60.4099 | 0 | 143
PACZ | Range_Small | 30 | 106 | 1494604026537 | 0.00603994 | 60.4099 | 0 | 195
PACZ | Range_Small | 31 | 1743 | 20700685509576 | 0.0313918 | 60.4099 | 0 | 389
PACZ | Range_Small | 32 | 1283 | 15254235483618 | 0.0329812 | 60.4099 | 0 | 383
PACZ | Range_Small | 33 | 162 | 1285702468140 | 0.00905991 | 60.4099 | 0 | 237
PACZ | Range_Small | 34 | 1049 | 11096981327220 | 0.0147025 | 60.4099 | 0 | 287
PACZ | Range_Small | 35 | 3863 | 48597167371572 | 0.0469685 | 60.4099 | 0 | 661
PACZ | Range_Small | 36 | 1343 | 15903510020904 | 0.0179609 | 60.4099 | 0 | 339
PACZ | Range_Small | 37 | 609 | 5384697087006 | 0.0166893 | 60.4099 | 0 | 263
PACZ | Range_Small | 38 | 296 | 3229723184211 | 0.00866254 | 60.4099 | 0 | 255
PACZ | Range_Small | 39 | 1543 | 19425144034719 | 0.0290076 | 60.4099 | 0 | 377
PACZ | Range_Small | 40 | 97 | 1191808219764 | 0.00596046 | 60.4099 | 0 | 207
PACZ | Range_Small | 41 | 1094 | 12963738442398 | 0.0170072 | 60.4099 | 0 | 271
PACZ | Range_Small | 42 | 23 | 101227974900 | 0.00929832 | 60.4099 | 0 | 181
PACZ | Range_Small | 43 | 3909 | 48372429715290 | 0.0576973 | 60.4099 | 0 | 663
PACZ | Range_Small | 44 | 5944 | 74861350545978 | 0.0713666 | 60.4099 | 0 | 839
PACZ | Range_Small | 45 | 1038 | 15469345218225 | 0.0236829 | 60.4099 | 0 | 319
PACZ | Range_Small | 46 | 713 | 8879208958002 | 0.0103315 | 60.4099 | 0 | 255
PACZ | Range_Small | 47 | 1373 | 18962558918871 | 0.0252724 | 60.4099 | 0 | 299
PACZ | Range_Small | 48 | 82 | 904021571274 | 0.00564257 | 60.4099 | 0 | 167
PACZ | Range_Small | 49 | 345 | 1496863140765 | 0.00770887 | 60.4099 | 0 | 175
PACZ | Range_Small | 50 | 63 | 646823922102 | 0.00667572 | 60.4099 | 0 | 203
PACZ | Range_Small | 51 | 240 | 2994840779385 | 0.0120004 | 60.4099 | 0 | 231
PACZ | Range_Small | 52 | 4234 | 52427488227927 | 0.0543594 | 60.4099 | 0 | 561
PACZ | Range_Small | 53 | 171 | 1640662346250 | 0.00492732 | 60.4099 | 0 | 155
PACZ | Range_Small | 54 | 767 | 8201930325306 | 0.0120004 | 60.4099 | 0 | 247
PACZ | Range_Small | 55 | 2621 | 32557731425664 | 0.0369549 | 60.4099 | 0 | 463
PACZ | Range_Small | 56 | 591 | 7190371318020 | 0.011603 | 60.4099 | 0 | 277
PACZ | Range_Small | 57 | 1627 | 16829171205504 | 0.0329812 | 60.4099 | 0 | 427
PACZ | Range_Small | 58 | 2140 | 23304917587230 | 0.0360012 | 60.4099 | 0 | 441
PACZ | Range_Small | 59 | 10401 | 129445386331710 | 0.134627 | 60.4099 | 0 | 1309
PACZ | Range_Small | 60 | 1325 | 15686142363147 | 0.0179609 | 60.4099 | 0 | 317
PACZ | Range_Small | 61 | 869 | 10367773460907 | 0.0259876 | 60.4099 | 0 | 281
PACZ | Range_Small | 62 | 696 | 8587268927190 | 0.0203451 | 60.4099 | 0 | 277
PACZ | Range_Small | 63 | 136 | 1465879835409 | 0.0109673 | 60.4099 | 0 | 207
PACZ | Range_Small | 64 | 535 | 3854161303236 | 0.0207424 | 60.4099 | 0 | 269
PACZ | Range_Small | 65 | 365 | 3955547901654 | 0.00802676 | 60.4099 | 0 | 235
PACZ | Range_Small | 66 | 71 | 977099181498 | 0.00429153 | 60.4099 | 0 | 147
PACZ | Range_Small | 67 | 20025 | 237878834439195 | 0.263294 | 60.4099 | 0 | 2187
PACZ | Range_Small | 68 | 3070 | 38185095256623 | 0.0446637 | 60.4099 | 0 | 477
PACZ | Range_Small | 69 | 622 | 4855375129689 | 0.0156562 | 60.4099 | 0 | 267
PACZ | Range_Small | 70 | 7488 | 94313638629966 | 0.0836054 | 60.4099 | 0 | 921
PACZ | Range_Small | 71 | 1198 | 12849395430903 | 0.0247161 | 60.4099 | 0 | 329
PACZ | Range_Small | 72 | 478 | 5949898210767 | 0.0127157 | 60.4099 | 0 | 223
PACZ | Range_Small | 73 | 524 | 5374608605445 | 0.0153383 | 60.4099 | 0 | 291
PACZ | Range_Small | 74 | 1384 | 14775835897236 | 0.022014 | 60.4099 | 0 | 321
PACZ | Range_Small | 75 | 846 | 10028031741564 | 0.011603 | 60.4099 | 0 | 257
PACZ | Range_Small | 76 | 1 | 2522558841 | 0.00127157 | 60.4099 | 0 | 41
PACZ | Range_Small | 77 | 823 | 5616146021718 | 0.0219345 | 60.4099 | 0 | 283
PACZ | Range_Small | 78 | 1801 | 21921764484906 | 0.0276566 | 60.4099 | 0 | 389
PACZ | Range_Small | 79 | 2128 | 22301784104898 | 0.0406901 | 60.4099 | 0 | 447
PACZ | Range_Small | 80 | 903 | 10816201914981 | 0.017643 | 60.4099 | 0 | 323
PACZ | Range_Small | 81 | 60 | 648145345488 | 0.00397364 | 60.4099 | 0 | 167
PACZ | Range_Small | 82 | 17859 | 219298524711540 | 0.211 | 60.4099 | 0 | 1937
PACZ | Range_Small | 83 | 2822 | 35035912303545 | 0.0456969 | 60.4099 | 0 | 501
PACZ | Range_Small | 84 | 191 | 2027674731282 | 0.00969569 | 60.4099 | 0 | 173
PACZ | Range_Small | 85 | 1527 | 12477790101093 | 0.0263055 | 60.4099 | 0 | 401
PACZ | Range_Small | 86 | 1 | 919340883 | 0.0026226 | 60.4099 | 0 | 111
PACZ | Range_Small | 87 | 704 | 8202545028888 | 0.0186761 | 60.4099 | 0 | 299
PACZ | Range_Small | 88 | 2390 | 23919048132300 | 0.041008 | 60.4099 | 0 | 465
PACZ | Range_Small | 89 | 559 | 7268003897589 | 0.0174046 | 60.4099 | 0 | 269
PACZ | Range_Small | 90 | 53 | 747666513708 | 0.0046889 | 60.4099 | 0 | 147
PACZ | Range_Small | 91 | 19494 | 231891670971846 | 0.244617 | 60.4099 | 0 | 2195
PACZ | Range_Small | 92 | 1243 | 17384432670456 | 0.023365 | 60.4099 | 0 | 349
PACZ | Range_Small | 93 | 275 | 3259540857885 | 0.0127157 | 60.4099 | 0 | 239
PACZ | Range_Small | 94 | 929 | 11128934717511 | 0.0263055 | 60.4099 | 0 | 329
PACZ | Range_Small | 95 | 610 | 7106504744034 | 0.0182788 | 60.4099 | 0 | 261
PACZ | Range_Small | 96 | 10261 | 127983767685267 | 0.118653 | 60.4099 | 0 | 1359
PACZ | Range_Small | 97 | 66 | 621104311383 | 0.00659625 | 60.4099 | 0 | 185
PACZ | Range_Small | 98 | 45 | 538968463068 | 0.00762939 | 60.4099 | 0 | 251
PACZ | Range_Small | 99 | 1712 | 18382501220772 | 0.0202656 | 60.4099 | 0 | 361
PACZ | Range_Medium | 0 | 14410 | 182497211610906 | 0.147025 | 60.4099 | 0 | 1449
PACZ | Range_Medium | 1 | 2885 | 38881315816452 | 0.0370344 | 60.4099 | 0 | 455
PACZ | Range_Medium | 2 | 44121 | 528145295311068 | 0.428677 | 60.4099 | 0 | 3977
PACZ | Range_Medium | 3 | 23207 | 281614358843133 | 0.202656 | 60.4099 | 0 | 2321
PACZ | Range_Medium | 4 | 6495 | 74772933296406 | 0.0709693 | 60.4099 | 0 | 811
PACZ | Range_Medium | 5 | 2857 | 28451506965666 | 0.0293255 | 60.4099 | 0 | 459
PACZ | Range_Medium | 6 | 51557 | 627341879952186 | 0.467618 | 60.4099 | 0 | 4411
PACZ | Range_Medium | 7 | 105079 | 1244595303973524 | 1.18065 | 60.4099 | 0 | 9155
PACZ | Range_Medium | 8 | 47340 | 498546905303640 | 0.440995 | 60.4099 | 0 | 4281
PACZ | Range_Medium | 9 | 35230 | 382121183138094 | 0.285308 | 60.4099 | 0 | 3299
PACZ | Range_Medium | 10 | 24107 | 294779592735930 | 0.202974 | 60.4099 | 0 | 2263
PACZ | Range_Medium | 11 | 44069 | 499422580101846 | 0.421286 | 60.4099 | 0 | 4095
PACZ | Range_Medium | 12 | 71928 | 825458258985756 | 0.714382 | 60.4099 | 0 | 6073
PACZ | Range_Medium | 13 | 3489 | 39355713055659 | 0.0406901 | 60.4099 | 0 | 523
PACZ | Range_Medium | 14 | 53941 | 748026905396904 | 0.490983 | 60.4099 | 0 | 4625
PACZ | Range_Medium | 15 | 42043 | 567150909500835 | 0.339667 | 60.4099 | 0 | 3721
PACZ | Range_Medium | 16 | 2679 | 32228066204523 | 0.0259876 | 60.4099 | 0 | 367
PACZ | Range_Medium | 17 | 40915 | 438150719517900 | 0.380993 | 60.4099 | 0 | 3685
PACZ | Range_Medium | 18 | 45177 | 543600625763499 | 0.411034 | 60.4099 | 0 | 4043
PACZ | Range_Medium | 19 | 43952 | 497028037888326 | 0.410716 | 60.4099 | 0 | 4077
PACZ | Range_Medium | 20 | 28074 | 334318731645027 | 0.273625 | 60.4099 | 0 | 2639
PACZ | Range_Medium | 21 | 40759 | 436830595349874 | 0.390053 | 60.4099 | 0 | 3651
PACZ | Range_Medium | 22 | 16761 | 200623764660321 | 0.147978 | 60.4099 | 0 | 1619
PACZ | Range_Medium | 23 | 25663 | 316213715332887 | 0.238021 | 60.4099 | 0 | 2503
PACZ | Range_Medium | 24 | 44851 | 536781470816205 | 0.428994 | 60.4099 | 0 | 4035
PACZ | Range_Medium | 25 | 32237 | 388310134273617 | 0.312964 | 60.4099 | 0 | 3071
PACZ | Range_Medium | 26 | 44574 | 487586213888961 | 0.485023 | 60.4099 | 0 | 4047
PACZ | Range_Medium | 27 | 44229 | 619367190316614 | 0.450055 | 60.4099 | 0 | 3953
PACZ | Range_Medium | 28 | 32756 | 370963548278844 | 0.327031 | 60.4099 | 0 | 3243
PACZ | Range_Medium | 29 | 61159 | 717773070302397 | 0.613689 | 60.4099 | 0 | 5319
PACZ | Range_Medium | 30 | 39488 | 531290369467296 | 0.405312 | 60.4099 | 0 | 3519
PACZ | Range_Medium | 31 | 1232 | 10661496671946 | 0.0226498 | 60.4099 | 0 | 343
PACZ | Range_Medium | 32 | 81518 | 911813879365146 | 0.911951 | 60.4099 | 0 | 7103
PACZ | Range_Medium | 33 | 4342 | 48871582691742 | 0.0459353 | 60.4099 | 0 | 529
PACZ | Range_Medium | 34 | 44682 | 534437999527728 | 0.425021 | 60.4099 | 0 | 3969
PACZ | Range_Medium | 35 | 101081 | 1186563465151689 | 1.20966 | 60.4099 | 0 | 9037
PACZ | Range_Medium | 36 | 13418 | 159501065529030 | 0.151952 | 60.4099 | 0 | 1555
PACZ | Range_Medium | 37 | 41067 | 556467680989278 | 0.413338 | 60.4099 | 0 | 3671
PACZ | Range_Medium | 38 | 93722 | 1110990783325374 | 1.09394 | 60.4099 | 0 | 8259
PACZ | Range_Medium | 39 | 8100 | 89714420446215 | 0.0843207 | 60.4099 | 0 | 917
PACZ | Range_Medium | 40 | 105533 | 1248440055572046 | 1.2277 | 60.4099 | 0 | 9261
PACZ | Range_Medium | 41 | 74756 | 854727046111269 | 0.812689 | 60.4099 | 0 | 6411
PACZ | Range_Medium | 42 | 100024 | 1175795435383419 | 1.21133 | 60.4099 | 0 | 8865
PACZ | Range_Medium | 43 | 4194 | 57153969529044 | 0.0543594 | 60.4099 | 0 | 641
PACZ | Range_Medium | 44 | 52857 | 726726754103205 | 0.553052 | 60.4099 | 0 | 4609
PACZ | Range_Medium | 45 | 3980 | 52342351689879 | 0.0583331 | 60.4099 | 0 | 685
PACZ | Range_Medium | 46 | 105474 | 1247967130985211 | 1.266 | 60.4099 | 0 | 9277
PACZ | Range_Medium | 47 | 4202 | 54024810855696 | 0.0510216 | 60.4099 | 0 | 623
PACZ | Range_Medium | 48 | 40642 | 486882314819820 | 0.410318 | 60.4099 | 0 | 3617
PACZ | Range_Medium | 49 | 26837 | 309596867867316 | 0.288645 | 60.4099 | 0 | 2681
PACZ | Range_Medium | 50 | 42346 | 443577577503852 | 0.455697 | 60.4099 | 0 | 3975
PACZ | Range_Medium | 51 | 37993 | 511420853563065 | 0.422001 | 60.4099 | 0 | 3487
PACZ | Range_Medium | 52 | 28390 | 348440748880821 | 0.291348 | 60.4099 | 0 | 2669
PACZ | Range_Medium | 53 | 104010 | 1234467327107640 | 1.2753 | 60.4099 | 0 | 9069
PACZ | Range_Medium | 54 | 53555 | 641639776823727 | 0.575384 | 60.4099 | 0 | 4607
PACZ | Range_Medium | 55 | 23895 | 291991511497911 | 0.249942 | 60.4099 | 0 | 2303
PACZ | Range_Medium | 56 | 39354 | 524842852555443 | 0.436385 | 60.4099 | 0 | 3671
PACZ | Range_Medium | 57 | 100292 | 1178438077133499 | 1.21633 | 60.4099 | 0 | 8873
PACZ | Range_Medium | 58 | 38436 | 419242190370645 | 0.424623 | 60.4099 | 0 | 3553
PACZ | Range_Medium | 59 | 27251 | 314052540156615 | 0.279347 | 60.4099 | 0 | 2627
PACZ | Range_Medium | 60 | 43686 | 475992849755313 | 0.521024 | 60.4099 | 0 | 4019
PACZ | Range_Medium | 61 | 29196 | 324699973128852 | 0.30001 | 60.4099 | 0 | 2729
PACZ | Range_Medium | 62 | 65996 | 767168035326159 | 0.73266 | 60.4099 | 0 | 5757
PACZ | Range_Medium | 63 | 23574 | 312147309377928 | 0.246604 | 60.4099 | 0 | 2309
PACZ | Range_Medium | 64 | 94656 | 1119446250429120 | 1.15403 | 60.4099 | 0 | 8281
PACZ | Range_Medium | 65 | 22896 | 273295847742048 | 0.238021 | 60.4099 | 0 | 2331
PACZ | Range_Medium | 66 | 22211 | 266679565522854 | 0.239372 | 60.4099 | 0 | 2261
PACZ | Range_Medium | 67 | 31109 | 372021081724083 | 0.32107 | 60.4099 | 0 | 2881
PACZ | Range_Medium | 68 | 34828 | 466314250468509 | 0.368675 | 60.4099 | 0 | 3319
PACZ | Range_Medium | 69 | 8910 | 110241458928387 | 0.101964 | 60.4099 | 0 | 1071
PACZ | Range_Medium | 70 | 94547 | 1120070629444608 | 1.15569 | 60.4099 | 0 | 8317
PACZ | Range_Medium | 71 | 22106 | 238726419708447 | 0.224352 | 60.4099 | 0 | 2213
PACZ | Range_Medium | 72 | 32761 | 359420280222570 | 0.347694 | 60.4099 | 0 | 3097
PACZ | Range_Medium | 73 | 58027 | 686244204319731 | 0.68299 | 60.4099 | 0 | 5085
PACZ | Range_Medium | 74 | 35091 | 357063164840151 | 0.368039 | 60.4099 | 0 | 3211
PACZ | Range_Medium | 75 | 104119 | 1235781176746083 | 1.26266 | 60.4099 | 0 | 9129
PACZ | Range_Medium | 76 | 42602 | 526582500523080 | 0.470638 | 60.4099 | 0 | 3969
PACZ | Range_Medium | 77 | 43569 | 521659368374892 | 0.425339 | 60.4099 | 0 | 3919
PACZ | Range_Medium | 78 | 42231 | 569787788337243 | 0.422955 | 60.4099 | 0 | 3727
PACZ | Range_Medium | 79 | 63922 | 746937185572698 | 0.706673 | 60.4099 | 0 | 5615
PACZ | Range_Medium | 80 | 43616 | 602861733069102 | 0.472387 | 60.4099 | 0 | 3811
PACZ | Range_Medium | 81 | 4728 | 55846145668683 | 0.0566641 | 60.4099 | 0 | 665
PACZ | Range_Medium | 82 | 20678 | 249808622842281 | 0.207027 | 60.4099 | 0 | 2087
PACZ | Range_Medium | 83 | 45559 | 543886815458799 | 0.470956 | 60.4099 | 0 | 3977
PACZ | Range_Medium | 84 | 102928 | 1213606590715791 | 1.218 | 60.4099 | 0 | 9045
PACZ | Range_Medium | 85 | 42749 | 570689808179811 | 0.435988 | 60.4099 | 0 | 3783
PACZ | Range_Medium | 86 | 104959 | 1240856612269029 | 1.27467 | 60.4099 | 0 | 9235
PACZ | Range_Medium | 87 | 6119 | 80477368484961 | 0.0646114 | 60.4099 | 0 | 715
PACZ | Range_Medium | 88 | 20147 | 268044751065243 | 0.199954 | 60.4099 | 0 | 1937
PACZ | Range_Medium | 89 | 71478 | 821727408473022 | 0.946999 | 60.4099 | 0 | 6445
PACZ | Range_Medium | 90 | 35869 | 364623413279325 | 0.406345 | 60.4099 | 0 | 3233
PACZ | Range_Medium | 91 | 105267 | 1242624636823917 | 1.26902 | 60.4099 | 0 | 9163
PACZ | Range_Medium | 92 | 19668 | 249543209428221 | 0.195344 | 60.4099 | 0 | 1821
PACZ | Range_Medium | 93 | 41936 | 559447703755374 | 0.440041 | 60.4099 | 0 | 3733
PACZ | Range_Medium | 94 | 6624 | 78242395750365 | 0.0880559 | 60.4099 | 0 | 913
PACZ | Range_Medium | 95 | 24689 | 279770800933605 | 0.294288 | 60.4099 | 0 | 2449
PACZ | Range_Medium | 96 | 56279 | 653316873668727 | 0.701666 | 60.4099 | 0 | 5261
PACZ | Range_Medium | 97 | 73826 | 795002378895807 | 0.809034 | 60.4099 | 0 | 6383
PACZ | Range_Medium | 98 | 51931 | 706669289718030 | 0.55027 | 60.4099 | 0 | 4471
PACZ | Range_Medium | 99 | 34215 | 454310018437335 | 0.333707 | 60.4099 | 0 | 3153
PACZ | Range_Large | 0 | 493446 | 5778366543934941 | 5.74168 | 60.4099 | 0 | 40023
PACZ | Range_Large | 1 | 591365 | 7059601044218931 | 6.97064 | 60.4099 | 0 | 47465
PACZ | Range_Large | 2 | 694425 | 8160053726500581 | 8.07269 | 60.4099 | 0 | 55523
PACZ | Range_Large | 3 | 490885 | 5889404942306781 | 5.74867 | 60.4099 | 0 | 39523
PACZ | Range_Large | 4 | 470810 | 5649478528385934 | 5.47798 | 60.4099 | 0 | 37851
PACZ | Range_Large | 5 | 475637 | 5547764290468737 | 5.43936 | 60.4099 | 0 | 37705
PACZ | Range_Large | 6 | 604383 | 7201297842441009 | 7.22567 | 60.4099 | 0 | 48809
PACZ | Range_Large | 7 | 678719 | 8049808155220692 | 7.8907 | 60.4099 | 0 | 54393
PACZ | Range_Large | 8 | 647117 | 7604396398304508 | 7.55771 | 60.4099 | 0 | 51889
PACZ | Range_Large | 9 | 477546 | 5576067746988318 | 5.50731 | 60.4099 | 0 | 38139
PACZ | Range_Large | 10 | 556800 | 6654974664958968 | 6.63932 | 60.4099 | 0 | 44791
PACZ | Range_Large | 11 | 772054 | 9099192385285437 | 9.02867 | 60.4099 | 0 | 61593
PACZ | Range_Large | 12 | 464034 | 5571421243066395 | 5.57701 | 60.4099 | 0 | 37655
PACZ | Range_Large | 13 | 525788 | 6284642766026862 | 6.19968 | 60.4099 | 0 | 42419
PACZ | Range_Large | 14 | 550381 | 6583287445901562 | 6.48395 | 60.4099 | 0 | 44267
PACZ | Range_Large | 15 | 697628 | 8256287095593990 | 8.10099 | 60.4099 | 0 | 55933
PACZ | Range_Large | 16 | 447979 | 5257951115917602 | 5.14436 | 60.4099 | 0 | 35785
PACZ | Range_Large | 17 | 519662 | 6223729067600958 | 6.06338 | 60.4099 | 0 | 41853
PACZ | Range_Large | 18 | 748786 | 8834479521630141 | 8.71134 | 60.4099 | 0 | 59669
PACZ | Range_Large | 19 | 411470 | 4796941275622674 | 4.78864 | 60.4099 | 0 | 32977
PACZ | Range_Large | 20 | 469478 | 5616902808799986 | 5.53735 | 60.4099 | 0 | 37829
PACZ | Range_Large | 21 | 801414 | 9433837354421724 | 9.36667 | 60.4099 | 0 | 63745
PACZ | Range_Large | 22 | 464033 | 5565521495983635 | 5.47902 | 60.4099 | 0 | 37191
PACZ | Range_Large | 23 | 744051 | 8777570021153082 | 8.73868 | 60.4099 | 0 | 59495
PACZ | Range_Large | 24 | 751007 | 8873834314648827 | 8.8857 | 60.4099 | 0 | 59849
PACZ | Range_Large | 25 | 490931 | 5719306713082338 | 5.82067 | 60.4099 | 0 | 39009
PACZ | Range_Large | 26 | 492219 | 5905237058512140 | 5.7563 | 60.4099 | 0 | 39533
PACZ | Range_Large | 27 | 582930 | 6957176267959485 | 6.91072 | 60.4099 | 0 | 47125
PACZ | Range_Large | 28 | 665136 | 7803378581142237 | 7.67867 | 60.4099 | 0 | 53381
PACZ | Range_Large | 29 | 603268 | 7096216325386650 | 6.92995 | 60.4099 | 0 | 48467
PACZ | Range_Large | 30 | 722776 | 8468181504093966 | 8.32534 | 60.4099 | 0 | 57775
PACZ | Range_Large | 31 | 595024 | 7104305951266011 | 6.89371 | 60.4099 | 0 | 47549
PACZ | Range_Large | 32 | 572031 | 6837061792407963 | 6.72865 | 60.4099 | 0 | 45955
PACZ | Range_Large | 33 | 537309 | 6418772118134718 | 6.31603 | 60.4099 | 0 | 43221
PACZ | Range_Large | 34 | 471306 | 5512299502809459 | 5.43102 | 60.4099 | 0 | 37571
PACZ | Range_Large | 35 | 460583 | 5367709888608603 | 5.27438 | 60.4099 | 0 | 36725
PACZ | Range_Large | 36 | 537804 | 6426310616998860 | 6.30299 | 60.4099 | 0 | 43259
PACZ | Range_Large | 37 | 479632 | 5748366373360680 | 5.72602 | 60.4099 | 0 | 38571
PACZ | Range_Large | 38 | 463278 | 5560369792667229 | 5.591 | 60.4099 | 0 | 37243
PACZ | Range_Large | 39 | 541454 | 6468912761102700 | 6.46869 | 60.4099 | 0 | 43519
PACZ | Range_Large | 40 | 495698 | 5787795478555236 | 5.65839 | 60.4099 | 0 | 39423
PACZ | Range_Large | 41 | 494701 | 5763341057715675 | 5.70997 | 60.4099 | 0 | 39303
PACZ | Range_Large | 42 | 471156 | 5489298089748660 | 5.41695 | 60.4099 | 0 | 37805
PACZ | Range_Large | 43 | 591826 | 7064070961133103 | 7.00227 | 60.4099 | 0 | 47475
PACZ | Range_Large | 44 | 484076 | 5798765506739013 | 5.67428 | 60.4099 | 0 | 38917
PACZ | Range_Large | 45 | 478261 | 5576448901111635 | 5.52861 | 60.4099 | 0 | 38223
PACZ | Range_Large | 46 | 492662 | 5742529488478350 | 5.6293 | 60.4099 | 0 | 39135
PACZ | Range_Large | 47 | 470404 | 5485607865810759 | 5.42434 | 60.4099 | 0 | 37543
PACZ | Range_Large | 48 | 505872 | 6047398810105656 | 5.99273 | 60.4099 | 0 | 40695
PACZ | Range_Large | 49 | 526462 | 6316672385516823 | 6.39995 | 60.4099 | 0 | 42495
PACZ | Range_Large | 50 | 660879 | 7835954891764989 | 7.91534 | 60.4099 | 0 | 53017
PACZ | Range_Large | 51 | 412876 | 4813747906223907 | 4.824 | 60.4099 | 0 | 33075
PACZ | Range_Large | 52 | 600741 | 7160127216207987 | 7.09836 | 60.4099 | 0 | 48373
PACZ | Range_Large | 53 | 534405 | 6391943095396440 | 6.27502 | 60.4099 | 0 | 42929
PACZ | Range_Large | 54 | 518327 | 6208642152070335 | 6.08706 | 60.4099 | 0 | 41751
PACZ | Range_Large | 55 | 567873 | 6794224863976455 | 6.62764 | 60.4099 | 0 | 45625
PACZ | Range_Large | 56 | 585940 | 6993127852700991 | 6.96135 | 60.4099 | 0 | 47051
PACZ | Range_Large | 57 | 350028 | 4003383284440104 | 3.99669 | 60.4099 | 0 | 28295
PACZ | Range_Large | 58 | 588831 | 7027271100396498 | 6.90134 | 60.4099 | 0 | 47309
PACZ | Range_Large | 59 | 728541 | 8535248127241587 | 8.4757 | 60.4099 | 0 | 58307
PACZ | Range_Large | 60 | 595128 | 6987495470367258 | 6.89395 | 60.4099 | 0 | 47847
PACZ | Range_Large | 61 | 454890 | 5337247691860218 | 5.30163 | 60.4099 | 0 | 36217
PACZ | Range_Large | 62 | 501789 | 6019320616148922 | 5.86669 | 60.4099 | 0 | 40381
PACZ | Range_Large | 63 | 729556 | 8585963601954717 | 8.82936 | 60.4099 | 0 | 58375
PACZ | Range_Large | 64 | 469275 | 5491505768934201 | 5.4814 | 60.4099 | 0 | 37441
PACZ | Range_Large | 65 | 734203 | 8640815898714672 | 8.60397 | 60.4099 | 0 | 58705
PACZ | Range_Large | 66 | 469760 | 5496438192751896 | 5.38532 | 60.4099 | 0 | 37455
PACZ | Range_Large | 67 | 535207 | 6396694480690524 | 6.27565 | 60.4099 | 0 | 43081
PACZ | Range_Large | 68 | 566634 | 6657477628972449 | 6.64798 | 60.4099 | 0 | 45655
PACZ | Range_Large | 69 | 648083 | 7615506671327325 | 7.67501 | 60.4099 | 0 | 51947
PACZ | Range_Large | 70 | 479689 | 5749071612471591 | 5.58337 | 60.4099 | 0 | 38605
PACZ | Range_Large | 71 | 593752 | 7085249816754348 | 7.01602 | 60.4099 | 0 | 47625
PACZ | Range_Large | 72 | 735660 | 8625364163687514 | 8.57671 | 60.4099 | 0 | 58801
PACZ | Range_Large | 73 | 493703 | 5763411571605120 | 5.66864 | 60.4099 | 0 | 39213
PACZ | Range_Large | 74 | 327658 | 3740002966999563 | 3.91539 | 60.4099 | 0 | 27001
PACZ | Range_Large | 75 | 335813 | 3830416865390664 | 3.79968 | 60.4099 | 0 | 26649
PACZ | Range_Large | 76 | 626703 | 7465653629885823 | 7.35966 | 60.4099 | 0 | 50413
PACZ | Range_Large | 77 | 489292 | 5874028637646495 | 5.73333 | 60.4099 | 0 | 39439
PACZ | Range_Large | 78 | 708115 | 8312957331656709 | 8.30928 | 60.4099 | 0 | 56689
PACZ | Range_Large | 79 | 52 | 376219230438 | 0.00437101 | 60.4099 | 0 | 71
PACZ | Range_Large | 80 | 591648 | 7060470007438635 | 6.95332 | 60.4099 | 0 | 47463
PACZ | Range_Large | 81 | 489067 | 5701109358556743 | 5.63733 | 60.4099 | 0 | 38903
PACZ | Range_Large | 82 | 660708 | 7835355959623716 | 7.76426 | 60.4099 | 0 | 53015
PACZ | Range_Large | 83 | 542973 | 6509056215101778 | 6.30029 | 60.4099 | 0 | 43707
PACZ | Range_Large | 84 | 526733 | 6298039243631910 | 6.15867 | 60.4099 | 0 | 42237
PACZ | Range_Large | 85 | 692220 | 8130310953076926 | 8.12864 | 60.4099 | 0 | 55673
PACZ | Range_Large | 86 | 773667 | 9117196601656665 | 8.96629 | 60.4099 | 0 | 61719
PACZ | Range_Large | 87 | 358268 | 4094117048227710 | 4.27604 | 60.4099 | 0 | 29607
PACZ | Range_Large | 88 | 495891 | 5954353754380782 | 5.84006 | 60.4099 | 0 | 39925
PACZ | Range_Large | 89 | 584719 | 6974563011662508 | 6.84094 | 60.4099 | 0 | 46969
PACZ | Range_Large | 90 | 472474 | 5670774792631563 | 5.56334 | 60.4099 | 0 | 37935
PACZ | Range_Large | 91 | 495085 | 5928184959238833 | 5.82997 | 60.4099 | 0 | 39669
PACZ | Range_Large | 92 | 587447 | 6902925195773328 | 6.88505 | 60.4099 | 0 | 47193
PACZ | Range_Large | 93 | 637790 | 7568702135144877 | 7.75663 | 60.4099 | 0 | 51337
PACZ | Range_Large | 94 | 687268 | 8057571856894869 | 8.05863 | 60.4099 | 0 | 54979
PACZ | Range_Large | 95 | 710520 | 8338976241586839 | 8.25731 | 60.4099 | 0 | 56887
PACZ | Range_Large | 96 | 593127 | 7077425536788471 | 6.91668 | 60.4099 | 0 | 47593
PACZ | Range_Large | 97 | 469981 | 5497366561662795 | 5.42434 | 60.4099 | 0 | 37459
PACZ | Range_Large | 98 | 741487 | 8722774001213937 | 8.63139 | 60.4099 | 0 | 59097
PACZ | Range_Large | 99 | 532743 | 6379795801927170 | 6.28869 | 60.4099 | 0 | 43053
PACZ | kNN_10 | 0 | 10 | 144427693095 | 0.0513395 | 60.4099 | 0 | 326
PACZ | kNN_10 | 1 | 10 | 129832362915 | 0.0557105 | 60.4099 | 0 | 410
PACZ | kNN_10 | 2 | 10 | 107377338762 | 0.0513395 | 60.4099 | 0 | 390
PACZ | kNN_10 | 3 | 10 | 102715442967 | 0.0413259 | 60.4099 | 0 | 387
PACZ | kNN_10 | 4 | 10 | 139840994274 | 0.0700156 | 60.4099 | 0 | 525
PACZ | kNN_10 | 5 | 10 | 124355849154 | 0.0360012 | 60.4099 | 0 | 276
PACZ | kNN_10 | 6 | 10 | 125386806774 | 0.0433127 | 60.4099 | 0 | 353
PACZ | kNN_10 | 7 | 10 | 86886477792 | 0.0329812 | 60.4099 | 0 | 316
PACZ | kNN_10 | 8 | 10 | 139932468453 | 0.0637372 | 60.4099 | 0 | 499
PACZ | kNN_10 | 9 | 10 | 87141358830 | 0.0390212 | 60.4099 | 0 | 398
PACZ | kNN_10 | 10 | 10 | 124038769653 | 0.064373 | 60.4099 | 0 | 539
PACZ | kNN_10 | 11 | 10 | 119269453140 | 0.0256697 | 60.4099 | 0 | 243
PACZ | kNN_10 | 12 | 10 | 112011092205 | 0.0276566 | 60.4099 | 0 | 297
PACZ | kNN_10 | 13 | 10 | 43003503930 | 0.0256697 | 60.4099 | 0 | 173
PACZ | kNN_10 | 14 | 10 | 122872213899 | 0.05428 | 60.4099 | 0 | 374
PACZ | kNN_10 | 15 | 10 | 103881114678 | 0.0686646 | 60.4099 | 0 | 577
PACZ | kNN_10 | 16 | 10 | 102406721985 | 0.0300407 | 60.4099 | 0 | 256
PACZ | kNN_10 | 17 | 10 | 123240173946 | 0.0360012 | 60.4099 | 0 | 290
PACZ | kNN_10 | 18 | 10 | 139840054422 | 0.0580152 | 60.4099 | 0 | 490
PACZ | kNN_10 | 19 | 10 | 120470177793 | 0.0420411 | 60.4099 | 0 | 326
PACZ | kNN_10 | 20 | 10 | 138453192381 | 0.0156562 | 60.4099 | 0 | 128
PACZ | kNN_10 | 21 | 10 | 124998083412 | 0.0266234 | 60.4099 | 0 | 228
PACZ | kNN_10 | 22 | 10 | 146073090705 | 0.036637 | 60.4099 | 0 | 324
PACZ | kNN_10 | 23 | 10 | 127873263159 | 0.0406901 | 60.4099 | 0 | 383
PACZ | kNN_10 | 24 | 10 | 81946130877 | 0.00540415 | 60.4099 | 0 | 44
PACZ | kNN_10 | 25 | 10 | 76397120343 | 0.0336965 | 60.4099 | 0 | 290
PACZ | kNN_10 | 26 | 10 | 119270729586 | 0.0267029 | 60.4099 | 0 | 262
PACZ | kNN_10 | 27 | 10 | 102711308634 | 0.0489553 | 60.4099 | 0 | 409
PACZ | kNN_10 | 28 | 10 | 137759447595 | 0.0249545 | 60.4099 | 0 | 251
PACZ | kNN_10 | 29 | 10 | 140249555208 | 0.0156562 | 60.4099 | 0 | 151
PACZ | kNN_10 | 30 | 10 | 115221170463 | 0.0313918 | 60.4099 | 0 | 300
PACZ | kNN_10 | 31 | 10 | 62665094286 | 0.0346502 | 60.4099 | 0 | 271
PACZ | kNN_10 | 32 | 10 | 120006425595 | 0.0433127 | 60.4099 | 0 | 329
PACZ | kNN_10 | 33 | 10 | 158690395512 | 0.0417233 | 60.4099 | 0 | 368
PACZ | kNN_10 | 34 | 10 | 112011046737 | 0.0273387 | 60.4099 | 0 | 305
PACZ | kNN_10 | 35 | 10 | 75331481349 | 0.0219345 | 60.4099 | 0 | 182
PACZ | kNN_10 | 36 | 10 | 119306120154 | 0.0293255 | 60.4099 | 0 | 267
PACZ | kNN_10 | 37 | 10 | 139084099635 | 0.0247161 | 60.4099 | 0 | 225
PACZ | kNN_10 | 38 | 10 | 103643703057 | 0.0326633 | 60.4099 | 0 | 291
PACZ | kNN_10 | 39 | 10 | 94965112587 | 0.0383059 | 60.4099 | 0 | 338
PACZ | kNN_10 | 40 | 10 | 130164088026 | 0.0243187 | 60.4099 | 0 | 282
PACZ | kNN_10 | 41 | 10 | 126053747361 | 0.0316302 | 60.4099 | 0 | 308
PACZ | kNN_10 | 42 | 10 | 91733831619 | 0.0309944 | 60.4099 | 0 | 326
PACZ | kNN_10 | 43 | 10 | 158776348605 | 0.0300407 | 60.4099 | 0 | 273
PACZ | kNN_10 | 44 | 10 | 115455521061 | 0.0543594 | 60.4099 | 0 | 438
PACZ | kNN_10 | 45 | 10 | 137271877824 | 0.022014 | 60.4099 | 0 | 169
PACZ | kNN_10 | 46 | 10 | 102674045466 | 0.0606378 | 60.4099 | 0 | 468
PACZ | kNN_10 | 47 | 10 | 126745277607 | 0.0452995 | 60.4099 | 0 | 419
PACZ | kNN_10 | 48 | 10 | 81445204005 | 0.00405312 | 60.4099 | 0 | 30
PACZ | kNN_10 | 49 | 10 | 76848363729 | 0.0390212 | 60.4099 | 0 | 339
PACZ | kNN_10 | 50 | 10 | 128784030663 | 0.0360012 | 60.4099 | 0 | 251
PACZ | kNN_10 | 51 | 10 | 122029011027 | 0.0200272 | 60.4099 | 0 | 199
PACZ | kNN_10 | 52 | 10 | 138390260352 | 0.0180403 | 60.4099 | 0 | 149
PACZ | kNN_10 | 53 | 10 | 120457779255 | 0.0356833 | 60.4099 | 0 | 295
PACZ | kNN_10 | 54 | 10 | 135601747179 | 0.0346502 | 60.4099 | 0 | 316
PACZ | kNN_10 | 55 | 10 | 136393065237 | 0.0266234 | 60.4099 | 0 | 210
PACZ | kNN_10 | 56 | 10 | 129224563911 | 0.0416438 | 60.4099 | 0 | 358
PACZ | kNN_10 | 57 | 10 | 139088405112 | 0.0267029 | 60.4099 | 0 | 200
PACZ | kNN_10 | 58 | 10 | 126112174881 | 0.0696977 | 60.4099 | 0 | 547
PACZ | kNN_10 | 59 | 10 | 117709093146 | 0.0386238 | 60.4099 | 0 | 324
PACZ | kNN_10 | 60 | 10 | 107125665054 | 0.0319481 | 60.4099 | 0 | 330
PACZ | kNN_10 | 61 | 10 | 127873252683 | 0.0496705 | 60.4099 | 0 | 434
PACZ | kNN_10 | 62 | 10 | 141065207301 | 0.0380675 | 60.4099 | 0 | 356
PACZ | kNN_10 | 63 | 10 | 123180396522 | 0.0293255 | 60.4099 | 0 | 261
PACZ | kNN_10 | 64 | 10 | 99651125862 | 0.0270208 | 60.4099 | 0 | 291
PACZ | kNN_10 | 65 | 10 | 139840053951 | 0.0603199 | 60.4099 | 0 | 504
PACZ | kNN_10 | 66 | 10 | 139798018128 | 0.041008 | 60.4099 | 0 | 380
PACZ | kNN_10 | 67 | 10 | 127574301900 | 0.0406106 | 60.4099 | 0 | 362
PACZ | kNN_10 | 68 | 10 | 60712705977 | 0.0530084 | 60.4099 | 0 | 467
PACZ | kNN_10 | 69 | 10 | 147343799295 | 0.0196298 | 60.4099 | 0 | 165
PACZ | kNN_10 | 70 | 10 | 115692900675 | 0.0606378 | 60.4099 | 0 | 558
PACZ | kNN_10 | 71 | 10 | 127120448256 | 0.0483195 | 60.4099 | 0 | 426
PACZ | kNN_10 | 72 | 10 | 104321607834 | 0.0306765 | 60.4099 | 0 | 314
PACZ | kNN_10 | 73 | 10 | 102356296746 | 0.0363986 | 60.4099 | 0 | 328
PACZ | kNN_10 | 74 | 10 | 44012284008 | 0.0516574 | 60.4099 | 0 | 430
PACZ | kNN_10 | 75 | 10 | 141000369642 | 0.0343323 | 60.4099 | 0 | 257
PACZ | kNN_10 | 76 | 10 | 119787118122 | 0.0449816 | 60.4099 | 0 | 425
PACZ | kNN_10 | 77 | 10 | 124291286991 | 0.0352859 | 60.4099 | 0 | 341
PACZ | kNN_10 | 78 | 10 | 158680903050 | 0.0530084 | 60.4099 | 0 | 398
PACZ | kNN_10 | 79 | 10 | 112011024729 | 0.0296434 | 60.4099 | 0 | 281
PACZ | kNN_10 | 80 | 10 | 120099605253 | 0.0639757 | 60.4099 | 0 | 501
PACZ | kNN_10 | 81 | 10 | 67461698811 | 0.0297228 | 60.4099 | 0 | 298
PACZ | kNN_10 | 82 | 10 | 136775563296 | 0.0540415 | 60.4099 | 0 | 397
PACZ | kNN_10 | 83 | 10 | 102705915444 | 0.0480016 | 60.4099 | 0 | 393
PACZ | kNN_10 | 84 | 10 | 102674044209 | 0.0576178 | 60.4099 | 0 | 442
PACZ | kNN_10 | 85 | 10 | 119288272923 | 0.0286897 | 60.4099 | 0 | 207
PACZ | kNN_10 | 86 | 10 | 121506540309 | 0.0490348 | 60.4099 | 0 | 412
PACZ | kNN_10 | 87 | 10 | 139773032628 | 0.0433127 | 60.4099 | 0 | 407
PACZ | kNN_10 | 88 | 10 | 102473366091 | 0.0592868 | 60.4099 | 0 | 406
PACZ | kNN_10 | 89 | 10 | 119297175498 | 0.0313123 | 60.4099 | 0 | 281
PACZ | kNN_10 | 90 | 10 | 102674044131 | 0.0539621 | 60.4099 | 0 | 444
PACZ | kNN_10 | 91 | 10 | 129669180810 | 0.0443459 | 60.4099 | 0 | 401
PACZ | kNN_10 | 92 | 10 | 158425524687 | 0.0403722 | 60.4099 | 0 | 352
PACZ | kNN_10 | 93 | 10 | 130402351953 | 0.0460148 | 60.4099 | 0 | 450
PACZ | kNN_10 | 94 | 10 | 90108437289 | 0.0496705 | 60.4099 | 0 | 362
PACZ | kNN_10 | 95 | 10 | 129302293008 | 0.0546773 | 60.4099 | 0 | 469
PACZ | kNN_10 | 96 | 10 | 138182957823 | 0.0473658 | 60.4099 | 0 | 336
PACZ | kNN_10 | 97 | 10 | 92673683958 | 0.0177224 | 60.4099 | 0 | 141
PACZ | kNN_10 | 98 | 10 | 90028939728 | 0.037988 | 60.4099 | 0 | 339
PACZ | kNN_10 | 99 | 10 | 140788262031 | 0.0473658 | 60.4099 | 0 | 387
PACZ | kNN_100 | 0 | 100 | 1457765348835 | 0.256936 | 60.4099 | 0 | 584
PACZ | kNN_100 | 1 | 100 | 1273039762311 | 0.300646 | 60.4099 | 0 | 722
PACZ | kNN_100 | 2 | 100 | 1063975871319 | 0.309626 | 60.4099 | 0 | 845
PACZ | kNN_100 | 3 | 100 | 1027154396001 | 0.253359 | 60.4099 | 0 | 712
PACZ | kNN_100 | 4 | 100 | 1398409939734 | 0.396967 | 60.4099 | 0 | 934
PACZ | kNN_100 | 5 | 100 | 1243558403034 | 0.194709 | 60.4099 | 0 | 454
PACZ | kNN_100 | 6 | 100 | 1253868495810 | 0.303666 | 60.4099 | 0 | 664
PACZ | kNN_100 | 7 | 100 | 866114185428 | 0.163396 | 60.4099 | 0 | 524
PACZ | kNN_100 | 8 | 100 | 1399324793535 | 0.36335 | 60.4099 | 0 | 845
PACZ | kNN_100 | 9 | 100 | 1163430023034 | 0.250975 | 60.4099 | 0 | 773
PACZ | kNN_100 | 10 | 100 | 1246868028846 | 0.398318 | 60.4099 | 0 | 1092
PACZ | kNN_100 | 11 | 100 | 1192694526681 | 0.144958 | 60.4099 | 0 | 436
PACZ | kNN_100 | 12 | 100 | 1231952705865 | 0.165701 | 60.4099 | 0 | 479
PACZ | kNN_100 | 13 | 100 | 440826686922 | 0.10999 | 60.4099 | 0 | 271
PACZ | kNN_100 | 14 | 100 | 1228722116802 | 0.290712 | 60.4099 | 0 | 723
PACZ | kNN_100 | 15 | 100 | 1061097453963 | 0.404994 | 60.4099 | 0 | 1120
PACZ | kNN_100 | 16 | 100 | 1024067241306 | 0.143607 | 60.4099 | 0 | 446
PACZ | kNN_100 | 17 | 100 | 1232403668322 | 0.24128 | 60.4099 | 0 | 581
PACZ | kNN_100 | 18 | 100 | 1398400543449 | 0.32266 | 60.4099 | 0 | 836
PACZ | kNN_100 | 19 | 100 | 1204700952180 | 0.209014 | 60.4099 | 0 | 505
PACZ | kNN_100 | 20 | 100 | 1366666646436 | 0.074625 | 60.4099 | 0 | 194
PACZ | kNN_100 | 21 | 100 | 1184329426728 | 0.133355 | 60.4099 | 0 | 381
PACZ | kNN_100 | 22 | 100 | 1460730911631 | 0.217994 | 60.4099 | 0 | 559
PACZ | kNN_100 | 23 | 100 | 1278732624372 | 0.197331 | 60.4099 | 0 | 665
PACZ | kNN_100 | 24 | 100 | 806886700467 | 0.0303586 | 60.4099 | 0 | 82
PACZ | kNN_100 | 25 | 100 | 769259517993 | 0.153621 | 60.4099 | 0 | 453
PACZ | kNN_100 | 26 | 100 | 1192707306732 | 0.141621 | 60.4099 | 0 | 474
PACZ | kNN_100 | 27 | 100 | 1031083542843 | 0.274658 | 60.4099 | 0 | 828
PACZ | kNN_100 | 28 | 100 | 1377593309844 | 0.150681 | 60.4099 | 0 | 457
PACZ | kNN_100 | 29 | 100 | 724166163144 | 0.0852744 | 60.4099 | 0 | 221
PACZ | kNN_100 | 30 | 100 | 1082104312089 | 0.176271 | 60.4099 | 0 | 563
PACZ | kNN_100 | 31 | 100 | 626650972659 | 0.166655 | 60.4099 | 0 | 418
PACZ | kNN_100 | 32 | 100 | 1200078782448 | 0.243028 | 60.4099 | 0 | 487
PACZ | kNN_100 | 33 | 100 | 1586882476368 | 0.258287 | 60.4099 | 0 | 640
PACZ | kNN_100 | 34 | 100 | 1120110499638 | 0.16729 | 60.4099 | 0 | 460
PACZ | kNN_100 | 35 | 100 | 697906514610 | 0.102997 | 60.4099 | 0 | 284
PACZ | kNN_100 | 36 | 100 | 1193059025790 | 0.168006 | 60.4099 | 0 | 544
PACZ | kNN_100 | 37 | 100 | 1387971479814 | 0.141939 | 60.4099 | 0 | 409
PACZ | kNN_100 | 38 | 100 | 1036437072135 | 0.17635 | 60.4099 | 0 | 509
PACZ | kNN_100 | 39 | 100 | 695952858558 | 0.195662 | 60.4099 | 0 | 627
PACZ | kNN_100 | 40 | 100 | 1301640594933 | 0.146071 | 60.4099 | 0 | 493
PACZ | kNN_100 | 41 | 100 | 1302999041601 | 0.182311 | 60.4099 | 0 | 606
PACZ | kNN_100 | 42 | 100 | 976370034330 | 0.215928 | 60.4099 | 0 | 642
PACZ | kNN_100 | 43 | 100 | 1587763359777 | 0.163317 | 60.4099 | 0 | 436
PACZ | kNN_100 | 44 | 100 | 1215973781442 | 0.257969 | 60.4099 | 0 | 870
PACZ | kNN_100 | 45 | 100 | 1372737821892 | 0.0976721 | 60.4099 | 0 | 238
PACZ | kNN_100 | 46 | 100 | 1026740448873 | 0.320673 | 60.4099 | 0 | 867
PACZ | kNN_100 | 47 | 100 | 1266798049434 | 0.211716 | 60.4099 | 0 | 730
PACZ | kNN_100 | 48 | 100 | 957889563270 | 0.0173251 | 60.4099 | 0 | 70
PACZ | kNN_100 | 49 | 100 | 818750161335 | 0.23071 | 60.4099 | 0 | 668
PACZ | kNN_100 | 50 | 100 | 1000758901197 | 0.168721 | 60.4099 | 0 | 497
PACZ | kNN_100 | 51 | 100 | 1219779901590 | 0.121037 | 60.4099 | 0 | 395
PACZ | kNN_100 | 52 | 100 | 1366044676629 | 0.0867049 | 60.4099 | 0 | 238
PACZ | kNN_100 | 53 | 100 | 1204577835114 | 0.172377 | 60.4099 | 0 | 465
PACZ | kNN_100 | 54 | 100 | 1346364713760 | 0.159979 | 60.4099 | 0 | 558
PACZ | kNN_100 | 55 | 100 | 1263882812964 | 0.144005 | 60.4099 | 0 | 416
PACZ | kNN_100 | 56 | 100 | 1192269335076 | 0.228326 | 60.4099 | 0 | 719
PACZ | kNN_100 | 57 | 100 | 1390884049029 | 0.176668 | 60.4099 | 0 | 307
PACZ | kNN_100 | 58 | 100 | 1261087658637 | 0.402292 | 60.4099 | 0 | 1071
PACZ | kNN_100 | 59 | 100 | 1153950168975 | 0.189622 | 60.4099 | 0 | 652
PACZ | kNN_100 | 60 | 100 | 927748634706 | 0.173966 | 60.4099 | 0 | 610
PACZ | kNN_100 | 61 | 100 | 1274569888542 | 0.21402 | 60.4099 | 0 | 796
PACZ | kNN_100 | 62 | 100 | 1292243606859 | 0.159264 | 60.4099 | 0 | 599
PACZ | kNN_100 | 63 | 100 | 1233841259136 | 0.165304 | 60.4099 | 0 | 519
PACZ | kNN_100 | 64 | 100 | 1188548861295 | 0.169675 | 60.4099 | 0 | 493
PACZ | kNN_100 | 65 | 100 | 1398401566164 | 0.307957 | 60.4099 | 0 | 860
PACZ | kNN_100 | 66 | 100 | 1397980087977 | 0.294288 | 60.4099 | 0 | 763
PACZ | kNN_100 | 67 | 100 | 1177135358901 | 0.218312 | 60.4099 | 0 | 610
PACZ | kNN_100 | 68 | 100 | 668562476736 | 0.265996 | 60.4099 | 0 | 945
PACZ | kNN_100 | 69 | 100 | 1473437990850 | 0.139952 | 60.4099 | 0 | 394
PACZ | kNN_100 | 70 | 100 | 1142782531860 | 0.35429 | 60.4099 | 0 | 953
PACZ | kNN_100 | 71 | 100 | 1271204479476 | 0.267982 | 60.4099 | 0 | 842
PACZ | kNN_100 | 72 | 100 | 1043216076099 | 0.172933 | 60.4099 | 0 | 640
PACZ | kNN_100 | 73 | 100 | 1023563026395 | 0.191689 | 60.4099 | 0 | 660
PACZ | kNN_100 | 74 | 100 | 830335537194 | 0.271638 | 60.4099 | 0 | 874
PACZ | kNN_100 | 75 | 100 | 1147002255723 | 0.161648 | 60.4099 | 0 | 422
PACZ | kNN_100 | 76 | 100 | 1197871179231 | 0.217994 | 60.4099 | 0 | 750
PACZ | kNN_100 | 77 | 100 | 1242912824391 | 0.198682 | 60.4099 | 0 | 707
PACZ | kNN_100 | 78 | 100 | 1571940722970 | 0.241359 | 60.4099 | 0 | 622
PACZ | kNN_100 | 79 | 100 | 1119905008398 | 0.164032 | 60.4099 | 0 | 505
PACZ | kNN_100 | 80 | 100 | 1200995961582 | 0.307639 | 60.4099 | 0 | 810
PACZ | kNN_100 | 81 | 100 | 707967198636 | 0.190655 | 60.4099 | 0 | 578
PACZ | kNN_100 | 82 | 100 | 1353312240315 | 0.196695 | 60.4099 | 0 | 615
PACZ | kNN_100 | 83 | 100 | 1031371949976 | 0.25773 | 60.4099 | 0 | 856
PACZ | kNN_100 | 84 | 100 | 1026740442351 | 0.243664 | 60.4099 | 0 | 797
PACZ | kNN_100 | 85 | 100 | 1192882758585 | 0.112375 | 60.4099 | 0 | 304
PACZ | kNN_100 | 86 | 100 | 1181939507370 | 0.223001 | 60.4099 | 0 | 713
PACZ | kNN_100 | 87 | 100 | 1397747596512 | 0.214656 | 60.4099 | 0 | 696
PACZ | kNN_100 | 88 | 100 | 1024513337118 | 0.231028 | 60.4099 | 0 | 678
PACZ | kNN_100 | 89 | 100 | 1192964339211 | 0.156323 | 60.4099 | 0 | 473
PACZ | kNN_100 | 90 | 100 | 1026741449835 | 0.245333 | 60.4099 | 0 | 807
PACZ | kNN_100 | 91 | 100 | 1210284948744 | 0.227372 | 60.4099 | 0 | 745
PACZ | kNN_100 | 92 | 100 | 1579810177203 | 0.217994 | 60.4099 | 0 | 633
PACZ | kNN_100 | 93 | 100 | 1363688824671 | 0.209967 | 60.4099 | 0 | 790
PACZ | kNN_100 | 94 | 100 | 1048454776212 | 0.236034 | 60.4099 | 0 | 659
PACZ | kNN_100 | 95 | 100 | 1184482530888 | 0.26536 | 60.4099 | 0 | 847
PACZ | kNN_100 | 96 | 100 | 1381823132829 | 0.206629 | 60.4099 | 0 | 585
PACZ | kNN_100 | 97 | 100 | 957031245366 | 0.0752608 | 60.4099 | 0 | 195
PACZ | kNN_100 | 98 | 100 | 900289357047 | 0.254631 | 60.4099 | 0 | 690
PACZ | kNN_100 | 99 | 100 | 1407881999079 | 0.260671 | 60.4099 | 0 | 669
