Algo | QType | QID | Count | Hash | Time_ms | Mem_Tree_MB | Mem_Delta_MB | Nodes
PACZ | Range_Small | 0 | 16714 | 200404832116341 | 0.260989 | 80.6597 | 0 | 1983
PACZ | Range_Small | 1 | 15743 | 184334006750016 | 0.165701 | 80.6597 | 0 | 1915
PACZ | Range_Small | 2 | 784 | 8111289329544 | 0.0177224 | 80.6597 | 0 | 337
PACZ | Range_Small | 3 | 16 | 210270545922 | 0.00635783 | 80.6597 | 0 | 177
PACZ | Range_Small | 4 | 622 | 7420754880027 | 0.0126362 | 80.6597 | 0 | 269
PACZ | Range_Small | 5 | 1689 | 17841430843554 | 0.0209808 | 80.6597 | 0 | 373
PACZ | Range_Small | 6 | 3677 | 45442368311289 | 0.0733534 | 80.6597 | 0 | 715
PACZ | Range_Small | 7 | 1462 | 12459459642468 | 0.0302792 | 80.6597 | 0 | 361
PACZ | Range_Small | 8 | 24 | 371465264742 | 0.00429153 | 80.6597 | 0 | 147
PACZ | Range_Small | 9 | 121 | 1253737023069 | 0.00365575 | 80.6597 | 0 | 111
PACZ | Range_Small | 10 | 952 | 11274549299394 | 0.0290076 | 80.6597 | 0 | 367
PACZ | Range_Small | 11 | 2295 | 26251196808540 | 0.0253518 | 80.6597 | 0 | 413
PACZ | Range_Small | 12 | 792 | 9670920821730 | 0.0302792 | 80.6597 | 0 | 323
PACZ | Range_Small | 13 | 60 | 567740654385 | 0.0103315 | 80.6597 | 0 | 179
PACZ | Range_Small | 14 | 3779 | 49194191257083 | 0.0329812 | 80.6597 | 0 | 457
PACZ | Range_Small | 15 | 155 | 1494694416186 | 0.00540415 | 80.6597 | 0 | 167
PACZ | Range_Small | 16 | 1814 | 20914457939502 | 0.0270208 | 80.6597 | 0 | 481
PACZ | Range_Small | 17 | 1 | 9732714495 | 0.00230471 | 80.6597 | 0 | 67
PACZ | Range_Small | 18 | 929 | 11679616902717 | 0.0206629 | 80.6597 | 0 | 307
PACZ | Range_Small | 19 | 1697 | 18696619259052 | 0.0266234 | 80.6597 | 0 | 443
PACZ | Range_Small | 20 | 78 | 1084620013977 | 0.00564257 | 80.6597 | 0 | 187
PACZ | Range_Small | 21 | 628 | 8578274732262 | 0.0252724 | 80.6597 | 0 | 241
PACZ | Range_Small | 22 | 1570 | 16468306585797 | 0.0343323 | 80.6597 | 0 | 453
PACZ | Range_Small | 23 | 141 | 1559258559300 | 0.00866254 | 80.6597 | 0 | 227
PACZ | Range_Small | 24 | 405 | 4536448176567 | 0.00794729 | 80.6597 | 0 | 207
PACZ | Range_Small | 25 | 222 | 2213756835444 | 0.00739098 | 80.6597 | 0 | 215
PACZ | Range_Small | 26 | 16698 | 203919886656960 | 0.210285 | 80.6597 | 0 | 2025
PACZ | Range_Small | 27 | 685 | 9703763257032 | 0.0209808 | 80.6597 | 0 | 279
PACZ | Range_Small | 28 | 1367 | 14476084809444 | 0.022014 | 80.6597 | 0 | 355
PACZ | Range_Small | 29 | 1974 | 20789015951271 | 0.0260671 | 80.6597 | 0 | 411
PACZ | Range_Small | 30 | 638 | 6126858538488 | 0.0206629 | 80.6597 | 0 | 307
PACZ | Range_Small | 31 | 1189 | 12449282795316 | 0.0306765 | 80.6597 | 0 | 363
PACZ | Range_Small | 32 | 620 | 7831274982750 | 0.0109673 | 80.6597 | 0 | 243
PACZ | Range_Small | 33 | 1646 | 17488302208917 | 0.0249545 | 80.6597 | 0 | 363
PACZ | Range_Small | 34 | 15965 | 187238534010192 | 0.202735 | 80.6597 | 0 | 1969
PACZ | Range_Small | 35 | 1018 | 16084590755340 | 0.0186761 | 80.6597 | 0 | 359
PACZ | Range_Small | 36 | 87 | 997351647204 | 0.00540415 | 80.6597 | 0 | 169
PACZ | Range_Small | 37 | 2631 | 26998835496810 | 0.0433127 | 80.6597 | 0 | 491
PACZ | Range_Small | 38 | 500 | 7188267455295 | 0.013272 | 80.6597 | 0 | 251
PACZ | Range_Small | 39 | 6 | 68399147889 | 0.00397364 | 80.6597 | 0 | 125
PACZ | Range_Small | 40 | 538 | 6852962890539 | 0.0166893 | 80.6597 | 0 | 265
PACZ | Range_Small | 41 | 15320 | 179194737356181 | 0.167052 | 80.6597 | 0 | 1883
PACZ | Range_Small | 42 | 2001 | 26046864281208 | 0.0297228 | 80.6597 | 0 | 379
PACZ | Range_Small | 43 | 12 | 82924762188 | 0.00301997 | 80.6597 | 0 | 99
PACZ | Range_Small | 44 | 8397 | 103790595617724 | 0.121037 | 80.6597 | 0 | 1111
PACZ | Range_Small | 45 | 1345 | 12826521783156 | 0.0283718 | 80.6597 | 0 | 403
PACZ | Range_Small | 46 | 37 | 385700901006 | 0.00564257 | 80.6597 | 0 | 177
PACZ | Range_Small | 47 | 278 | 3472207259541 | 0.0109673 | 80.6597 | 0 | 281
PACZ | Range_Small | 48 | 1803 | 25202057371389 | 0.0227292 | 80.6597 | 0 | 321
PACZ | Range_Small | 49 | 536 | 6213947400189 | 0.00898043 | 80.6597 | 0 | 219
PACZ | Range_Small | 50 | 562 | 6399818922855 | 0.0120004 | 80.6597 | 0 | 277
PACZ | Range_Small | 51 | 848 | 10829168122374 | 0.0136693 | 80.6597 | 0 | 259
PACZ | Range_Small | 52 | 6 | 36397348302 | 0.00397364 | 80.6597 | 0 | 157
PACZ | Range_Small | 53 | 3081 | 37935126273516 | 0.0369549 | 80.6597 | 0 | 537
PACZ | Range_Small | 54 | 303 | 3689556021252 | 0.00627836 | 80.6597 | 0 | 181
PACZ | Range_Small | 55 | 18597 | 219055330915317 | 0.283321 | 80.6597 | 0 | 2175
PACZ | Range_Small | 56 | 546 | 5436418586943 | 0.017643 | 80.6597 | 0 | 291
PACZ | Range_Small | 57 | 1793 | 18140831042889 | 0.0336965 | 80.6597 | 0 | 487
PACZ | Range_Small | 58 | 538 | 6956361758961 | 0.017643 | 80.6597 | 0 | 265
PACZ | Range_Small | 59 | 561 | 6624560156619 | 0.00898043 | 80.6597 | 0 | 217
PACZ | Range_Small | 60 | 508 | 6207274371345 | 0.0206629 | 80.6597 | 0 | 351
PACZ | Range_Small | 61 | 158 | 2169890759148 | 0.00596046 | 80.6597 | 0 | 163
PACZ | Range_Small | 62 | 3098 | 38313093207114 | 0.0470479 | 80.6597 | 0 | 531
PACZ | Range_Small | 63 | 370 | 4816064222781 | 0.00802676 | 80.6597 | 0 | 243
PACZ | Range_Small | 64 | 6788 | 83500072970646 | 0.0803471 | 80.6597 | 0 | 921
PACZ | Range_Small | 65 | 2238 | 17387935444092 | 0.0293255 | 80.6597 | 0 | 485
PACZ | Range_Small | 66 | 1004 | 11293425309111 | 0.0209808 | 80.6597 | 0 | 387
PACZ | Range_Small | 67 | 392 | 5377270803885 | 0.0112851 | 80.6597 | 0 | 251
PACZ | Range_Small | 68 | 1284 | 15443136379563 | 0.0190735 | 80.6597 | 0 | 313
PACZ | Range_Small | 69 | 1257 | 19894770159942 | 0.0170072 | 80.6597 | 0 | 337
PACZ | Range_Small | 70 | 813 | 9696654257031 | 0.015974 | 80.6597 | 0 | 329
PACZ | Range_Small | 71 | 678 | 7420962766692 | 0.0126362 | 80.6597 | 0 | 277
PACZ | Range_Small | 72 | 858 | 7926035740116 | 0.0156562 | 80.6597 | 0 | 307
PACZ | Range_Small | 73 | 11336 | 138891579592446 | 0.145356 | 80.6597 | 0 | 1531
PACZ | Range_Small | 74 | 1816 | 18662809439754 | 0.0253518 | 80.6597 | 0 | 417
PACZ | Range_Small | 75 | 1319 | 15827572855296 | 0.0193119 | 80.6597 | 0 | 365
PACZ | Range_Small | 76 | 1244 | 16850879819784 | 0.0166098 | 80.6597 | 0 | 289
PACZ | Range_Small | 77 | 6190 | 74842500936126 | 0.0823339 | 80.6597 | 0 | 873
PACZ | Range_Small | 78 | 2178 | 23812297030020 | 0.0370344 | 80.6597 | 0 | 455
PACZ | Range_Small | 79 | 719 | 7412317885857 | 0.022014 | 80.6597 | 0 | 393
PACZ | Range_Small | 80 | 4344 | 39555435873579 | 0.0533263 | 80.6597 | 0 | 589
PACZ | Range_Small | 81 | 1148 | 12226782171051 | 0.0203451 | 80.6597 | 0 | 333
PACZ | Range_Small | 82 | 58 | 847320315555 | 0.00532468 | 80.6597 | 0 | 167
PACZ | Range_Small | 83 | 1708 | 18313828194117 | 0.0330607 | 80.6597 | 0 | 427
PACZ | Range_Small | 84 | 1810 | 17085152552787 | 0.0323455 | 80.6597 | 0 | 507
PACZ | Range_Small | 85 | 754 | 8911773640341 | 0.0170072 | 80.6597 | 0 | 273
PACZ | Range_Small | 86 | 3894 | 45458714861190 | 0.0503063 | 80.6597 | 0 | 601
PACZ | Range_Small | 87 | 2040 | 20399070439188 | 0.0280539 | 80.6597 | 0 | 409
PACZ | Range_Small | 88 | 480 | 6728043022104 | 0.00969569 | 80.6597 | 0 | 255
PACZ | Range_Small | 89 | 251 | 2740237887333 | 0.0130335 | 80.6597 | 0 | 245
PACZ | Range_Small | 90 | 2442 | 29207364985164 | 0.0373522 | 80.6597 | 0 | 507
PACZ | Range_Small | 91 | 517 | 6165332729280 | 0.00969569 | 80.6597 | 0 | 241
PACZ | Range_Small | 92 | 2082 | 21396003461433 | 0.0283718 | 80.6597 | 0 | 465
PACZ | Range_Small | 93 | 2252 | 23327359348035 | 0.0317097 | 80.6597 | 0 | 493
PACZ | Range_Small | 94 | 380 | 4414938524877 | 0.0110467 | 80.6597 | 0 | 243
PACZ | Range_Small | 95 | 543 | 5861606549976 | 0.0212987 | 80.6597 | 0 | 303
PACZ | Range_Small | 96 | 608 | 7253349632673 | 0.0129541 | 80.6597 | 0 | 299
PACZ | Range_Small | 97 | 4491 | 40799389148028 | 0.0402927 | 80.6597 | 0 | 575
PACZ | Range_Small | 98 | 274 | 3189908842245 | 0.00874201 | 80.6597 | 0 | 207
PACZ | Range_Small | 99 | 5508 | 67749532474314 | 0.0603199 | 80.6597 | 0 | 793
PACZ | Range_Medium | 0 | 14250 | 171295933125432 | 0.160615 | 80.6597 | 0 | 1677
PACZ | Range_Medium | 1 | 92568 | 1085730117774111 | 1.26163 | 80.6597 | 0 | 8625
PACZ | Range_Medium | 2 | 38730 | 482840758592922 | 0.501315 | 80.6597 | 0 | 3683
PACZ | Range_Medium | 3 | 34035 | 387688941256485 | 0.422001 | 80.6597 | 0 | 3441
PACZ | Range_Medium | 4 | 29671 | 372717766365414 | 0.299931 | 80.6597 | 0 | 2925
PACZ | Range_Medium | 5 | 51547 | 597879436513182 | 0.528733 | 80.6597 | 0 | 4899
PACZ | Range_Medium | 6 | 32440 | 397401453987357 | 0.304381 | 80.6597 | 0 | 3179
PACZ | Range_Medium | 7 | 29597 | 367814278955646 | 0.255346 | 80.6597 | 0 | 2993
PACZ | Range_Medium | 8 | 14713 | 165401439609357 | 0.140667 | 80.6597 | 0 | 1575
PACZ | Range_Medium | 9 | 28953 | 325868752580712 | 0.253359 | 80.6597 | 0 | 2863
PACZ | Range_Medium | 10 | 21669 | 251331017624922 | 0.205676 | 80.6597 | 0 | 2157
PACZ | Range_Medium | 11 | 79905 | 888576892690446 | 0.828346 | 80.6597 | 0 | 6979
PACZ | Range_Medium | 12 | 41491 | 451554741579276 | 0.39196 | 80.6597 | 0 | 3795
PACZ | Range_Medium | 13 | 5666 | 70185139710648 | 0.0596841 | 80.6597 | 0 | 723
PACZ | Range_Medium | 14 | 2907 | 38656163600094 | 0.032266 | 80.6597 | 0 | 469
PACZ | Range_Medium | 15 | 55421 | 642518736599772 | 0.54431 | 80.6597 | 0 | 5221
PACZ | Range_Medium | 16 | 42032 | 471013103214744 | 0.415325 | 80.6597 | 0 | 3833
PACZ | Range_Medium | 17 | 86454 | 1018872109228635 | 1.0527 | 80.6597 | 0 | 8059
PACZ | Range_Medium | 18 | 80940 | 941872528896900 | 0.996669 | 80.6597 | 0 | 7589
PACZ | Range_Medium | 19 | 97293 | 1165211955824043 | 1.2037 | 80.6597 | 0 | 9081
PACZ | Range_Medium | 20 | 70950 | 757470978870510 | 0.821034 | 80.6597 | 0 | 6203
PACZ | Range_Medium | 21 | 6099 | 73583816274513 | 0.0733534 | 80.6597 | 0 | 729
PACZ | Range_Medium | 22 | 96936 | 1143796404491001 | 1.1847 | 80.6597 | 0 | 8923
PACZ | Range_Medium | 23 | 9223 | 123322038385413 | 0.109673 | 80.6597 | 0 | 1095
PACZ | Range_Medium | 24 | 35774 | 442546012473453 | 0.403722 | 80.6597 | 0 | 3329
PACZ | Range_Medium | 25 | 25962 | 286481326075158 | 0.273943 | 80.6597 | 0 | 2503
PACZ | Range_Medium | 26 | 27375 | 329353158244947 | 0.323693 | 80.6597 | 0 | 2799
PACZ | Range_Medium | 27 | 97523 | 1146711047199702 | 1.23127 | 80.6597 | 0 | 9027
PACZ | Range_Medium | 28 | 30586 | 355143823964295 | 0.327667 | 80.6597 | 0 | 3053
PACZ | Range_Medium | 29 | 8916 | 104947122290049 | 0.0923475 | 80.6597 | 0 | 885
PACZ | Range_Medium | 30 | 44726 | 535899686371923 | 0.476678 | 80.6597 | 0 | 3925
PACZ | Range_Medium | 31 | 10336 | 138281311771188 | 0.119686 | 80.6597 | 0 | 1187
PACZ | Range_Medium | 32 | 72761 | 829907542763247 | 0.875711 | 80.6597 | 0 | 6597
PACZ | Range_Medium | 33 | 49326 | 590632345819896 | 0.51101 | 80.6597 | 0 | 4365
PACZ | Range_Medium | 34 | 71628 | 746815102462998 | 0.776609 | 80.6597 | 0 | 6193
PACZ | Range_Medium | 35 | 66802 | 703921133688453 | 0.704606 | 80.6597 | 0 | 5771
PACZ | Range_Medium | 36 | 32836 | 383723615560155 | 0.390053 | 80.6597 | 0 | 3371
PACZ | Range_Medium | 37 | 25076 | 326679240131070 | 0.292381 | 80.6597 | 0 | 2517
PACZ | Range_Medium | 38 | 39047 | 417750607499553 | 0.445286 | 80.6597 | 0 | 3605
PACZ | Range_Medium | 39 | 65409 | 689674129232109 | 0.736713 | 80.6597 | 0 | 5743
PACZ | Range_Medium | 40 | 44465 | 475446509532888 | 0.474294 | 80.6597 | 0 | 4151
PACZ | Range_Medium | 41 | 21729 | 267039450025920 | 0.247002 | 80.6597 | 0 | 2249
PACZ | Range_Medium | 42 | 37186 | 397303607931273 | 0.434319 | 80.6597 | 0 | 3449
PACZ | Range_Medium | 43 | 3027 | 30948537006297 | 0.0443459 | 80.6597 | 0 | 559
PACZ | Range_Medium | 44 | 23388 | 261819251754504 | 0.267347 | 80.6597 | 0 | 2487
PACZ | Range_Medium | 45 | 36581 | 404594522093955 | 0.394662 | 80.6597 | 0 | 3493
PACZ | Range_Medium | 46 | 32960 | 440830888443798 | 0.361045 | 80.6597 | 0 | 3177
PACZ | Range_Medium | 47 | 70224 | 804158444321874 | 0.816345 | 80.6597 | 0 | 6107
PACZ | Range_Medium | 48 | 80478 | 949576706540400 | 0.987291 | 80.6597 | 0 | 7603
PACZ | Range_Medium | 49 | 52420 | 730893828696591 | 0.536283 | 80.6597 | 0 | 4487
PACZ | Range_Medium | 50 | 29924 | 401576021110857 | 0.281016 | 80.6597 | 0 | 2763
PACZ | Range_Medium | 51 | 42874 | 455559208856610 | 0.478347 | 80.6597 | 0 | 3979
PACZ | Range_Medium | 52 | 13705 | 171176020516749 | 0.166337 | 80.6597 | 0 | 1577
PACZ | Range_Medium | 53 | 98132 | 1156063585091916 | 1.18971 | 80.6597 | 0 | 9043
PACZ | Range_Medium | 54 | 15315 | 182487219113715 | 0.160297 | 80.6597 | 0 | 1587
PACZ | Range_Medium | 55 | 49109 | 674133169314591 | 0.514269 | 80.6597 | 0 | 4217
PACZ | Range_Medium | 56 | 8989 | 120356377759089 | 0.104984 | 80.6597 | 0 | 1075
PACZ | Range_Medium | 57 | 2555 | 35125918927119 | 0.0353654 | 80.6597 | 0 | 427
PACZ | Range_Medium | 58 | 64016 | 653503143431175 | 0.730038 | 80.6597 | 0 | 5705
PACZ | Range_Medium | 59 | 49203 | 688835473347351 | 0.507673 | 80.6597 | 0 | 4343
PACZ | Range_Medium | 60 | 74562 | 845965389099186 | 0.868003 | 80.6597 | 0 | 6665
PACZ | Range_Medium | 61 | 41892 | 503573810089944 | 0.493288 | 80.6597 | 0 | 3961
PACZ | Range_Medium | 62 | 63548 | 666734506982862 | 0.691017 | 80.6597 | 0 | 5425
PACZ | Range_Medium | 63 | 97196 | 1144449692938902 | 1.21101 | 80.6597 | 0 | 9055
PACZ | Range_Medium | 64 | 54475 | 620742233605992 | 0.653664 | 80.6597 | 0 | 5309
PACZ | Range_Medium | 65 | 35540 | 388121759977842 | 0.403007 | 80.6597 | 0 | 3431
PACZ | Range_Medium | 66 | 63071 | 660361286139573 | 0.66932 | 80.6597 | 0 | 5497
PACZ | Range_Medium | 67 | 20527 | 219764939854116 | 0.238657 | 80.6597 | 0 | 2081
PACZ | Range_Medium | 68 | 77437 | 872835911766744 | 0.914335 | 80.6597 | 0 | 6937
PACZ | Range_Medium | 69 | 21633 | 250979204624982 | 0.223319 | 80.6597 | 0 | 2157
PACZ | Range_Medium | 70 | 6665 | 65768905064460 | 0.0856717 | 80.6597 | 0 | 847
PACZ | Range_Medium | 71 | 34100 | 344666979410607 | 0.364939 | 80.6597 | 0 | 3165
PACZ | Range_Medium | 72 | 21625 | 251243534847534 | 0.218312 | 80.6597 | 0 | 2151
PACZ | Range_Medium | 73 | 53617 | 740682121258050 | 0.573635 | 80.6597 | 0 | 4647
PACZ | Range_Medium | 74 | 3 | 23881472778 | 0.00270208 | 80.6597 | 0 | 71
PACZ | Range_Medium | 75 | 3936 | 46737273965412 | 0.0446637 | 80.6597 | 0 | 525
PACZ | Range_Medium | 76 | 37150 | 401602679566512 | 0.401656 | 80.6597 | 0 | 3433
PACZ | Range_Medium | 77 | 32481 | 388746927668682 | 0.366688 | 80.6597 | 0 | 3209
PACZ | Range_Medium | 78 | 64423 | 682533750404337 | 0.71764 | 80.6597 | 0 | 5691
PACZ | Range_Medium | 79 | 9863 | 107369150512584 | 0.112295 | 80.6597 | 0 | 1185
PACZ | Range_Medium | 80 | 23426 | 285279617624769 | 0.264645 | 80.6597 | 0 | 2373
PACZ | Range_Medium | 81 | 10480 | 123322364321253 | 0.121037 | 80.6597 | 0 | 1151
PACZ | Range_Medium | 82 | 5605 | 69672268939098 | 0.0677109 | 80.6597 | 0 | 773
PACZ | Range_Medium | 83 | 27379 | 323638585267002 | 0.309706 | 80.6597 | 0 | 2779
PACZ | Range_Medium | 84 | 8964 | 101791971057291 | 0.0976721 | 80.6597 | 0 | 947
PACZ | Range_Medium | 85 | 26109 | 311882814320424 | 0.275294 | 80.6597 | 0 | 2663
PACZ | Range_Medium | 86 | 53759 | 639376679389710 | 0.608683 | 80.6597 | 0 | 4673
PACZ | Range_Medium | 87 | 8671 | 105111037601172 | 0.0960032 | 80.6597 | 0 | 995
PACZ | Range_Medium | 88 | 50470 | 603507034638366 | 0.555356 | 80.6597 | 0 | 4459
PACZ | Range_Medium | 89 | 44864 | 603955375946316 | 0.565052 | 80.6597 | 0 | 4065
PACZ | Range_Medium | 90 | 44279 | 596178562760532 | 0.464996 | 80.6597 | 0 | 3977
PACZ | Range_Medium | 91 | 18310 | 234932191801833 | 0.175953 | 80.6597 | 0 | 1929
PACZ | Range_Medium | 92 | 19520 | 251841308180241 | 0.18994 | 80.6597 | 0 | 2013
PACZ | Range_Medium | 93 | 3304 | 33473711227644 | 0.0452995 | 80.6597 | 0 | 539
PACZ | Range_Medium | 94 | 30945 | 313236184510269 | 0.332276 | 80.6597 | 0 | 2879
PACZ | Range_Medium | 95 | 14844 | 170450263389021 | 0.171343 | 80.6597 | 0 | 1477
PACZ | Range_Medium | 96 | 17399 | 201042276145479 | 0.19296 | 80.6597 | 0 | 1831
PACZ | Range_Medium | 97 | 2656 | 30643709544606 | 0.033617 | 80.6597 | 0 | 397
PACZ | Range_Medium | 98 | 40322 | 482944118122617 | 0.462373 | 80.6597 | 0 | 3651
PACZ | Range_Medium | 99 | 64047 | 677353569763914 | 0.71462 | 80.6597 | 0 | 5511
PACZ | Range_Large | 0 | 485402 | 5804924512876413 | 5.86494 | 80.6597 | 0 | 40067
PACZ | Range_Large | 1 | 562926 | 6707548555312962 | 6.81893 | 80.6597 | 0 | 46063
PACZ | Range_Large | 2 | 453042 | 5278274703225486 | 5.33001 | 80.6597 | 0 | 36863
PACZ | Range_Large | 3 | 731225 | 8596338445376394 | 8.80766 | 80.6597 | 0 | 59655
PACZ | Range_Large | 4 | 710384 | 8352848543655636 | 8.58696 | 80.6597 | 0 | 58073
PACZ | Range_Large | 5 | 523250 | 6238531667445201 | 6.24967 | 80.6597 | 0 | 43015
PACZ | Range_Large | 6 | 348888 | 3988119382071726 | 4.44269 | 80.6597 | 0 | 29517
PACZ | Range_Large | 7 | 466252 | 5437953237912717 | 5.56334 | 80.6597 | 0 | 37825
PACZ | Range_Large | 8 | 463272 | 5401424952432843 | 5.53966 | 80.6597 | 0 | 37671
PACZ | Range_Large | 9 | 559806 | 6664163919132273 | 6.74566 | 80.6597 | 0 | 45929
PACZ | Range_Large | 10 | 663355 | 7837250044285923 | 8.05799 | 80.6597 | 0 | 54355
PACZ | Range_Large | 11 | 450034 | 5248559427609135 | 5.416 | 80.6597 | 0 | 36657
PACZ | Range_Large | 12 | 431364 | 5043578480734860 | 5.14102 | 80.6597 | 0 | 34985
PACZ | Range_Large | 13 | 456186 | 5321558639937513 | 5.40606 | 80.6597 | 0 | 37107
PACZ | Range_Large | 14 | 675027 | 7968005255120955 | 8.11799 | 80.6597 | 0 | 55465
PACZ | Range_Large | 15 | 435893 | 5091177098994561 | 5.23694 | 80.6597 | 0 | 35457
PACZ | Range_Large | 16 | 699051 | 8225375008730505 | 8.50566 | 80.6597 | 0 | 57119
PACZ | Range_Large | 17 | 312174 | 3549041440736694 | 3.89369 | 80.6597 | 0 | 25409
PACZ | Range_Large | 18 | 473059 | 5665006385554299 | 5.84698 | 80.6597 | 0 | 38899
PACZ | Range_Large | 19 | 359385 | 4104542936921952 | 4.44833 | 80.6597 | 0 | 30677
PACZ | Range_Large | 20 | 715500 | 8410567535068884 | 8.67462 | 80.6597 | 0 | 58415
PACZ | Range_Large | 21 | 562279 | 6693093423360810 | 6.74701 | 80.6597 | 0 | 46091
PACZ | Range_Large | 22 | 507708 | 6056729130616182 | 6.14166 | 80.6597 | 0 | 41705
PACZ | Range_Large | 23 | 434025 | 5052895302679848 | 5.10899 | 80.6597 | 0 | 35375
PACZ | Range_Large | 24 | 338489 | 3856288577006412 | 4.18305 | 80.6597 | 0 | 28511
PACZ | Range_Large | 25 | 461426 | 5366531554427037 | 5.53799 | 80.6597 | 0 | 37465
PACZ | Range_Large | 26 | 467116 | 5593612502875851 | 5.71203 | 80.6597 | 0 | 38489
PACZ | Range_Large | 27 | 668981 | 7896283069525251 | 8.06467 | 80.6597 | 0 | 54741
PACZ | Range_Large | 28 | 753671 | 8847898261377915 | 9.08796 | 80.6597 | 0 | 61385
PACZ | Range_Large | 29 | 513636 | 6129652423257387 | 6.29338 | 80.6597 | 0 | 42411
PACZ | Range_Large | 30 | 518663 | 6195867502300584 | 6.45137 | 80.6597 | 0 | 42769
PACZ | Range_Large | 31 | 717013 | 8435202152908614 | 8.65698 | 80.6597 | 0 | 58471
PACZ | Range_Large | 32 | 691863 | 8147682037458594 | 8.47395 | 80.6597 | 0 | 56399
PACZ | Range_Large | 33 | 561839 | 6687943514476134 | 6.79231 | 80.6597 | 0 | 46067
PACZ | Range_Large | 34 | 560483 | 6676915687847148 | 6.74971 | 80.6597 | 0 | 46041
PACZ | Range_Large | 35 | 458965 | 5339781896705343 | 5.40129 | 80.6597 | 0 | 37253
PACZ | Range_Large | 36 | 427395 | 5012400851482146 | 5.10271 | 80.6597 | 0 | 34779
PACZ | Range_Large | 37 | 336379 | 3838228709740620 | 4.01266 | 80.6597 | 0 | 27497
PACZ | Range_Large | 38 | 364488 | 4209909616449210 | 4.39668 | 80.6597 | 0 | 29719
PACZ | Range_Large | 39 | 522556 | 6245452938549078 | 6.46639 | 80.6597 | 0 | 42943
PACZ | Range_Large | 40 | 600462 | 7046726482446231 | 7.41728 | 80.6597 | 0 | 49391
PACZ | Range_Large | 41 | 507266 | 6049600857983517 | 6.32302 | 80.6597 | 0 | 41697
PACZ | Range_Large | 42 | 497633 | 5945648703252471 | 6.08738 | 80.6597 | 0 | 40957
PACZ | Range_Large | 43 | 730416 | 8579242580326413 | 8.87402 | 80.6597 | 0 | 59551
PACZ | Range_Large | 44 | 440596 | 5142254178714798 | 5.20897 | 80.6597 | 0 | 35877
PACZ | Range_Large | 45 | 559889 | 6669905426641980 | 6.81098 | 80.6597 | 0 | 46023
PACZ | Range_Large | 46 | 512730 | 6108569140155852 | 6.25499 | 80.6597 | 0 | 42109
PACZ | Range_Large | 47 | 462125 | 5388823369315245 | 5.55269 | 80.6597 | 0 | 37487
PACZ | Range_Large | 48 | 700419 | 8242588612037361 | 8.46903 | 80.6597 | 0 | 57251
PACZ | Range_Large | 49 | 730652 | 8566132265778531 | 8.74631 | 80.6597 | 0 | 59497
PACZ | Range_Large | 50 | 497776 | 5947327943625120 | 5.99798 | 80.6597 | 0 | 40957
PACZ | Range_Large | 51 | 471397 | 5631448721648043 | 5.72634 | 80.6597 | 0 | 38835
PACZ | Range_Large | 52 | 460277 | 5498837147379393 | 5.53433 | 80.6597 | 0 | 37859
PACZ | Range_Large | 53 | 727611 | 8551156641471510 | 8.85264 | 80.6597 | 0 | 59407
PACZ | Range_Large | 54 | 464964 | 5559955033589190 | 5.59036 | 80.6597 | 0 | 38167
PACZ | Range_Large | 55 | 563387 | 6703513226960997 | 6.84468 | 80.6597 | 0 | 46203
PACZ | Range_Large | 56 | 446064 | 5338376890134855 | 5.44635 | 80.6597 | 0 | 36711
PACZ | Range_Large | 57 | 441608 | 5282766889094406 | 5.38071 | 80.6597 | 0 | 36427
PACZ | Range_Large | 58 | 454625 | 5296790582063082 | 5.4787 | 80.6597 | 0 | 36889
PACZ | Range_Large | 59 | 677890 | 7995660616210221 | 8.15837 | 80.6597 | 0 | 55513
PACZ | Range_Large | 60 | 562840 | 6700082907154680 | 6.80002 | 80.6597 | 0 | 46173
PACZ | Range_Large | 61 | 444896 | 5325017006286429 | 5.37435 | 80.6597 | 0 | 36617
PACZ | Range_Large | 62 | 558982 | 6654975013056618 | 6.83268 | 80.6597 | 0 | 45917
PACZ | Range_Large | 63 | 674243 | 7954377638330727 | 8.18666 | 80.6597 | 0 | 55223
PACZ | Range_Large | 64 | 693922 | 8170311776667297 | 8.45671 | 80.6597 | 0 | 56757
PACZ | Range_Large | 65 | 509269 | 5958202701283695 | 6.18267 | 80.6597 | 0 | 42031
PACZ | Range_Large | 66 | 556645 | 6628717356699396 | 6.77395 | 80.6597 | 0 | 45677
PACZ | Range_Large | 67 | 562148 | 6697098764434902 | 6.90405 | 80.6597 | 0 | 46183
PACZ | Range_Large | 68 | 629003 | 7370314053687888 | 7.57599 | 80.6597 | 0 | 51609
PACZ | Range_Large | 69 | 505308 | 6040707394348878 | 6.41036 | 80.6597 | 0 | 41625
PACZ | Range_Large | 70 | 441144 | 5160664631597265 | 5.39263 | 80.6597 | 0 | 35939
PACZ | Range_Large | 71 | 558415 | 6648063414674004 | 6.99997 | 80.6597 | 0 | 45887
PACZ | Range_Large | 72 | 455004 | 5436571096700634 | 5.627 | 80.6597 | 0 | 37479
PACZ | Range_Large | 73 | 505281 | 6026676210205848 | 6.17266 | 80.6597 | 0 | 41523
PACZ | Range_Large | 74 | 464498 | 5406874983574908 | 5.52734 | 80.6597 | 0 | 37673
PACZ | Range_Large | 75 | 466853 | 5432149969373442 | 5.55595 | 80.6597 | 0 | 37779
PACZ | Range_Large | 76 | 456621 | 5327207460294996 | 5.3676 | 80.6597 | 0 | 37147
PACZ | Range_Large | 77 | 467875 | 5447510474839998 | 5.58329 | 80.6597 | 0 | 37883
PACZ | Range_Large | 78 | 476839 | 5684802657591204 | 5.74994 | 80.6597 | 0 | 39199
PACZ | Range_Large | 79 | 609058 | 7146033312567093 | 7.48301 | 80.6597 | 0 | 50195
PACZ | Range_Large | 80 | 416605 | 4865680818844620 | 5.03469 | 80.6597 | 0 | 33965
PACZ | Range_Large | 81 | 470985 | 5481727942377000 | 5.62231 | 80.6597 | 0 | 38205
PACZ | Range_Large | 82 | 568949 | 6669453735120828 | 6.88831 | 80.6597 | 0 | 46701
PACZ | Range_Large | 83 | 481998 | 5747648587194705 | 5.85334 | 80.6597 | 0 | 39623
PACZ | Range_Large | 84 | 305658 | 3471639915259254 | 3.86397 | 80.6597 | 0 | 26275
PACZ | Range_Large | 85 | 724970 | 8516301459288219 | 8.80035 | 80.6597 | 0 | 59203
PACZ | Range_Large | 86 | 507946 | 6072990458811297 | 6.16129 | 80.6597 | 0 | 41773
PACZ | Range_Large | 87 | 515674 | 6142418464989801 | 6.21772 | 80.6597 | 0 | 42363
PACZ | Range_Large | 88 | 685770 | 8040013910549574 | 8.22703 | 80.6597 | 0 | 56031
PACZ | Range_Large | 89 | 320523 | 3636622141198455 | 3.88002 | 80.6597 | 0 | 25993
PACZ | Range_Large | 90 | 570842 | 6779299080104373 | 6.89761 | 80.6597 | 0 | 47315
PACZ | Range_Large | 91 | 476083 | 5677205529113952 | 5.75995 | 80.6597 | 0 | 39063
PACZ | Range_Large | 92 | 486926 | 5513352091314969 | 5.85699 | 80.6597 | 0 | 40373
PACZ | Range_Large | 93 | 359530 | 4213765088849547 | 4.42568 | 80.6597 | 0 | 30397
PACZ | Range_Large | 94 | 471197 | 5485173602016534 | 5.61301 | 80.6597 | 0 | 38199
PACZ | Range_Large | 95 | 479967 | 5723557546207437 | 5.783 | 80.6597 | 0 | 39483
PACZ | Range_Large | 96 | 330070 | 3753769747369410 | 3.91332 | 80.6597 | 0 | 26929
PACZ | Range_Large | 97 | 426488 | 5002255048194147 | 5.07204 | 80.6597 | 0 | 34759
PACZ | Range_Large | 98 | 608787 | 7220557576440729 | 7.39463 | 80.6597 | 0 | 50147
PACZ | Range_Large | 99 | 314934 | 3577136352972057 | 3.70701 | 80.6597 | 0 | 25599
PACZ | kNN_10 | 0 | 10 | 128976182958 | 0.0593662 | 80.6597 | 0 | 430
PACZ | kNN_10 | 1 | 10 | 118552434948 | 0.0536442 | 80.6597 | 0 | 411
PACZ | kNN_10 | 2 | 10 | 119251809021 | 0.0549952 | 80.6597 | 0 | 353
PACZ | kNN_10 | 3 | 10 | 119297185851 | 0.0353654 | 80.6597 | 0 | 283
PACZ | kNN_10 | 4 | 10 | 138185434746 | 0.0390212 | 80.6597 | 0 | 281
PACZ | kNN_10 | 5 | 10 | 92505136434 | 0.0363191 | 80.6597 | 0 | 308
PACZ | kNN_10 | 6 | 10 | 103809447837 | 0.037988 | 80.6597 | 0 | 287
PACZ | kNN_10 | 7 | 10 | 119308999968 | 0.0373522 | 80.6597 | 0 | 305
PACZ | kNN_10 | 8 | 10 | 147648065295 | 0.064373 | 80.6597 | 0 | 479
PACZ | kNN_10 | 9 | 10 | 107798199666 | 0.0343323 | 80.6597 | 0 | 294
PACZ | kNN_10 | 10 | 10 | 106031217204 | 0.0253518 | 80.6597 | 0 | 195
PACZ | kNN_10 | 11 | 10 | 102609591903 | 0.033617 | 80.6597 | 0 | 304
PACZ | kNN_10 | 12 | 10 | 64735477143 | 0.0299613 | 80.6597 | 0 | 219
PACZ | kNN_10 | 13 | 10 | 122865898608 | 0.0356038 | 80.6597 | 0 | 319
PACZ | kNN_10 | 14 | 10 | 59558444334 | 0.0429948 | 80.6597 | 0 | 402
PACZ | kNN_10 | 15 | 10 | 103807826643 | 0.0403722 | 80.6597 | 0 | 261
PACZ | kNN_10 | 16 | 10 | 123288445221 | 0.0414054 | 80.6597 | 0 | 317
PACZ | kNN_10 | 17 | 10 | 126291285339 | 0.0293255 | 80.6597 | 0 | 291
PACZ | kNN_10 | 18 | 10 | 138192578622 | 0.0380675 | 80.6597 | 0 | 299
PACZ | kNN_10 | 19 | 10 | 137162540373 | 0.0317097 | 80.6597 | 0 | 287
PACZ | kNN_10 | 20 | 10 | 130977151134 | 0.0490348 | 80.6597 | 0 | 447
PACZ | kNN_10 | 21 | 10 | 111039542859 | 0.0489553 | 80.6597 | 0 | 440
PACZ | kNN_10 | 22 | 10 | 111953644578 | 0.0226498 | 80.6597 | 0 | 227
PACZ | kNN_10 | 23 | 10 | 145368242385 | 0.0363986 | 80.6597 | 0 | 330
PACZ | kNN_10 | 24 | 10 | 120456461838 | 0.0256697 | 80.6597 | 0 | 233
PACZ | kNN_10 | 25 | 10 | 123180839796 | 0.0413259 | 80.6597 | 0 | 334
PACZ | kNN_10 | 26 | 10 | 141740538990 | 0.0656446 | 80.6597 | 0 | 507
PACZ | kNN_10 | 27 | 10 | 111932131365 | 0.037988 | 80.6597 | 0 | 297
PACZ | kNN_10 | 28 | 10 | 126099051651 | 0.063022 | 80.6597 | 0 | 510
PACZ | kNN_10 | 29 | 10 | 90097971579 | 0.0517368 | 80.6597 | 0 | 384
PACZ | kNN_10 | 30 | 10 | 129592815663 | 0.0543594 | 80.6597 | 0 | 454
PACZ | kNN_10 | 31 | 10 | 147343782135 | 0.0332991 | 80.6597 | 0 | 253
PACZ | kNN_10 | 32 | 10 | 119787134121 | 0.0452995 | 80.6597 | 0 | 426
PACZ | kNN_10 | 33 | 10 | 158775842766 | 0.0413259 | 80.6597 | 0 | 304
PACZ | kNN_10 | 34 | 10 | 96068205645 | 0.0513395 | 80.6597 | 0 | 446
PACZ | kNN_10 | 35 | 10 | 117630020844 | 0.0422796 | 80.6597 | 0 | 428
PACZ | kNN_10 | 36 | 10 | 106436782533 | 0.0413259 | 80.6597 | 0 | 267
PACZ | kNN_10 | 37 | 10 | 118549681932 | 0.0603199 | 80.6597 | 0 | 471
PACZ | kNN_10 | 38 | 10 | 124939091910 | 0.0533263 | 80.6597 | 0 | 471
PACZ | kNN_10 | 39 | 10 | 118586796909 | 0.0356833 | 80.6597 | 0 | 313
PACZ | kNN_10 | 40 | 10 | 141565397751 | 0.0476837 | 80.6597 | 0 | 348
PACZ | kNN_10 | 41 | 10 | 90634725228 | 0.0353654 | 80.6597 | 0 | 349
PACZ | kNN_10 | 42 | 10 | 104296379043 | 0.0326633 | 80.6597 | 0 | 313
PACZ | kNN_10 | 43 | 10 | 126415207929 | 0.0545979 | 80.6597 | 0 | 513
PACZ | kNN_10 | 44 | 10 | 119289130755 | 0.0229677 | 80.6597 | 0 | 183
PACZ | kNN_10 | 45 | 10 | 129507487416 | 0.0472864 | 80.6597 | 0 | 420
PACZ | kNN_10 | 46 | 10 | 119303500134 | 0.0296434 | 80.6597 | 0 | 257
PACZ | kNN_10 | 47 | 10 | 84653450727 | 0.032266 | 80.6597 | 0 | 296
PACZ | kNN_10 | 48 | 10 | 108867585810 | 0.0463327 | 80.6597 | 0 | 422
PACZ | kNN_10 | 49 | 10 | 127833793440 | 0.0216961 | 80.6597 | 0 | 191
PACZ | kNN_10 | 50 | 10 | 54699903261 | 0.0273387 | 80.6597 | 0 | 217
PACZ | kNN_10 | 51 | 10 | 126099061599 | 0.061353 | 80.6597 | 0 | 532
PACZ | kNN_10 | 52 | 10 | 119996732628 | 0.0426769 | 80.6597 | 0 | 320
PACZ | kNN_10 | 53 | 10 | 112548920781 | 0.045379 | 80.6597 | 0 | 434
PACZ | kNN_10 | 54 | 10 | 141002697351 | 0.0303586 | 80.6597 | 0 | 273
PACZ | kNN_10 | 55 | 10 | 90165314514 | 0.0563463 | 80.6597 | 0 | 472
PACZ | kNN_10 | 56 | 10 | 105333379752 | 0.0449816 | 80.6597 | 0 | 464
PACZ | kNN_10 | 57 | 10 | 65770411464 | 0.0216961 | 80.6597 | 0 | 160
PACZ | kNN_10 | 58 | 10 | 117928500912 | 0.0513395 | 80.6597 | 0 | 507
PACZ | kNN_10 | 59 | 10 | 119991890898 | 0.0443459 | 80.6597 | 0 | 328
PACZ | kNN_10 | 60 | 10 | 128680872258 | 0.0566641 | 80.6597 | 0 | 473
PACZ | kNN_10 | 61 | 10 | 118802021403 | 0.0499884 | 80.6597 | 0 | 385
PACZ | kNN_10 | 62 | 10 | 102407525565 | 0.0333786 | 80.6597 | 0 | 275
PACZ | kNN_10 | 63 | 10 | 146236176393 | 0.0363191 | 80.6597 | 0 | 366
PACZ | kNN_10 | 64 | 10 | 118561338333 | 0.0463327 | 80.6597 | 0 | 383
PACZ | kNN_10 | 65 | 10 | 119290996710 | 0.0343323 | 80.6597 | 0 | 298
PACZ | kNN_10 | 66 | 10 | 64070616084 | 0.0212987 | 80.6597 | 0 | 159
PACZ | kNN_10 | 67 | 10 | 122862946317 | 0.0413259 | 80.6597 | 0 | 344
PACZ | kNN_10 | 68 | 10 | 126099101835 | 0.063022 | 80.6597 | 0 | 518
PACZ | kNN_10 | 69 | 10 | 128231130384 | 0.0747045 | 80.6597 | 0 | 641
PACZ | kNN_10 | 70 | 10 | 129567665490 | 0.0463327 | 80.6597 | 0 | 435
PACZ | kNN_10 | 71 | 10 | 141069164067 | 0.0626246 | 80.6597 | 0 | 540
PACZ | kNN_10 | 72 | 10 | 128376288120 | 0.0470479 | 80.6597 | 0 | 438
PACZ | kNN_10 | 73 | 10 | 142309221060 | 0.0403722 | 80.6597 | 0 | 283
PACZ | kNN_10 | 74 | 10 | 158426250009 | 0.0576973 | 80.6597 | 0 | 412
PACZ | kNN_10 | 75 | 10 | 120452709261 | 0.0246366 | 80.6597 | 0 | 213
PACZ | kNN_10 | 76 | 10 | 130083407382 | 0.0640551 | 80.6597 | 0 | 536
PACZ | kNN_10 | 77 | 10 | 151503164754 | 0.0203451 | 80.6597 | 0 | 151
PACZ | kNN_10 | 78 | 10 | 129505966158 | 0.0633399 | 80.6597 | 0 | 517
PACZ | kNN_10 | 79 | 10 | 121118687199 | 0.0303586 | 80.6597 | 0 | 304
PACZ | kNN_10 | 80 | 10 | 158687586957 | 0.0399748 | 80.6597 | 0 | 326
PACZ | kNN_10 | 81 | 10 | 59648160201 | 0.0406901 | 80.6597 | 0 | 392
PACZ | kNN_10 | 82 | 10 | 126308798520 | 0.0443459 | 80.6597 | 0 | 430
PACZ | kNN_10 | 83 | 10 | 44003758239 | 0.0213782 | 80.6597 | 0 | 178
PACZ | kNN_10 | 84 | 10 | 120453386691 | 0.0243187 | 80.6597 | 0 | 215
PACZ | kNN_10 | 85 | 10 | 117948189204 | 0.0296434 | 80.6597 | 0 | 226
PACZ | kNN_10 | 86 | 10 | 90136735209 | 0.0310739 | 80.6597 | 0 | 239
PACZ | kNN_10 | 87 | 10 | 129669213828 | 0.0496705 | 80.6597 | 0 | 448
PACZ | kNN_10 | 88 | 10 | 119787117303 | 0.0406901 | 80.6597 | 0 | 403
PACZ | kNN_10 | 89 | 10 | 123182288196 | 0.033617 | 80.6597 | 0 | 285
PACZ | kNN_10 | 90 | 10 | 139840990878 | 0.0633399 | 80.6597 | 0 | 515
PACZ | kNN_10 | 91 | 10 | 112551432828 | 0.0393391 | 80.6597 | 0 | 348
PACZ | kNN_10 | 92 | 10 | 138185921898 | 0.0463327 | 80.6597 | 0 | 285
PACZ | kNN_10 | 93 | 10 | 55429233366 | 0.0533263 | 80.6597 | 0 | 454
PACZ | kNN_10 | 94 | 10 | 105664084476 | 0.0360012 | 80.6597 | 0 | 346
PACZ | kNN_10 | 95 | 10 | 105502716546 | 0.0606378 | 80.6597 | 0 | 516
PACZ | kNN_10 | 96 | 10 | 123239596398 | 0.0343323 | 80.6597 | 0 | 281
PACZ | kNN_10 | 97 | 10 | 133954986762 | 0.0416438 | 80.6597 | 0 | 277
PACZ | kNN_10 | 98 | 10 | 137276998767 | 0.0263055 | 80.6597 | 0 | 157
PACZ | kNN_10 | 99 | 10 | 120020959848 | 0.0446637 | 80.6597 | 0 | 319
PACZ | kNN_100 | 0 | 100 | 1259173794141 | 0.344356 | 80.6597 | 0 | 830
PACZ | kNN_100 | 1 | 100 | 1188228806007 | 0.339667 | 80.6597 | 0 | 834
PACZ | kNN_100 | 2 | 100 | 1170567685731 | 0.253042 | 80.6597 | 0 | 542
PACZ | kNN_100 | 3 | 100 | 1193056150968 | 0.226339 | 80.6597 | 0 | 549
PACZ | kNN_100 | 4 | 100 | 1377921530127 | 0.224272 | 80.6597 | 0 | 519
PACZ | kNN_100 | 5 | 100 | 1119041649816 | 0.236988 | 80.6597 | 0 | 573
PACZ | kNN_100 | 6 | 100 | 1038091041666 | 0.213623 | 80.6597 | 0 | 498
PACZ | kNN_100 | 7 | 100 | 1193081785449 | 0.234683 | 80.6597 | 0 | 578
PACZ | kNN_100 | 8 | 100 | 1305958951179 | 0.317017 | 80.6597 | 0 | 828
PACZ | kNN_100 | 9 | 100 | 1036680074574 | 0.177701 | 80.6597 | 0 | 487
PACZ | kNN_100 | 10 | 100 | 1047595477365 | 0.164032 | 80.6597 | 0 | 398
PACZ | kNN_100 | 11 | 100 | 1026160088082 | 0.211318 | 80.6597 | 0 | 649
PACZ | kNN_100 | 12 | 100 | 683465126430 | 0.142654 | 80.6597 | 0 | 352
PACZ | kNN_100 | 13 | 100 | 1228660322001 | 0.195026 | 80.6597 | 0 | 539
PACZ | kNN_100 | 14 | 100 | 1034692866723 | 0.233014 | 80.6597 | 0 | 662
PACZ | kNN_100 | 15 | 100 | 1038081497658 | 0.188033 | 80.6597 | 0 | 474
PACZ | kNN_100 | 16 | 100 | 1233715452159 | 0.243028 | 80.6597 | 0 | 571
PACZ | kNN_100 | 17 | 100 | 1284601098222 | 0.150998 | 80.6597 | 0 | 472
PACZ | kNN_100 | 18 | 100 | 1381925768817 | 0.195662 | 80.6597 | 0 | 543
PACZ | kNN_100 | 19 | 100 | 1371625391598 | 0.209967 | 80.6597 | 0 | 515
PACZ | kNN_100 | 20 | 100 | 1197868710582 | 0.259638 | 80.6597 | 0 | 766
PACZ | kNN_100 | 21 | 100 | 1171584591375 | 0.24573 | 80.6597 | 0 | 797
PACZ | kNN_100 | 22 | 100 | 1119536491089 | 0.128667 | 80.6597 | 0 | 369
PACZ | kNN_100 | 23 | 100 | 1453682415054 | 0.209332 | 80.6597 | 0 | 705
PACZ | kNN_100 | 24 | 100 | 1204564591728 | 0.135978 | 80.6597 | 0 | 353
PACZ | kNN_100 | 25 | 100 | 1174550175507 | 0.231981 | 80.6597 | 0 | 617
PACZ | kNN_100 | 26 | 100 | 1401124594617 | 0.317335 | 80.6597 | 0 | 856
PACZ | kNN_100 | 27 | 100 | 1119502564695 | 0.200987 | 80.6597 | 0 | 527
PACZ | kNN_100 | 28 | 100 | 1201185406209 | 0.348965 | 80.6597 | 0 | 1054
PACZ | kNN_100 | 29 | 100 | 900998740413 | 0.264009 | 80.6597 | 0 | 742
PACZ | kNN_100 | 30 | 100 | 1268464595583 | 0.279029 | 80.6597 | 0 | 805
PACZ | kNN_100 | 31 | 100 | 1473437818953 | 0.185649 | 80.6597 | 0 | 489
PACZ | kNN_100 | 32 | 100 | 1197871209939 | 0.242313 | 80.6597 | 0 | 741
PACZ | kNN_100 | 33 | 100 | 1587759951453 | 0.187635 | 80.6597 | 0 | 479
PACZ | kNN_100 | 34 | 100 | 953382214812 | 0.253042 | 80.6597 | 0 | 706
PACZ | kNN_100 | 35 | 100 | 875129706501 | 0.285387 | 80.6597 | 0 | 884
PACZ | kNN_100 | 36 | 100 | 1096455279270 | 0.183026 | 80.6597 | 0 | 510
PACZ | kNN_100 | 37 | 100 | 1190005361385 | 0.306686 | 80.6597 | 0 | 900
PACZ | kNN_100 | 38 | 100 | 1075600913472 | 0.278632 | 80.6597 | 0 | 922
PACZ | kNN_100 | 39 | 100 | 1191637852245 | 0.22467 | 80.6597 | 0 | 700
PACZ | kNN_100 | 40 | 100 | 1430531271141 | 0.186364 | 80.6597 | 0 | 538
PACZ | kNN_100 | 41 | 100 | 831764215830 | 0.162999 | 80.6597 | 0 | 619
PACZ | kNN_100 | 42 | 100 | 1032102700713 | 0.180006 | 80.6597 | 0 | 597
PACZ | kNN_100 | 43 | 100 | 1265732460294 | 0.283639 | 80.6597 | 0 | 1013
PACZ | kNN_100 | 44 | 100 | 1192891450140 | 0.108639 | 80.6597 | 0 | 291
PACZ | kNN_100 | 45 | 100 | 1294699989690 | 0.248671 | 80.6597 | 0 | 755
PACZ | kNN_100 | 46 | 100 | 1192783381950 | 0.154972 | 80.6597 | 0 | 431
PACZ | kNN_100 | 47 | 100 | 1000046630670 | 0.162681 | 80.6597 | 0 | 531
PACZ | kNN_100 | 48 | 100 | 1199958655083 | 0.225306 | 80.6597 | 0 | 758
PACZ | kNN_100 | 49 | 100 | 1261128683004 | 0.118653 | 80.6597 | 0 | 362
PACZ | kNN_100 | 50 | 100 | 895466911302 | 0.107368 | 80.6597 | 0 | 320
PACZ | kNN_100 | 51 | 100 | 1261087877778 | 0.323057 | 80.6597 | 0 | 1081
PACZ | kNN_100 | 52 | 100 | 1200069115980 | 0.189702 | 80.6597 | 0 | 485
PACZ | kNN_100 | 53 | 100 | 1125489193767 | 0.295003 | 80.6597 | 0 | 928
PACZ | kNN_100 | 54 | 100 | 1157839657005 | 0.138362 | 80.6597 | 0 | 444
PACZ | kNN_100 | 55 | 100 | 1089522882291 | 0.285387 | 80.6597 | 0 | 934
PACZ | kNN_100 | 56 | 100 | 1147814638641 | 0.255346 | 80.6597 | 0 | 917
PACZ | kNN_100 | 57 | 100 | 727090788621 | 0.112375 | 80.6597 | 0 | 342
PACZ | kNN_100 | 58 | 100 | 1233814461915 | 0.284036 | 80.6597 | 0 | 1004
PACZ | kNN_100 | 59 | 100 | 1199918898915 | 0.212351 | 80.6597 | 0 | 469
PACZ | kNN_100 | 60 | 100 | 1125642545604 | 0.275691 | 80.6597 | 0 | 873
PACZ | kNN_100 | 61 | 100 | 1191526295835 | 0.266075 | 80.6597 | 0 | 851
PACZ | kNN_100 | 62 | 100 | 1066893222471 | 0.154018 | 80.6597 | 0 | 469
PACZ | kNN_100 | 63 | 100 | 1452256105170 | 0.191371 | 80.6597 | 0 | 657
PACZ | kNN_100 | 64 | 100 | 1185613366320 | 0.203371 | 80.6597 | 0 | 647
PACZ | kNN_100 | 65 | 100 | 1192854896391 | 0.192324 | 80.6597 | 0 | 503
PACZ | kNN_100 | 66 | 100 | 640706154108 | 0.150681 | 80.6597 | 0 | 404
PACZ | kNN_100 | 67 | 100 | 1228629537231 | 0.217994 | 80.6597 | 0 | 670
PACZ | kNN_100 | 68 | 100 | 1234410837459 | 0.299295 | 80.6597 | 0 | 1021
PACZ | kNN_100 | 69 | 100 | 1282311407565 | 0.337283 | 80.6597 | 0 | 1130
PACZ | kNN_100 | 70 | 100 | 1211452498686 | 0.23365 | 80.6597 | 0 | 778
PACZ | kNN_100 | 71 | 100 | 1303929642609 | 0.289043 | 80.6597 | 0 | 968
PACZ | kNN_100 | 72 | 100 | 1260407149659 | 0.252008 | 80.6597 | 0 | 834
PACZ | kNN_100 | 73 | 100 | 1423092207705 | 0.172615 | 80.6597 | 0 | 493
PACZ | kNN_100 | 74 | 100 | 1584262410612 | 0.262658 | 80.6597 | 0 | 670
PACZ | kNN_100 | 75 | 100 | 1160138902500 | 0.138044 | 80.6597 | 0 | 322
PACZ | kNN_100 | 76 | 100 | 1291059291258 | 0.319004 | 80.6597 | 0 | 894
PACZ | kNN_100 | 77 | 100 | 1509214394667 | 0.0809828 | 80.6597 | 0 | 218
PACZ | kNN_100 | 78 | 100 | 1292258966913 | 0.287612 | 80.6597 | 0 | 878
PACZ | kNN_100 | 79 | 100 | 1157124288342 | 0.152667 | 80.6597 | 0 | 557
PACZ | kNN_100 | 80 | 100 | 1586875858257 | 0.211716 | 80.6597 | 0 | 577
PACZ | kNN_100 | 81 | 100 | 619489557285 | 0.217358 | 80.6597 | 0 | 741
PACZ | kNN_100 | 82 | 100 | 1263088041741 | 0.253359 | 80.6597 | 0 | 870
PACZ | kNN_100 | 83 | 100 | 609969243162 | 0.101328 | 80.6597 | 0 | 283
PACZ | kNN_100 | 84 | 100 | 1204532402163 | 0.128984 | 80.6597 | 0 | 343
PACZ | kNN_100 | 85 | 100 | 1068650474601 | 0.164032 | 80.6597 | 0 | 413
PACZ | kNN_100 | 86 | 100 | 1037215541091 | 0.159343 | 80.6597 | 0 | 466
PACZ | kNN_100 | 87 | 100 | 1298735566506 | 0.349045 | 80.6597 | 0 | 857
PACZ | kNN_100 | 88 | 100 | 1197871194339 | 0.226339 | 80.6597 | 0 | 749
PACZ | kNN_100 | 89 | 100 | 1231822857078 | 0.19304 | 80.6597 | 0 | 577
PACZ | kNN_100 | 90 | 100 | 1398409925433 | 0.332038 | 80.6597 | 0 | 935
PACZ | kNN_100 | 91 | 100 | 980380083429 | 0.181675 | 80.6597 | 0 | 638
PACZ | kNN_100 | 92 | 100 | 1381863562800 | 0.176986 | 80.6597 | 0 | 502
PACZ | kNN_100 | 93 | 100 | 895473538095 | 0.375032 | 80.6597 | 0 | 959
PACZ | kNN_100 | 94 | 100 | 1056640838889 | 0.228723 | 80.6597 | 0 | 627
PACZ | kNN_100 | 95 | 100 | 1148514253050 | 0.367641 | 80.6597 | 0 | 917
PACZ | kNN_100 | 96 | 100 | 1232400520614 | 0.213305 | 80.6597 | 0 | 601
PACZ | kNN_100 | 97 | 100 | 1337577315846 | 0.201623 | 80.6597 | 0 | 534
PACZ | kNN_100 | 98 | 100 | 1372769994354 | 0.0933011 | 80.6597 | 0 | 221
PACZ | kNN_100 | 99 | 100 | 1200141777825 | 0.183741 | 80.6597 | 0 | 462
