Algo | QType | QID | Count | Hash | Time_ms | Mem_Tree_MB | Mem_Delta_MB | Nodes
PACZ | Range_Small | 0 | 29 | 189816085200 | 0.0120004 | 96.0668 | 0 | 165
PACZ | Range_Small | 1 | 558 | 6778839340521 | 0.0163714 | 96.0668 | 0 | 249
PACZ | Range_Small | 2 | 384 | 2590147617579 | 0.017643 | 96.0668 | 0 | 277
PACZ | Range_Small | 3 | 260 | 3083129609172 | 0.00794729 | 96.0668 | 0 | 209
PACZ | Range_Small | 4 | 1062 | 12645257368668 | 0.0212987 | 96.0668 | 0 | 297
PACZ | Range_Small | 5 | 1721 | 24180309151305 | 0.0893275 | 96.0668 | 0 | 413
PACZ | Range_Small | 6 | 1142 | 14288725228974 | 0.0160535 | 96.0668 | 0 | 303
PACZ | Range_Small | 7 | 2967 | 32444170728213 | 0.0376701 | 96.0668 | 0 | 521
PACZ | Range_Small | 8 | 2514 | 22271063960751 | 0.0297228 | 96.0668 | 0 | 479
PACZ | Range_Small | 9 | 1884 | 18207034529526 | 0.0319481 | 96.0668 | 0 | 431
PACZ | Range_Small | 10 | 154 | 1301875657320 | 0.00627836 | 96.0668 | 0 | 189
PACZ | Range_Small | 11 | 1064 | 14880508520442 | 0.0156562 | 96.0668 | 0 | 321
PACZ | Range_Small | 12 | 1003 | 14028451179024 | 0.0200272 | 96.0668 | 0 | 329
PACZ | Range_Small | 13 | 5248 | 65615499309582 | 0.0716845 | 96.0668 | 0 | 831
PACZ | Range_Small | 14 | 1508 | 19022006687874 | 0.0269413 | 96.0668 | 0 | 373
PACZ | Range_Small | 15 | 95 | 1374566612526 | 0.00596046 | 96.0668 | 0 | 177
PACZ | Range_Small | 16 | 5096 | 63648359280924 | 0.0799497 | 96.0668 | 0 | 773
PACZ | Range_Small | 17 | 4198 | 51730505317416 | 0.0609557 | 96.0668 | 0 | 699
PACZ | Range_Small | 18 | 357 | 2223538881141 | 0.0143051 | 96.0668 | 0 | 263
PACZ | Range_Small | 19 | 671 | 9618540780027 | 0.0136693 | 96.0668 | 0 | 289
PACZ | Range_Small | 20 | 2468 | 25401847400037 | 0.0316302 | 96.0668 | 0 | 481
PACZ | Range_Small | 21 | 1683 | 17872479796425 | 0.0240008 | 96.0668 | 0 | 393
PACZ | Range_Small | 22 | 348 | 4784966519226 | 0.00961622 | 96.0668 | 0 | 205
PACZ | Range_Small | 23 | 322 | 3315835573896 | 0.00929832 | 96.0668 | 0 | 223
PACZ | Range_Small | 24 | 635 | 7787617725003 | 0.015974 | 96.0668 | 0 | 259
PACZ | Range_Small | 25 | 265 | 2678576588022 | 0.00802676 | 96.0668 | 0 | 207
PACZ | Range_Small | 26 | 4366 | 53040242562627 | 0.0580152 | 96.0668 | 0 | 717
PACZ | Range_Small | 27 | 3971 | 48664469240475 | 0.0516574 | 96.0668 | 0 | 687
PACZ | Range_Small | 28 | 1896 | 23971488900018 | 0.0212987 | 96.0668 | 0 | 361
PACZ | Range_Small | 29 | 251 | 2604140664351 | 0.0136693 | 96.0668 | 0 | 233
PACZ | Range_Small | 30 | 7 | 6651801324 | 0.00301997 | 96.0668 | 0 | 127
PACZ | Range_Small | 31 | 63 | 918250835811 | 0.00500679 | 96.0668 | 0 | 173
PACZ | Range_Small | 32 | 710 | 8644369150248 | 0.0177224 | 96.0668 | 0 | 273
PACZ | Range_Small | 33 | 997 | 13741168205307 | 0.0162919 | 96.0668 | 0 | 321
PACZ | Range_Small | 34 | 495 | 5972273734557 | 0.0143051 | 96.0668 | 0 | 341
PACZ | Range_Small | 35 | 655 | 8503899061272 | 0.0110467 | 96.0668 | 0 | 235
PACZ | Range_Small | 36 | 612 | 8238031905003 | 0.0133514 | 96.0668 | 0 | 311
PACZ | Range_Small | 37 | 1112 | 13492656355722 | 0.0179609 | 96.0668 | 0 | 333
PACZ | Range_Small | 38 | 3764 | 46716658336749 | 0.0549952 | 96.0668 | 0 | 659
PACZ | Range_Small | 39 | 2000 | 24676904622066 | 0.0240008 | 96.0668 | 0 | 407
PACZ | Range_Small | 40 | 198 | 2123481376605 | 0.0073115 | 96.0668 | 0 | 177
PACZ | Range_Small | 41 | 36 | 397220762211 | 0.00365575 | 96.0668 | 0 | 129
PACZ | Range_Small | 42 | 820 | 11352810508755 | 0.0123978 | 96.0668 | 0 | 243
PACZ | Range_Small | 43 | 957 | 11463819413799 | 0.0203451 | 96.0668 | 0 | 331
PACZ | Range_Small | 44 | 1212 | 12663624918150 | 0.0179609 | 96.0668 | 0 | 363
PACZ | Range_Small | 45 | 84 | 554195233740 | 0.0073115 | 96.0668 | 0 | 195
PACZ | Range_Small | 46 | 894 | 11003714941341 | 0.0193119 | 96.0668 | 0 | 297
PACZ | Range_Small | 47 | 47 | 206835422055 | 0.00333786 | 96.0668 | 0 | 127
PACZ | Range_Small | 48 | 15147 | 176820028934256 | 0.201623 | 96.0668 | 0 | 1867
PACZ | Range_Small | 49 | 346 | 2230221199821 | 0.0139872 | 96.0668 | 0 | 233
PACZ | Range_Small | 50 | 1418 | 19823342845470 | 0.0259876 | 96.0668 | 0 | 403
PACZ | Range_Small | 51 | 2551 | 33040766078091 | 0.0425975 | 96.0668 | 0 | 435
PACZ | Range_Small | 52 | 1109 | 9492829670331 | 0.0240008 | 96.0668 | 0 | 361
PACZ | Range_Small | 53 | 144 | 2094055284456 | 0.00635783 | 96.0668 | 0 | 193
PACZ | Range_Small | 54 | 17 | 153974262330 | 0.00397364 | 96.0668 | 0 | 127
PACZ | Range_Small | 55 | 910 | 14398840891899 | 0.0156562 | 96.0668 | 0 | 333
PACZ | Range_Small | 56 | 2503 | 32501925414267 | 0.0300407 | 96.0668 | 0 | 413
PACZ | Range_Small | 57 | 902 | 14316008989425 | 0.0126362 | 96.0668 | 0 | 303
PACZ | Range_Small | 58 | 732 | 8430572037657 | 0.0173251 | 96.0668 | 0 | 291
PACZ | Range_Small | 59 | 64 | 664282176657 | 0.00532468 | 96.0668 | 0 | 171
PACZ | Range_Small | 60 | 170 | 2214582715257 | 0.00596046 | 96.0668 | 0 | 199
PACZ | Range_Small | 61 | 442 | 6033374593242 | 0.00929832 | 96.0668 | 0 | 203
PACZ | Range_Small | 62 | 84 | 974423327019 | 0.00572205 | 96.0668 | 0 | 169
PACZ | Range_Small | 63 | 1 | 6851510502 | 0.00135104 | 96.0668 | 0 | 43
PACZ | Range_Small | 64 | 739 | 8816777240832 | 0.023365 | 96.0668 | 0 | 305
PACZ | Range_Small | 65 | 130 | 1855094729856 | 0.00627836 | 96.0668 | 0 | 189
PACZ | Range_Small | 66 | 13 | 113751696300 | 0.00301997 | 96.0668 | 0 | 111
PACZ | Range_Small | 67 | 82 | 1021334762511 | 0.00596046 | 96.0668 | 0 | 183
PACZ | Range_Small | 68 | 275 | 3740061864771 | 0.0107288 | 96.0668 | 0 | 241
PACZ | Range_Small | 69 | 523 | 6562260238626 | 0.0106494 | 96.0668 | 0 | 229
PACZ | Range_Small | 70 | 1807 | 18800918814183 | 0.037988 | 96.0668 | 0 | 475
PACZ | Range_Small | 71 | 15005 | 177134299784826 | 0.164986 | 96.0668 | 0 | 1783
PACZ | Range_Small | 72 | 353 | 3991521931752 | 0.0150204 | 96.0668 | 0 | 271
PACZ | Range_Small | 73 | 795 | 10018353639255 | 0.0156562 | 96.0668 | 0 | 307
PACZ | Range_Small | 74 | 1336 | 14320121242812 | 0.0333786 | 96.0668 | 0 | 383
PACZ | Range_Small | 75 | 19317 | 230536463152848 | 0.199 | 96.0668 | 0 | 2241
PACZ | Range_Small | 76 | 1664 | 17426360539563 | 0.0309944 | 96.0668 | 0 | 421
PACZ | Range_Small | 77 | 687 | 9470256043059 | 0.0130335 | 96.0668 | 0 | 297
PACZ | Range_Small | 78 | 1583 | 22136583376191 | 0.0259876 | 96.0668 | 0 | 403
PACZ | Range_Small | 79 | 502 | 6082547517591 | 0.0112851 | 96.0668 | 0 | 299
PACZ | Range_Small | 80 | 4666 | 57298858529994 | 0.0693003 | 96.0668 | 0 | 721
PACZ | Range_Small | 81 | 12 | 121354474458 | 0.00270208 | 96.0668 | 0 | 105
PACZ | Range_Small | 82 | 11662 | 143206662855831 | 0.157038 | 96.0668 | 0 | 1539
PACZ | Range_Small | 83 | 1395 | 17017844154495 | 0.0246366 | 96.0668 | 0 | 371
PACZ | Range_Small | 84 | 205 | 1006006155270 | 0.0127157 | 96.0668 | 0 | 195
PACZ | Range_Small | 85 | 1999 | 19746338850783 | 0.0259876 | 96.0668 | 0 | 431
PACZ | Range_Small | 86 | 19570 | 234254952109407 | 0.260671 | 96.0668 | 0 | 2265
PACZ | Range_Small | 87 | 5709 | 75876684220620 | 0.0760555 | 96.0668 | 0 | 789
PACZ | Range_Small | 88 | 18467 | 218305906322586 | 0.182629 | 96.0668 | 0 | 2157
PACZ | Range_Small | 89 | 1738 | 21692089161528 | 0.0340144 | 96.0668 | 0 | 473
PACZ | Range_Small | 90 | 543 | 3608636703822 | 0.0100136 | 96.0668 | 0 | 243
PACZ | Range_Small | 91 | 917 | 9517458577041 | 0.0200272 | 96.0668 | 0 | 279
PACZ | Range_Small | 92 | 2672 | 28491198573729 | 0.0493526 | 96.0668 | 0 | 517
PACZ | Range_Small | 93 | 132 | 1812820132026 | 0.0113646 | 96.0668 | 0 | 169
PACZ | Range_Small | 94 | 716 | 8307799052874 | 0.0133514 | 96.0668 | 0 | 287
PACZ | Range_Small | 95 | 79 | 1097582925966 | 0.00532468 | 96.0668 | 0 | 143
PACZ | Range_Small | 96 | 1022 | 13635985948629 | 0.0170072 | 96.0668 | 0 | 339
PACZ | Range_Small | 97 | 672 | 9789478915473 | 0.0163714 | 96.0668 | 0 | 279
PACZ | Range_Small | 98 | 1457 | 17335227949083 | 0.022014 | 96.0668 | 0 | 355
PACZ | Range_Small | 99 | 2131 | 26943104339625 | 0.0267029 | 96.0668 | 0 | 385
PACZ | Range_Medium | 0 | 20254 | 225570010154550 | 0.211 | 96.0668 | 0 | 2265
PACZ | Range_Medium | 1 | 12957 | 150086761029801 | 0.130335 | 96.0668 | 0 | 1495
PACZ | Range_Medium | 2 | 20664 | 247794700367115 | 0.186682 | 96.0668 | 0 | 2089
PACZ | Range_Medium | 3 | 45130 | 542290184420724 | 0.460704 | 96.0668 | 0 | 4167
PACZ | Range_Medium | 4 | 31975 | 390528108538128 | 0.29095 | 96.0668 | 0 | 3141
PACZ | Range_Medium | 5 | 51834 | 723747337677114 | 0.473976 | 96.0668 | 0 | 4463
PACZ | Range_Medium | 6 | 5358 | 66454689617553 | 0.0526905 | 96.0668 | 0 | 691
PACZ | Range_Medium | 7 | 6056 | 67510027947963 | 0.0809828 | 96.0668 | 0 | 835
PACZ | Range_Medium | 8 | 54518 | 560597217624807 | 0.538349 | 96.0668 | 0 | 4903
PACZ | Range_Medium | 9 | 66243 | 763116344117892 | 0.633001 | 96.0668 | 0 | 5935
PACZ | Range_Medium | 10 | 5400 | 67273024087404 | 0.056982 | 96.0668 | 0 | 759
PACZ | Range_Medium | 11 | 87934 | 1039792843496508 | 0.951052 | 96.0668 | 0 | 8293
PACZ | Range_Medium | 12 | 29461 | 330855897125433 | 0.251929 | 96.0668 | 0 | 2751
PACZ | Range_Medium | 13 | 58696 | 606474141478083 | 0.585 | 96.0668 | 0 | 5315
PACZ | Range_Medium | 14 | 39919 | 478298667872664 | 0.375986 | 96.0668 | 0 | 3717
PACZ | Range_Medium | 15 | 51143 | 610850543789427 | 0.458002 | 96.0668 | 0 | 4577
PACZ | Range_Medium | 16 | 93665 | 1110428486597802 | 1.14465 | 96.0668 | 0 | 8769
PACZ | Range_Medium | 17 | 9397 | 126285278524779 | 0.103076 | 96.0668 | 0 | 1183
PACZ | Range_Medium | 18 | 6653 | 84522481866504 | 0.0793139 | 96.0668 | 0 | 851
PACZ | Range_Medium | 19 | 20015 | 262928995114902 | 0.187953 | 96.0668 | 0 | 1987
PACZ | Range_Medium | 20 | 36862 | 399432162740766 | 0.398 | 96.0668 | 0 | 3471
PACZ | Range_Medium | 21 | 86110 | 1023195761740068 | 1.06398 | 96.0668 | 0 | 8157
PACZ | Range_Medium | 22 | 51431 | 614196014761311 | 0.549316 | 96.0668 | 0 | 4549
PACZ | Range_Medium | 23 | 40033 | 479570558558379 | 0.420968 | 96.0668 | 0 | 3647
PACZ | Range_Medium | 24 | 7119 | 91501367663160 | 0.0747045 | 96.0668 | 0 | 787
PACZ | Range_Medium | 25 | 82285 | 977736752746401 | 1.03903 | 96.0668 | 0 | 7813
PACZ | Range_Medium | 26 | 33923 | 426387181312554 | 0.374635 | 96.0668 | 0 | 3409
PACZ | Range_Medium | 27 | 92281 | 1092309968269485 | 1.14298 | 96.0668 | 0 | 8641
PACZ | Range_Medium | 28 | 33263 | 370904533607712 | 0.359615 | 96.0668 | 0 | 3225
PACZ | Range_Medium | 29 | 22523 | 261601044191538 | 0.250975 | 96.0668 | 0 | 2277
PACZ | Range_Medium | 30 | 3982 | 30626066303595 | 0.0486374 | 96.0668 | 0 | 557
PACZ | Range_Medium | 31 | 20333 | 267519905591073 | 0.255028 | 96.0668 | 0 | 2249
PACZ | Range_Medium | 32 | 6871 | 77480764370103 | 0.0830491 | 96.0668 | 0 | 857
PACZ | Range_Medium | 33 | 45499 | 625601881833384 | 0.508388 | 96.0668 | 0 | 4003
PACZ | Range_Medium | 34 | 89725 | 1059828173319063 | 1.13535 | 96.0668 | 0 | 8543
PACZ | Range_Medium | 35 | 7842 | 87203253682947 | 0.0983079 | 96.0668 | 0 | 1023
PACZ | Range_Medium | 36 | 93285 | 1109525776587798 | 1.14997 | 96.0668 | 0 | 8675
PACZ | Range_Medium | 37 | 61538 | 716269126840188 | 0.757376 | 96.0668 | 0 | 5575
PACZ | Range_Medium | 38 | 68569 | 712555803351279 | 0.819683 | 96.0668 | 0 | 6097
PACZ | Range_Medium | 39 | 28878 | 323038327752876 | 0.30899 | 96.0668 | 0 | 2735
PACZ | Range_Medium | 40 | 7867 | 92703812855427 | 0.0933011 | 96.0668 | 0 | 901
PACZ | Range_Medium | 41 | 28574 | 326334433175985 | 0.276009 | 96.0668 | 0 | 2719
PACZ | Range_Medium | 42 | 71775 | 817802347126593 | 0.879685 | 96.0668 | 0 | 6333
PACZ | Range_Medium | 43 | 8311 | 96654747824772 | 0.111659 | 96.0668 | 0 | 1107
PACZ | Range_Medium | 44 | 63530 | 757975255709379 | 0.814994 | 96.0668 | 0 | 6115
PACZ | Range_Medium | 45 | 23319 | 256413346289991 | 0.249068 | 96.0668 | 0 | 2327
PACZ | Range_Medium | 46 | 53939 | 637676455597053 | 0.620365 | 96.0668 | 0 | 4903
PACZ | Range_Medium | 47 | 13816 | 162133040022741 | 0.167608 | 96.0668 | 0 | 1637
PACZ | Range_Medium | 48 | 72905 | 867928957546902 | 0.93468 | 96.0668 | 0 | 7161
PACZ | Range_Medium | 49 | 86048 | 1001946409130601 | 1.01868 | 96.0668 | 0 | 8141
PACZ | Range_Medium | 50 | 31728 | 377361425799696 | 0.339667 | 96.0668 | 0 | 3045
PACZ | Range_Medium | 51 | 41773 | 588847530366537 | 0.439962 | 96.0668 | 0 | 3757
PACZ | Range_Medium | 52 | 9667 | 115217278936710 | 0.114997 | 96.0668 | 0 | 1203
PACZ | Range_Medium | 53 | 10145 | 118056746898816 | 0.134706 | 96.0668 | 0 | 1277
PACZ | Range_Medium | 54 | 27756 | 309570322841094 | 0.307639 | 96.0668 | 0 | 2651
PACZ | Range_Medium | 55 | 103169 | 1216053983799747 | 1.28873 | 96.0668 | 0 | 9553
PACZ | Range_Medium | 56 | 5128 | 60895811314977 | 0.0612736 | 96.0668 | 0 | 643
PACZ | Range_Medium | 57 | 88341 | 1042708680635397 | 1.25368 | 96.0668 | 0 | 8365
PACZ | Range_Medium | 58 | 29887 | 360551482923099 | 0.344674 | 96.0668 | 0 | 2925
PACZ | Range_Medium | 59 | 47794 | 670716903171363 | 0.557979 | 96.0668 | 0 | 4289
PACZ | Range_Medium | 60 | 56365 | 579845050076847 | 0.650326 | 96.0668 | 0 | 5045
PACZ | Range_Medium | 61 | 43814 | 523552922981754 | 0.470002 | 96.0668 | 0 | 3873
PACZ | Range_Medium | 62 | 20268 | 230344590692646 | 0.228723 | 96.0668 | 0 | 2053
PACZ | Range_Medium | 63 | 63724 | 738081172885740 | 0.781298 | 96.0668 | 0 | 5769
PACZ | Range_Medium | 64 | 11368 | 139782519101508 | 0.12366 | 96.0668 | 0 | 1233
PACZ | Range_Medium | 65 | 36818 | 406412206715943 | 0.41302 | 96.0668 | 0 | 3397
PACZ | Range_Medium | 66 | 15617 | 188937096022152 | 0.174284 | 96.0668 | 0 | 1647
PACZ | Range_Medium | 67 | 27193 | 365211359700663 | 0.286659 | 96.0668 | 0 | 2633
PACZ | Range_Medium | 68 | 36071 | 485049247401729 | 0.358343 | 96.0668 | 0 | 3329
PACZ | Range_Medium | 69 | 22936 | 269705523665772 | 0.247637 | 96.0668 | 0 | 2321
PACZ | Range_Medium | 70 | 46465 | 560798055243837 | 0.540654 | 96.0668 | 0 | 4227
PACZ | Range_Medium | 71 | 16632 | 213481869379620 | 0.190973 | 96.0668 | 0 | 1743
PACZ | Range_Medium | 72 | 34054 | 367174999394091 | 0.384331 | 96.0668 | 0 | 3281
PACZ | Range_Medium | 73 | 22725 | 265631531877600 | 0.25932 | 96.0668 | 0 | 2317
PACZ | Range_Medium | 74 | 47326 | 502952486606844 | 0.546296 | 96.0668 | 0 | 4287
PACZ | Range_Medium | 75 | 92823 | 1098867791356215 | 1.16467 | 96.0668 | 0 | 8743
PACZ | Range_Medium | 76 | 32358 | 382420852811901 | 0.360012 | 96.0668 | 0 | 3215
PACZ | Range_Medium | 77 | 5706 | 70195703983998 | 0.0730356 | 96.0668 | 0 | 805
PACZ | Range_Medium | 78 | 93862 | 1118087883338844 | 1.15204 | 96.0668 | 0 | 8725
PACZ | Range_Medium | 79 | 53243 | 561398651138574 | 0.614325 | 96.0668 | 0 | 4937
PACZ | Range_Medium | 80 | 12289 | 153282287028261 | 0.145674 | 96.0668 | 0 | 1361
PACZ | Range_Medium | 81 | 51406 | 613661214639588 | 0.558297 | 96.0668 | 0 | 4589
PACZ | Range_Medium | 82 | 22796 | 278636745164067 | 0.259717 | 96.0668 | 0 | 2339
PACZ | Range_Medium | 83 | 32542 | 438071749963854 | 0.369946 | 96.0668 | 0 | 3159
PACZ | Range_Medium | 84 | 48537 | 508665565499151 | 0.606696 | 96.0668 | 0 | 4457
PACZ | Range_Medium | 85 | 8344 | 97818135936555 | 0.0893275 | 96.0668 | 0 | 869
PACZ | Range_Medium | 86 | 21249 | 232132715506608 | 0.23969 | 96.0668 | 0 | 2163
PACZ | Range_Medium | 87 | 8721 | 108912784324746 | 0.111659 | 96.0668 | 0 | 1077
PACZ | Range_Medium | 88 | 102962 | 1214212256268861 | 1.36129 | 96.0668 | 0 | 9537
PACZ | Range_Medium | 89 | 52131 | 621336779895843 | 0.603358 | 96.0668 | 0 | 4615
PACZ | Range_Medium | 90 | 92630 | 1096274926716012 | 1.25138 | 96.0668 | 0 | 8741
PACZ | Range_Medium | 91 | 2 | 28815858528 | 0.00230471 | 96.0668 | 0 | 45
PACZ | Range_Medium | 92 | 49117 | 690126573551037 | 0.549316 | 96.0668 | 0 | 4295
PACZ | Range_Medium | 93 | 4953 | 57923437031628 | 0.0686646 | 96.0668 | 0 | 745
PACZ | Range_Medium | 94 | 43276 | 607702565070039 | 0.470956 | 96.0668 | 0 | 3901
PACZ | Range_Medium | 95 | 48340 | 578359991941473 | 0.535011 | 96.0668 | 0 | 4329
PACZ | Range_Medium | 96 | 59135 | 608129237460138 | 0.678698 | 96.0668 | 0 | 5445
PACZ | Range_Medium | 97 | 47914 | 582211660199073 | 0.534693 | 96.0668 | 0 | 4283
PACZ | Range_Medium | 98 | 47433 | 513912211160853 | 0.532627 | 96.0668 | 0 | 4395
PACZ | Range_Medium | 99 | 88749 | 1048061398809684 | 1.1127 | 96.0668 | 0 | 8475
PACZ | Range_Large | 0 | 437696 | 5118167996858364 | 5.40598 | 96.0668 | 0 | 36161
PACZ | Range_Large | 1 | 421829 | 4946678374299471 | 5.09969 | 96.0668 | 0 | 34753
PACZ | Range_Large | 2 | 531870 | 6359288861802954 | 6.61699 | 96.0668 | 0 | 44423
PACZ | Range_Large | 3 | 663198 | 7847690164012260 | 8.35705 | 96.0668 | 0 | 55177
PACZ | Range_Large | 4 | 537895 | 6320876902814364 | 6.89069 | 96.0668 | 0 | 45069
PACZ | Range_Large | 5 | 486904 | 5827934234093637 | 6.43468 | 96.0668 | 0 | 40813
PACZ | Range_Large | 6 | 535380 | 6398393453391897 | 6.7567 | 96.0668 | 0 | 44611
PACZ | Range_Large | 7 | 674071 | 7896124618685529 | 8.67271 | 96.0668 | 0 | 55961
PACZ | Range_Large | 8 | 733758 | 8603624435865714 | 9.15202 | 96.0668 | 0 | 60649
PACZ | Range_Large | 9 | 688040 | 8118604354790163 | 8.53268 | 96.0668 | 0 | 57079
PACZ | Range_Large | 10 | 543071 | 6485442327912180 | 6.809 | 96.0668 | 0 | 45269
PACZ | Range_Large | 11 | 533942 | 6280668837906465 | 6.78062 | 96.0668 | 0 | 44629
PACZ | Range_Large | 12 | 366999 | 4252778140157547 | 4.53202 | 96.0668 | 0 | 30187
PACZ | Range_Large | 13 | 409086 | 4802286542144136 | 5.11463 | 96.0668 | 0 | 33801
PACZ | Range_Large | 14 | 539867 | 6451877633492535 | 6.82306 | 96.0668 | 0 | 45003
PACZ | Range_Large | 15 | 564715 | 6737200515247827 | 7.29028 | 96.0668 | 0 | 47437
PACZ | Range_Large | 16 | 332732 | 3804938205941406 | 4.11463 | 96.0668 | 0 | 27487
PACZ | Range_Large | 17 | 434715 | 5083445029921131 | 5.45303 | 96.0668 | 0 | 35933
PACZ | Range_Large | 18 | 388045 | 4430644490050755 | 4.95505 | 96.0668 | 0 | 33113
PACZ | Range_Large | 19 | 439618 | 5289674057837241 | 5.6053 | 96.0668 | 0 | 36853
PACZ | Range_Large | 20 | 450055 | 5398014034202403 | 5.57264 | 96.0668 | 0 | 37579
PACZ | Range_Large | 21 | 451459 | 5271618367203789 | 5.57232 | 96.0668 | 0 | 37171
PACZ | Range_Large | 22 | 455407 | 5323074487316004 | 5.50739 | 96.0668 | 0 | 37751
PACZ | Range_Large | 23 | 693812 | 8171796538391043 | 8.66365 | 96.0668 | 0 | 57623
PACZ | Range_Large | 24 | 541496 | 6364791555549966 | 6.75837 | 96.0668 | 0 | 45293
PACZ | Range_Large | 25 | 437817 | 5250257723870922 | 5.45637 | 96.0668 | 0 | 36679
PACZ | Range_Large | 26 | 642031 | 7538276798849265 | 8.111 | 96.0668 | 0 | 53429
PACZ | Range_Large | 27 | 432735 | 5196550258430367 | 5.48665 | 96.0668 | 0 | 36155
PACZ | Range_Large | 28 | 411347 | 4826933899744056 | 5.10828 | 96.0668 | 0 | 33847
PACZ | Range_Large | 29 | 534595 | 6389595499274466 | 6.80033 | 96.0668 | 0 | 44607
PACZ | Range_Large | 30 | 696258 | 8199636659753658 | 8.78064 | 96.0668 | 0 | 57817
PACZ | Range_Large | 31 | 330243 | 3767995002518241 | 4.16867 | 96.0668 | 0 | 27261
PACZ | Range_Large | 32 | 391396 | 4581180440633055 | 4.88861 | 96.0668 | 0 | 32479
PACZ | Range_Large | 33 | 492992 | 5907598343265759 | 6.30434 | 96.0668 | 0 | 41335
PACZ | Range_Large | 34 | 246142 | 2758982483571177 | 3.00471 | 96.0668 | 0 | 20317
PACZ | Range_Large | 35 | 506526 | 6068766774553521 | 6.35298 | 96.0668 | 0 | 42335
PACZ | Range_Large | 36 | 340969 | 3907376168981361 | 4.26841 | 96.0668 | 0 | 28153
PACZ | Range_Large | 37 | 706016 | 8316850460524710 | 8.9287 | 96.0668 | 0 | 58511
PACZ | Range_Large | 38 | 693043 | 8177612588484828 | 8.71595 | 96.0668 | 0 | 57483
PACZ | Range_Large | 39 | 469713 | 5624988541797189 | 6.04328 | 96.0668 | 0 | 39319
PACZ | Range_Large | 40 | 501880 | 6001600470871338 | 6.35107 | 96.0668 | 0 | 41873
PACZ | Range_Large | 41 | 602377 | 7150629524215167 | 7.55167 | 96.0668 | 0 | 50255
PACZ | Range_Large | 42 | 446943 | 5221472325294516 | 5.58631 | 96.0668 | 0 | 36859
PACZ | Range_Large | 43 | 611291 | 7254334977151809 | 7.70664 | 96.0668 | 0 | 50965
PACZ | Range_Large | 44 | 353990 | 4077705753176961 | 4.44333 | 96.0668 | 0 | 29237
PACZ | Range_Large | 45 | 450105 | 5397735429455601 | 5.65664 | 96.0668 | 0 | 37589
PACZ | Range_Large | 46 | 566494 | 6663990146792484 | 7.12299 | 96.0668 | 0 | 47273
PACZ | Range_Large | 47 | 727813 | 8565072685874109 | 9.04465 | 96.0668 | 0 | 60311
PACZ | Range_Large | 48 | 466778 | 5475637570970658 | 5.82965 | 96.0668 | 0 | 38879
PACZ | Range_Large | 49 | 538289 | 6432385729366044 | 6.69066 | 96.0668 | 0 | 44941
PACZ | Range_Large | 50 | 425900 | 5120848507271208 | 5.23901 | 96.0668 | 0 | 35585
PACZ | Range_Large | 51 | 335069 | 4107842031361173 | 4.07902 | 96.0668 | 0 | 27821
PACZ | Range_Large | 52 | 481660 | 5780761602684414 | 6.01466 | 96.0668 | 0 | 40363
PACZ | Range_Large | 53 | 460909 | 5392185392888523 | 5.699 | 96.0668 | 0 | 38097
PACZ | Range_Large | 54 | 428725 | 5022697765886019 | 5.26039 | 96.0668 | 0 | 35389
PACZ | Range_Large | 55 | 523489 | 6262199655894387 | 6.68637 | 96.0668 | 0 | 44005
PACZ | Range_Large | 56 | 428065 | 5018240044097577 | 5.29766 | 96.0668 | 0 | 35415
PACZ | Range_Large | 57 | 433957 | 5078875804422609 | 5.409 | 96.0668 | 0 | 35901
PACZ | Range_Large | 58 | 286807 | 3311791085068746 | 3.69167 | 96.0668 | 0 | 25021
PACZ | Range_Large | 59 | 726332 | 8530300651960947 | 9.29666 | 96.0668 | 0 | 60267
PACZ | Range_Large | 60 | 501275 | 6007405285738464 | 6.36935 | 96.0668 | 0 | 42031
PACZ | Range_Large | 61 | 543035 | 6383286124422354 | 6.86971 | 96.0668 | 0 | 45419
PACZ | Range_Large | 62 | 448169 | 5228799523515609 | 5.62302 | 96.0668 | 0 | 36927
PACZ | Range_Large | 63 | 538954 | 6331852939634829 | 6.88863 | 96.0668 | 0 | 45169
PACZ | Range_Large | 64 | 366581 | 4246498562709597 | 4.67602 | 96.0668 | 0 | 30187
PACZ | Range_Large | 65 | 539560 | 6448822953663537 | 6.81297 | 96.0668 | 0 | 45001
PACZ | Range_Large | 66 | 289616 | 3260214038980959 | 3.60568 | 96.0668 | 0 | 24499
PACZ | Range_Large | 67 | 425369 | 4976992207293102 | 5.20364 | 96.0668 | 0 | 35195
PACZ | Range_Large | 68 | 698157 | 8227025213618076 | 8.6937 | 96.0668 | 0 | 57871
PACZ | Range_Large | 69 | 465689 | 5594724099641460 | 5.90436 | 96.0668 | 0 | 38979
PACZ | Range_Large | 70 | 507553 | 5858011455702117 | 6.48268 | 96.0668 | 0 | 43115
PACZ | Range_Large | 71 | 441524 | 5157494660108421 | 5.53966 | 96.0668 | 0 | 36327
PACZ | Range_Large | 72 | 620187 | 7283600950878090 | 7.87338 | 96.0668 | 0 | 51725
PACZ | Range_Large | 73 | 397931 | 4663290984895683 | 4.96268 | 96.0668 | 0 | 32859
PACZ | Range_Large | 74 | 441072 | 5156266220203191 | 5.44564 | 96.0668 | 0 | 36459
PACZ | Range_Large | 75 | 437784 | 5112766689771765 | 5.48434 | 96.0668 | 0 | 36165
PACZ | Range_Large | 76 | 541013 | 6464691416997681 | 6.78229 | 96.0668 | 0 | 45119
PACZ | Range_Large | 77 | 394752 | 4614531312894123 | 4.93073 | 96.0668 | 0 | 32727
PACZ | Range_Large | 78 | 646501 | 7594769976570513 | 8.09868 | 96.0668 | 0 | 53801
PACZ | Range_Large | 79 | 432715 | 5196373192058016 | 5.32866 | 96.0668 | 0 | 36147
PACZ | Range_Large | 80 | 502981 | 6019227523043016 | 6.2747 | 96.0668 | 0 | 42109
PACZ | Range_Large | 81 | 492541 | 5917818629237313 | 6.06362 | 96.0668 | 0 | 41219
PACZ | Range_Large | 82 | 645164 | 7631567712223965 | 8.16472 | 96.0668 | 0 | 53715
PACZ | Range_Large | 83 | 522325 | 6252100990343163 | 6.58902 | 96.0668 | 0 | 43583
PACZ | Range_Large | 84 | 705966 | 8293133812920555 | 8.8973 | 96.0668 | 0 | 58381
PACZ | Range_Large | 85 | 596788 | 7021584162107532 | 7.57734 | 96.0668 | 0 | 49719
PACZ | Range_Large | 86 | 414743 | 4868319575011371 | 5.17766 | 96.0668 | 0 | 34253
PACZ | Range_Large | 87 | 542660 | 6378781084217331 | 6.82529 | 96.0668 | 0 | 45403
PACZ | Range_Large | 88 | 321758 | 3654100071502059 | 4.07171 | 96.0668 | 0 | 26583
PACZ | Range_Large | 89 | 493925 | 5916422482666371 | 6.2503 | 96.0668 | 0 | 41345
PACZ | Range_Large | 90 | 377353 | 4390191253428729 | 4.68405 | 96.0668 | 0 | 31261
PACZ | Range_Large | 91 | 445892 | 5192320609059504 | 5.78801 | 96.0668 | 0 | 38751
PACZ | Range_Large | 92 | 660180 | 7740695449717530 | 8.31366 | 96.0668 | 0 | 54987
PACZ | Range_Large | 93 | 437876 | 4973506550767917 | 5.59131 | 96.0668 | 0 | 37195
PACZ | Range_Large | 94 | 440514 | 5297463460210959 | 5.57534 | 96.0668 | 0 | 36923
PACZ | Range_Large | 95 | 456974 | 5469731227285941 | 5.81201 | 96.0668 | 0 | 38335
PACZ | Range_Large | 96 | 615115 | 7225033704251154 | 7.84604 | 96.0668 | 0 | 51263
PACZ | Range_Large | 97 | 547477 | 6445194217314372 | 6.94903 | 96.0668 | 0 | 45813
PACZ | Range_Large | 98 | 473713 | 5678643705873567 | 5.95832 | 96.0668 | 0 | 39643
PACZ | Range_Large | 99 | 493718 | 5927326087771431 | 6.27073 | 96.0668 | 0 | 41317
PACZ | kNN_10 | 0 | 10 | 90029682576 | 0.0503063 | 96.0668 | 0 | 348
PACZ | kNN_10 | 1 | 10 | 147545193231 | 0.0516574 | 96.0668 | 0 | 335
PACZ | kNN_10 | 2 | 10 | 115835454360 | 0.0596841 | 96.0668 | 0 | 510
PACZ | kNN_10 | 3 | 10 | 106671451704 | 0.0433922 | 96.0668 | 0 | 377
PACZ | kNN_10 | 4 | 10 | 129845737179 | 0.0673135 | 96.0668 | 0 | 502
PACZ | kNN_10 | 5 | 10 | 119258653677 | 0.0566641 | 96.0668 | 0 | 364
PACZ | kNN_10 | 6 | 10 | 129410720469 | 0.0662804 | 96.0668 | 0 | 527
PACZ | kNN_10 | 7 | 10 | 104477430216 | 0.0383059 | 96.0668 | 0 | 388
PACZ | kNN_10 | 8 | 10 | 131553515325 | 0.0360012 | 96.0668 | 0 | 273
PACZ | kNN_10 | 9 | 10 | 122873616570 | 0.0456969 | 96.0668 | 0 | 365
PACZ | kNN_10 | 10 | 10 | 122108577033 | 0.0373522 | 96.0668 | 0 | 265
PACZ | kNN_10 | 11 | 10 | 102358384830 | 0.0419617 | 96.0668 | 0 | 322
PACZ | kNN_10 | 12 | 10 | 127036264593 | 0.0513395 | 96.0668 | 0 | 452
PACZ | kNN_10 | 13 | 10 | 111953600709 | 0.0299613 | 96.0668 | 0 | 252
PACZ | kNN_10 | 14 | 10 | 139084545528 | 0.0229677 | 96.0668 | 0 | 188
PACZ | kNN_10 | 15 | 10 | 106669960617 | 0.0486374 | 96.0668 | 0 | 420
PACZ | kNN_10 | 16 | 10 | 123093100377 | 0.0449816 | 96.0668 | 0 | 363
PACZ | kNN_10 | 17 | 10 | 119289148371 | 0.0313918 | 96.0668 | 0 | 227
PACZ | kNN_10 | 18 | 10 | 122860103613 | 0.0296434 | 96.0668 | 0 | 293
PACZ | kNN_10 | 19 | 10 | 126395316930 | 0.0489553 | 96.0668 | 0 | 358
PACZ | kNN_10 | 20 | 10 | 126527038173 | 0.0580152 | 96.0668 | 0 | 450
PACZ | kNN_10 | 21 | 10 | 138187858740 | 0.0383854 | 96.0668 | 0 | 277
PACZ | kNN_10 | 22 | 10 | 88431981609 | 0.056982 | 96.0668 | 0 | 479
PACZ | kNN_10 | 23 | 10 | 130169579160 | 0.0456969 | 96.0668 | 0 | 330
PACZ | kNN_10 | 24 | 10 | 102670139973 | 0.0530084 | 96.0668 | 0 | 419
PACZ | kNN_10 | 25 | 10 | 135635737959 | 0.0663598 | 96.0668 | 0 | 571
PACZ | kNN_10 | 26 | 10 | 120451169052 | 0.0210603 | 96.0668 | 0 | 200
PACZ | kNN_10 | 27 | 10 | 119269452381 | 0.0270208 | 96.0668 | 0 | 249
PACZ | kNN_10 | 28 | 10 | 119270091603 | 0.0240008 | 96.0668 | 0 | 260
PACZ | kNN_10 | 29 | 10 | 67402109379 | 0.0416438 | 96.0668 | 0 | 369
PACZ | kNN_10 | 30 | 10 | 123239221329 | 0.045379 | 96.0668 | 0 | 330
PACZ | kNN_10 | 31 | 10 | 106981081797 | 0.0523726 | 96.0668 | 0 | 450
PACZ | kNN_10 | 32 | 10 | 96066180144 | 0.0370344 | 96.0668 | 0 | 303
PACZ | kNN_10 | 33 | 10 | 115455236319 | 0.0543594 | 96.0668 | 0 | 471
PACZ | kNN_10 | 34 | 10 | 139782722061 | 0.0433922 | 96.0668 | 0 | 393
PACZ | kNN_10 | 35 | 10 | 119995053996 | 0.036637 | 96.0668 | 0 | 314
PACZ | kNN_10 | 36 | 10 | 102672124230 | 0.0429948 | 96.0668 | 0 | 365
PACZ | kNN_10 | 37 | 10 | 145690735590 | 0.0546773 | 96.0668 | 0 | 514
PACZ | kNN_10 | 38 | 10 | 158424308091 | 0.0487169 | 96.0668 | 0 | 383
PACZ | kNN_10 | 39 | 10 | 120373931427 | 0.0553131 | 96.0668 | 0 | 484
PACZ | kNN_10 | 40 | 10 | 105664085712 | 0.0356833 | 96.0668 | 0 | 351
PACZ | kNN_10 | 41 | 10 | 95996016417 | 0.0303586 | 96.0668 | 0 | 266
PACZ | kNN_10 | 42 | 10 | 126294130782 | 0.0580152 | 96.0668 | 0 | 496
PACZ | kNN_10 | 43 | 10 | 139936576746 | 0.0463327 | 96.0668 | 0 | 390
PACZ | kNN_10 | 44 | 10 | 102705360759 | 0.0276566 | 96.0668 | 0 | 286
PACZ | kNN_10 | 45 | 10 | 118155023859 | 0.052611 | 96.0668 | 0 | 451
PACZ | kNN_10 | 46 | 10 | 123093099216 | 0.0433127 | 96.0668 | 0 | 356
PACZ | kNN_10 | 47 | 10 | 123695730843 | 0.0433922 | 96.0668 | 0 | 392
PACZ | kNN_10 | 48 | 10 | 119787189012 | 0.0486374 | 96.0668 | 0 | 436
PACZ | kNN_10 | 49 | 10 | 98493041553 | 0.0519753 | 96.0668 | 0 | 459
PACZ | kNN_10 | 50 | 10 | 137270769651 | 0.0296434 | 96.0668 | 0 | 189
PACZ | kNN_10 | 51 | 10 | 138622454520 | 0.0370344 | 96.0668 | 0 | 280
PACZ | kNN_10 | 52 | 10 | 123096827412 | 0.0490348 | 96.0668 | 0 | 373
PACZ | kNN_10 | 53 | 10 | 125386837050 | 0.0363986 | 96.0668 | 0 | 321
PACZ | kNN_10 | 54 | 10 | 119294131902 | 0.0246366 | 96.0668 | 0 | 203
PACZ | kNN_10 | 55 | 10 | 130081027368 | 0.0519753 | 96.0668 | 0 | 471
PACZ | kNN_10 | 56 | 10 | 90128670642 | 0.017643 | 96.0668 | 0 | 135
PACZ | kNN_10 | 57 | 10 | 95996196045 | 0.037988 | 96.0668 | 0 | 294
PACZ | kNN_10 | 58 | 10 | 137275230630 | 0.0316302 | 96.0668 | 0 | 207
PACZ | kNN_10 | 59 | 10 | 115692897345 | 0.0609557 | 96.0668 | 0 | 557
PACZ | kNN_10 | 60 | 10 | 126370990788 | 0.058651 | 96.0668 | 0 | 538
PACZ | kNN_10 | 61 | 10 | 127120526136 | 0.045379 | 96.0668 | 0 | 446
PACZ | kNN_10 | 62 | 10 | 137759143005 | 0.0296434 | 96.0668 | 0 | 270
PACZ | kNN_10 | 63 | 10 | 120502530048 | 0.0300407 | 96.0668 | 0 | 265
PACZ | kNN_10 | 64 | 10 | 130081024314 | 0.0493526 | 96.0668 | 0 | 457
PACZ | kNN_10 | 65 | 10 | 118555871088 | 0.0557105 | 96.0668 | 0 | 462
PACZ | kNN_10 | 66 | 10 | 127553293596 | 0.0470479 | 96.0668 | 0 | 453
PACZ | kNN_10 | 67 | 10 | 118560212919 | 0.0473658 | 96.0668 | 0 | 406
PACZ | kNN_10 | 68 | 10 | 109380772566 | 0.042359 | 96.0668 | 0 | 353
PACZ | kNN_10 | 69 | 10 | 18909167490 | 0.0473658 | 96.0668 | 0 | 406
PACZ | kNN_10 | 70 | 10 | 126052337472 | 0.0389417 | 96.0668 | 0 | 338
PACZ | kNN_10 | 71 | 10 | 158774741628 | 0.041008 | 96.0668 | 0 | 327
PACZ | kNN_10 | 72 | 10 | 125461350360 | 0.0273387 | 96.0668 | 0 | 271
PACZ | kNN_10 | 73 | 10 | 122588388618 | 0.0230471 | 96.0668 | 0 | 168
PACZ | kNN_10 | 74 | 10 | 102071174046 | 0.0340144 | 96.0668 | 0 | 279
PACZ | kNN_10 | 75 | 10 | 115692896835 | 0.061353 | 96.0668 | 0 | 555
PACZ | kNN_10 | 76 | 10 | 131614690653 | 0.0393391 | 96.0668 | 0 | 357
PACZ | kNN_10 | 77 | 10 | 138183504210 | 0.0367165 | 96.0668 | 0 | 283
PACZ | kNN_10 | 78 | 10 | 106160012955 | 0.063022 | 96.0668 | 0 | 520
PACZ | kNN_10 | 79 | 10 | 60712375989 | 0.0549952 | 96.0668 | 0 | 471
PACZ | kNN_10 | 80 | 10 | 118561349178 | 0.0483195 | 96.0668 | 0 | 400
PACZ | kNN_10 | 81 | 10 | 127871353239 | 0.0657241 | 96.0668 | 0 | 555
PACZ | kNN_10 | 82 | 10 | 137163140916 | 0.0426769 | 96.0668 | 0 | 351
PACZ | kNN_10 | 83 | 10 | 147343736439 | 0.0376701 | 96.0668 | 0 | 271
PACZ | kNN_10 | 84 | 10 | 139769880141 | 0.0426769 | 96.0668 | 0 | 384
PACZ | kNN_10 | 85 | 10 | 119783229396 | 0.0336965 | 96.0668 | 0 | 298
PACZ | kNN_10 | 86 | 10 | 102357532854 | 0.0333786 | 96.0668 | 0 | 307
PACZ | kNN_10 | 87 | 10 | 137336425194 | 0.0153383 | 96.0668 | 0 | 123
PACZ | kNN_10 | 88 | 10 | 55912466298 | 0.0156562 | 96.0668 | 0 | 160
PACZ | kNN_10 | 89 | 10 | 127120414476 | 0.0486374 | 96.0668 | 0 | 460
PACZ | kNN_10 | 90 | 10 | 118806006678 | 0.0449816 | 96.0668 | 0 | 351
PACZ | kNN_10 | 91 | 10 | 103650041133 | 0.0456969 | 96.0668 | 0 | 347
PACZ | kNN_10 | 92 | 10 | 92679159528 | 0.0303586 | 96.0668 | 0 | 219
PACZ | kNN_10 | 93 | 10 | 59618671848 | 0.0320276 | 96.0668 | 0 | 291
PACZ | kNN_10 | 94 | 10 | 126178450137 | 0.0576973 | 96.0668 | 0 | 503
PACZ | kNN_10 | 95 | 10 | 120317819691 | 0.0417233 | 96.0668 | 0 | 350
PACZ | kNN_10 | 96 | 10 | 124291291569 | 0.0400543 | 96.0668 | 0 | 369
PACZ | kNN_10 | 97 | 10 | 149745037059 | 0.0463327 | 96.0668 | 0 | 461
PACZ | kNN_10 | 98 | 10 | 106245602544 | 0.0363986 | 96.0668 | 0 | 266
PACZ | kNN_10 | 99 | 10 | 74846630865 | 0.0150204 | 96.0668 | 0 | 112
PACZ | kNN_100 | 0 | 100 | 900296794101 | 0.255346 | 96.0668 | 0 | 646
PACZ | kNN_100 | 1 | 100 | 1477739241513 | 0.224988 | 96.0668 | 0 | 493
PACZ | kNN_100 | 2 | 100 | 1158372280518 | 0.361045 | 96.0668 | 0 | 959
PACZ | kNN_100 | 3 | 100 | 1070685282774 | 0.282685 | 96.0668 | 0 | 749
PACZ | kNN_100 | 4 | 100 | 1226572283838 | 0.396967 | 96.0668 | 0 | 972
PACZ | kNN_100 | 5 | 100 | 1322762981637 | 0.280937 | 96.0668 | 0 | 597
PACZ | kNN_100 | 6 | 100 | 1283232790683 | 0.411034 | 96.0668 | 0 | 967
PACZ | kNN_100 | 7 | 100 | 1073906406366 | 0.268698 | 96.0668 | 0 | 810
PACZ | kNN_100 | 8 | 100 | 1315535146932 | 0.205278 | 96.0668 | 0 | 481
PACZ | kNN_100 | 9 | 100 | 1228736203752 | 0.241359 | 96.0668 | 0 | 609
PACZ | kNN_100 | 10 | 100 | 1221085599717 | 0.207345 | 96.0668 | 0 | 489
PACZ | kNN_100 | 11 | 100 | 1045139942520 | 0.22165 | 96.0668 | 0 | 569
PACZ | kNN_100 | 12 | 100 | 1266725272272 | 0.272036 | 96.0668 | 0 | 788
PACZ | kNN_100 | 13 | 100 | 1119536023266 | 0.172059 | 96.0668 | 0 | 429
PACZ | kNN_100 | 14 | 100 | 1389108084831 | 0.161727 | 96.0668 | 0 | 396
PACZ | kNN_100 | 15 | 100 | 1081950551904 | 0.285308 | 96.0668 | 0 | 808
PACZ | kNN_100 | 16 | 100 | 1230931941861 | 0.2563 | 96.0668 | 0 | 639
PACZ | kNN_100 | 17 | 100 | 1192891443759 | 0.163635 | 96.0668 | 0 | 343
PACZ | kNN_100 | 18 | 100 | 1228610302785 | 0.188986 | 96.0668 | 0 | 532
PACZ | kNN_100 | 19 | 100 | 1179015784815 | 0.257015 | 96.0668 | 0 | 597
PACZ | kNN_100 | 20 | 100 | 1267089036756 | 0.260671 | 96.0668 | 0 | 777
PACZ | kNN_100 | 21 | 100 | 1381878599946 | 0.190973 | 96.0668 | 0 | 479
PACZ | kNN_100 | 22 | 100 | 994233747384 | 0.321627 | 96.0668 | 0 | 922
PACZ | kNN_100 | 23 | 100 | 1301695740192 | 0.259956 | 96.0668 | 0 | 628
PACZ | kNN_100 | 24 | 100 | 1021664354460 | 0.298023 | 96.0668 | 0 | 861
PACZ | kNN_100 | 25 | 100 | 1351706378676 | 0.3407 | 96.0668 | 0 | 1038
PACZ | kNN_100 | 26 | 100 | 1204511672775 | 0.108957 | 96.0668 | 0 | 282
PACZ | kNN_100 | 27 | 100 | 1192694532633 | 0.151634 | 96.0668 | 0 | 450
PACZ | kNN_100 | 28 | 100 | 1192699777560 | 0.14933 | 96.0668 | 0 | 458
PACZ | kNN_100 | 29 | 100 | 719290806090 | 0.230312 | 96.0668 | 0 | 643
PACZ | kNN_100 | 30 | 100 | 1232391151869 | 0.234286 | 96.0668 | 0 | 620
PACZ | kNN_100 | 31 | 100 | 1005159496926 | 0.267982 | 96.0668 | 0 | 810
PACZ | kNN_100 | 32 | 100 | 960656181453 | 0.199318 | 96.0668 | 0 | 538
PACZ | kNN_100 | 33 | 100 | 1165391221215 | 0.285705 | 96.0668 | 0 | 908
PACZ | kNN_100 | 34 | 100 | 1397810448330 | 0.238339 | 96.0668 | 0 | 670
PACZ | kNN_100 | 35 | 100 | 1199950588119 | 0.193278 | 96.0668 | 0 | 530
PACZ | kNN_100 | 36 | 100 | 1053305246850 | 0.210603 | 96.0668 | 0 | 649
PACZ | kNN_100 | 37 | 100 | 1453628276880 | 0.270685 | 96.0668 | 0 | 878
PACZ | kNN_100 | 38 | 100 | 1584243360708 | 0.258366 | 96.0668 | 0 | 669
PACZ | kNN_100 | 39 | 100 | 1191060747471 | 0.283639 | 96.0668 | 0 | 861
PACZ | kNN_100 | 40 | 100 | 1051858143720 | 0.205358 | 96.0668 | 0 | 630
PACZ | kNN_100 | 41 | 100 | 959960847054 | 0.160694 | 96.0668 | 0 | 450
PACZ | kNN_100 | 42 | 100 | 1197909475062 | 0.30899 | 96.0668 | 0 | 952
PACZ | kNN_100 | 43 | 100 | 1329937066728 | 0.262976 | 96.0668 | 0 | 710
PACZ | kNN_100 | 44 | 100 | 1027053848154 | 0.159025 | 96.0668 | 0 | 547
PACZ | kNN_100 | 45 | 100 | 1204691447259 | 0.270367 | 96.0668 | 0 | 804
PACZ | kNN_100 | 46 | 100 | 1224895128783 | 0.245333 | 96.0668 | 0 | 647
PACZ | kNN_100 | 47 | 100 | 1179157181220 | 0.229994 | 96.0668 | 0 | 718
PACZ | kNN_100 | 48 | 100 | 1197872531460 | 0.2443 | 96.0668 | 0 | 748
PACZ | kNN_100 | 49 | 100 | 1291528599480 | 0.268062 | 96.0668 | 0 | 832
PACZ | kNN_100 | 50 | 100 | 1372702332771 | 0.109037 | 96.0668 | 0 | 281
PACZ | kNN_100 | 51 | 100 | 1359432212682 | 0.149647 | 96.0668 | 0 | 407
PACZ | kNN_100 | 52 | 100 | 1230966328491 | 0.302951 | 96.0668 | 0 | 730
PACZ | kNN_100 | 53 | 100 | 1253868498789 | 0.307322 | 96.0668 | 0 | 609
PACZ | kNN_100 | 54 | 100 | 1203586235469 | 0.121991 | 96.0668 | 0 | 306
PACZ | kNN_100 | 55 | 100 | 1300807620105 | 0.326316 | 96.0668 | 0 | 837
PACZ | kNN_100 | 56 | 100 | 804374618295 | 0.121673 | 96.0668 | 0 | 243
PACZ | kNN_100 | 57 | 100 | 984211100196 | 0.188669 | 96.0668 | 0 | 530
PACZ | kNN_100 | 58 | 100 | 1357827425937 | 0.14329 | 96.0668 | 0 | 297
PACZ | kNN_100 | 59 | 100 | 1138067034543 | 0.343323 | 96.0668 | 0 | 1029
PACZ | kNN_100 | 60 | 100 | 1263967495866 | 0.33466 | 96.0668 | 0 | 1093
PACZ | kNN_100 | 61 | 100 | 1252473996417 | 0.239293 | 96.0668 | 0 | 832
PACZ | kNN_100 | 62 | 100 | 1377591945780 | 0.150998 | 96.0668 | 0 | 453
PACZ | kNN_100 | 63 | 100 | 1204376872230 | 0.226021 | 96.0668 | 0 | 483
PACZ | kNN_100 | 64 | 100 | 1299366374142 | 0.321706 | 96.0668 | 0 | 818
PACZ | kNN_100 | 65 | 100 | 1189166733360 | 0.328382 | 96.0668 | 0 | 856
PACZ | kNN_100 | 66 | 100 | 1274885468736 | 0.248353 | 96.0668 | 0 | 822
PACZ | kNN_100 | 67 | 100 | 1174698882657 | 0.216405 | 96.0668 | 0 | 666
PACZ | kNN_100 | 68 | 100 | 1254223465323 | 0.198682 | 96.0668 | 0 | 501
PACZ | kNN_100 | 69 | 100 | 753902559501 | 0.214974 | 96.0668 | 0 | 736
PACZ | kNN_100 | 70 | 100 | 1185048195471 | 0.221332 | 96.0668 | 0 | 636
PACZ | kNN_100 | 71 | 100 | 1587748971162 | 0.219345 | 96.0668 | 0 | 546
PACZ | kNN_100 | 72 | 100 | 1254307996113 | 0.212987 | 96.0668 | 0 | 517
PACZ | kNN_100 | 73 | 100 | 1128120604830 | 0.104666 | 96.0668 | 0 | 267
PACZ | kNN_100 | 74 | 100 | 1084498945629 | 0.206629 | 96.0668 | 0 | 515
PACZ | kNN_100 | 75 | 100 | 1109774085996 | 0.354687 | 96.0668 | 0 | 1033
PACZ | kNN_100 | 76 | 100 | 1316138965413 | 0.203927 | 96.0668 | 0 | 685
PACZ | kNN_100 | 77 | 100 | 1377902367549 | 0.154972 | 96.0668 | 0 | 470
PACZ | kNN_100 | 78 | 100 | 1061600126556 | 0.287612 | 96.0668 | 0 | 904
PACZ | kNN_100 | 79 | 100 | 601793636751 | 0.299613 | 96.0668 | 0 | 976
PACZ | kNN_100 | 80 | 100 | 1191019647765 | 0.246286 | 96.0668 | 0 | 693
PACZ | kNN_100 | 81 | 100 | 1277181825645 | 0.315666 | 96.0668 | 0 | 1086
PACZ | kNN_100 | 82 | 100 | 1362368659959 | 0.229994 | 96.0668 | 0 | 606
PACZ | kNN_100 | 83 | 100 | 1371169945116 | 0.188033 | 96.0668 | 0 | 524
PACZ | kNN_100 | 84 | 100 | 1464673665852 | 0.198364 | 96.0668 | 0 | 682
PACZ | kNN_100 | 85 | 100 | 1194766552665 | 0.14933 | 96.0668 | 0 | 548
PACZ | kNN_100 | 86 | 100 | 1037513765508 | 0.198046 | 96.0668 | 0 | 567
PACZ | kNN_100 | 87 | 100 | 1373364263166 | 0.0710487 | 96.0668 | 0 | 199
PACZ | kNN_100 | 88 | 100 | 810059146905 | 0.144641 | 96.0668 | 0 | 422
PACZ | kNN_100 | 89 | 100 | 1271204140803 | 0.289361 | 96.0668 | 0 | 894
PACZ | kNN_100 | 90 | 100 | 1188060060759 | 0.332355 | 96.0668 | 0 | 729
PACZ | kNN_100 | 91 | 100 | 1036478887989 | 0.200987 | 96.0668 | 0 | 590
PACZ | kNN_100 | 92 | 100 | 972649690677 | 0.188669 | 96.0668 | 0 | 417
PACZ | kNN_100 | 93 | 100 | 702840033771 | 0.182311 | 96.0668 | 0 | 539
PACZ | kNN_100 | 94 | 100 | 1261784503911 | 0.302712 | 96.0668 | 0 | 1014
PACZ | kNN_100 | 95 | 100 | 1217649639243 | 0.214974 | 96.0668 | 0 | 657
PACZ | kNN_100 | 96 | 100 | 1243090444155 | 0.213941 | 96.0668 | 0 | 696
PACZ | kNN_100 | 97 | 100 | 1495316152686 | 0.244697 | 96.0668 | 0 | 823
PACZ | kNN_100 | 98 | 100 | 1066117641084 | 0.185649 | 96.0668 | 0 | 516
PACZ | kNN_100 | 99 | 100 | 865761535509 | 0.0796318 | 96.0668 | 0 | 183
