Algo | QType | QID | Count | Hash | Time_ms | Mem_Tree_MB | Mem_Delta_MB | Nodes
PACZ | Range_Small | 0 | 74 | 882799154322 | 0.00699361 | 70.6843 | 0 | 171
PACZ | Range_Small | 1 | 879 | 11274687420018 | 0.014623 | 70.6843 | 0 | 291
PACZ | Range_Small | 2 | 6596 | 82665935957217 | 0.0736713 | 70.6843 | 0 | 897
PACZ | Range_Small | 3 | 853 | 10923462736617 | 0.017643 | 70.6843 | 0 | 355
PACZ | Range_Small | 4 | 324 | 4020038067726 | 0.00898043 | 70.6843 | 0 | 233
PACZ | Range_Small | 5 | 948 | 11648032756497 | 0.0170072 | 70.6843 | 0 | 311
PACZ | Range_Small | 6 | 5894 | 73844718438990 | 0.0636578 | 70.6843 | 0 | 815
PACZ | Range_Small | 7 | 4466 | 54061615522719 | 0.0553131 | 70.6843 | 0 | 629
PACZ | Range_Small | 8 | 4295 | 53964110821461 | 0.0726382 | 70.6843 | 0 | 725
PACZ | Range_Small | 9 | 971 | 13830662417658 | 0.0180403 | 70.6843 | 0 | 307
PACZ | Range_Small | 10 | 1511 | 18102431544255 | 0.0213782 | 70.6843 | 0 | 379
PACZ | Range_Small | 11 | 805 | 9819003665823 | 0.0133514 | 70.6843 | 0 | 269
PACZ | Range_Small | 12 | 427 | 4253326644507 | 0.0103315 | 70.6843 | 0 | 229
PACZ | Range_Small | 13 | 380 | 4529784139926 | 0.00826518 | 70.6843 | 0 | 255
PACZ | Range_Small | 14 | 4153 | 50691008332950 | 0.0496705 | 70.6843 | 0 | 655
PACZ | Range_Small | 15 | 1039 | 12815408683350 | 0.0186761 | 70.6843 | 0 | 363
PACZ | Range_Small | 16 | 743 | 11775706569018 | 0.0136693 | 70.6843 | 0 | 311
PACZ | Range_Small | 17 | 2718 | 33821893111530 | 0.0296434 | 70.6843 | 0 | 471
PACZ | Range_Small | 18 | 3205 | 42993677289411 | 0.0387033 | 70.6843 | 0 | 563
PACZ | Range_Small | 19 | 19207 | 230867604550062 | 0.209332 | 70.6843 | 0 | 2201
PACZ | Range_Small | 20 | 4497 | 60114067493106 | 0.0452995 | 70.6843 | 0 | 707
PACZ | Range_Small | 21 | 373 | 4494457076055 | 0.00762939 | 70.6843 | 0 | 193
PACZ | Range_Small | 22 | 12295 | 150910247206311 | 0.121037 | 70.6843 | 0 | 1461
PACZ | Range_Small | 23 | 969 | 12119717851272 | 0.0162919 | 70.6843 | 0 | 311
PACZ | Range_Small | 24 | 6212 | 72281030198244 | 0.0709693 | 70.6843 | 0 | 971
PACZ | Range_Small | 25 | 784 | 9567523401612 | 0.0133514 | 70.6843 | 0 | 261
PACZ | Range_Small | 26 | 1100 | 17392475025081 | 0.0193119 | 70.6843 | 0 | 379
PACZ | Range_Small | 27 | 124 | 1479285074250 | 0.00635783 | 70.6843 | 0 | 199
PACZ | Range_Small | 28 | 357 | 2458171461291 | 0.00969569 | 70.6843 | 0 | 225
PACZ | Range_Small | 29 | 466 | 5842151888244 | 0.0113646 | 70.6843 | 0 | 273
PACZ | Range_Small | 30 | 1075 | 12878396095179 | 0.0170072 | 70.6843 | 0 | 349
PACZ | Range_Small | 31 | 932 | 12570458421231 | 0.0120004 | 70.6843 | 0 | 255
PACZ | Range_Small | 32 | 3041 | 39533318824278 | 0.0329812 | 70.6843 | 0 | 469
PACZ | Range_Small | 33 | 224 | 2592686119071 | 0.00667572 | 70.6843 | 0 | 203
PACZ | Range_Small | 34 | 659 | 7930267221792 | 0.0156562 | 70.6843 | 0 | 335
PACZ | Range_Small | 35 | 849 | 6853961714040 | 0.017643 | 70.6843 | 0 | 341
PACZ | Range_Small | 36 | 875 | 12237637657380 | 0.0140667 | 70.6843 | 0 | 317
PACZ | Range_Small | 37 | 489 | 6269140928064 | 0.0106494 | 70.6843 | 0 | 253
PACZ | Range_Small | 38 | 409 | 5606921050497 | 0.0116825 | 70.6843 | 0 | 263
PACZ | Range_Small | 39 | 1186 | 13040120621439 | 0.015974 | 70.6843 | 0 | 303
PACZ | Range_Small | 40 | 2486 | 29911976553588 | 0.0317097 | 70.6843 | 0 | 487
PACZ | Range_Small | 41 | 3178 | 41315429832603 | 0.0296434 | 70.6843 | 0 | 479
PACZ | Range_Small | 42 | 1213 | 14809224629148 | 0.0173251 | 70.6843 | 0 | 317
PACZ | Range_Small | 43 | 1671 | 20599807804737 | 0.0236829 | 70.6843 | 0 | 387
PACZ | Range_Small | 44 | 373 | 2515540219776 | 0.00802676 | 70.6843 | 0 | 229
PACZ | Range_Small | 45 | 541 | 6598202753142 | 0.0110467 | 70.6843 | 0 | 239
PACZ | Range_Small | 46 | 855 | 11610596635782 | 0.0133514 | 70.6843 | 0 | 247
PACZ | Range_Small | 47 | 1368 | 19255117413663 | 0.017643 | 70.6843 | 0 | 345
PACZ | Range_Small | 48 | 33 | 503158720689 | 0.00532468 | 70.6843 | 0 | 171
PACZ | Range_Small | 49 | 4065 | 50206612193541 | 0.0483195 | 70.6843 | 0 | 663
PACZ | Range_Small | 50 | 12757 | 156774136729533 | 0.132322 | 70.6843 | 0 | 1617
PACZ | Range_Small | 51 | 4506 | 56573104699761 | 0.0539621 | 70.6843 | 0 | 725
PACZ | Range_Small | 52 | 10 | 40476268392 | 0.00540415 | 70.6843 | 0 | 185
PACZ | Range_Small | 53 | 660 | 8969952221847 | 0.0109673 | 70.6843 | 0 | 245
PACZ | Range_Small | 54 | 2046 | 23388838458720 | 0.0313918 | 70.6843 | 0 | 435
PACZ | Range_Small | 55 | 107 | 1508704063539 | 0.00635783 | 70.6843 | 0 | 193
PACZ | Range_Small | 56 | 379 | 5753184512559 | 0.0136693 | 70.6843 | 0 | 223
PACZ | Range_Small | 57 | 1176 | 12711536194971 | 0.0153383 | 70.6843 | 0 | 295
PACZ | Range_Small | 58 | 2114 | 23038697432043 | 0.0393391 | 70.6843 | 0 | 447
PACZ | Range_Small | 59 | 150 | 1434181919844 | 0.00898043 | 70.6843 | 0 | 229
PACZ | Range_Small | 60 | 77 | 973108640265 | 0.00961622 | 70.6843 | 0 | 179
PACZ | Range_Small | 61 | 993 | 11915957885037 | 0.014623 | 70.6843 | 0 | 285
PACZ | Range_Small | 62 | 9512 | 117111039201882 | 0.102043 | 70.6843 | 0 | 1321
PACZ | Range_Small | 63 | 846 | 10327835745069 | 0.018994 | 70.6843 | 0 | 283
PACZ | Range_Small | 64 | 6457 | 74756847512145 | 0.0917117 | 70.6843 | 0 | 969
PACZ | Range_Small | 65 | 223 | 2727241286307 | 0.015974 | 70.6843 | 0 | 187
PACZ | Range_Small | 66 | 6172 | 77670493358961 | 0.0743071 | 70.6843 | 0 | 799
PACZ | Range_Small | 67 | 3804 | 46309857807714 | 0.0529289 | 70.6843 | 0 | 669
PACZ | Range_Small | 68 | 1794 | 19666828456296 | 0.0340144 | 70.6843 | 0 | 445
PACZ | Range_Small | 69 | 2415 | 30030844761711 | 0.0367165 | 70.6843 | 0 | 437
PACZ | Range_Small | 70 | 118 | 1348630085016 | 0.00699361 | 70.6843 | 0 | 179
PACZ | Range_Small | 71 | 240 | 2312351521188 | 0.00667572 | 70.6843 | 0 | 183
PACZ | Range_Small | 72 | 240 | 3216359455263 | 0.0153383 | 70.6843 | 0 | 201
PACZ | Range_Small | 73 | 1161 | 16844121175365 | 0.0179609 | 70.6843 | 0 | 319
PACZ | Range_Small | 74 | 708 | 8796342164433 | 0.0120004 | 70.6843 | 0 | 283
PACZ | Range_Small | 75 | 78 | 977921968740 | 0.00667572 | 70.6843 | 0 | 211
PACZ | Range_Small | 76 | 536 | 7083402577308 | 0.0240008 | 70.6843 | 0 | 267
PACZ | Range_Small | 77 | 1506 | 17159132497473 | 0.0209808 | 70.6843 | 0 | 305
PACZ | Range_Small | 78 | 120 | 734245272423 | 0.0073115 | 70.6843 | 0 | 217
PACZ | Range_Small | 79 | 1216 | 14062945954440 | 0.022014 | 70.6843 | 0 | 355
PACZ | Range_Small | 80 | 516 | 4674458733615 | 0.0103315 | 70.6843 | 0 | 263
PACZ | Range_Small | 81 | 27 | 284577202590 | 0.00500679 | 70.6843 | 0 | 179
PACZ | Range_Small | 82 | 1278 | 15846513085455 | 0.0273387 | 70.6843 | 0 | 337
PACZ | Range_Small | 83 | 939 | 11621422405599 | 0.0173251 | 70.6843 | 0 | 271
PACZ | Range_Small | 84 | 1266 | 14058585795024 | 0.0236829 | 70.6843 | 0 | 361
PACZ | Range_Small | 85 | 464 | 5468958430818 | 0.00905991 | 70.6843 | 0 | 237
PACZ | Range_Small | 86 | 1358 | 16116966895059 | 0.0173251 | 70.6843 | 0 | 327
PACZ | Range_Small | 87 | 589 | 7023948777591 | 0.0093778 | 70.6843 | 0 | 217
PACZ | Range_Small | 88 | 447 | 5451983932683 | 0.0103315 | 70.6843 | 0 | 255
PACZ | Range_Small | 89 | 1113 | 15170486517489 | 0.0190735 | 70.6843 | 0 | 345
PACZ | Range_Small | 90 | 4635 | 57717899142222 | 0.0616709 | 70.6843 | 0 | 697
PACZ | Range_Small | 91 | 491 | 4357660855008 | 0.0139872 | 70.6843 | 0 | 261
PACZ | Range_Small | 92 | 165 | 1688890419975 | 0.00596046 | 70.6843 | 0 | 187
PACZ | Range_Small | 93 | 1896 | 18631565566431 | 0.0259876 | 70.6843 | 0 | 383
PACZ | Range_Small | 94 | 1097 | 13007488640766 | 0.0206629 | 70.6843 | 0 | 329
PACZ | Range_Small | 95 | 88 | 1198537385799 | 0.00699361 | 70.6843 | 0 | 193
PACZ | Range_Small | 96 | 6825 | 84318008564922 | 0.0959237 | 70.6843 | 0 | 993
PACZ | Range_Small | 97 | 92 | 588731504112 | 0.00603994 | 70.6843 | 0 | 161
PACZ | Range_Small | 98 | 560 | 6536840444331 | 0.0136693 | 70.6843 | 0 | 225
PACZ | Range_Small | 99 | 1016 | 11334598142799 | 0.0162919 | 70.6843 | 0 | 313
PACZ | Range_Medium | 0 | 98532 | 1162452644113908 | 1.11763 | 70.6843 | 0 | 9015
PACZ | Range_Medium | 1 | 23897 | 269905006905963 | 0.226657 | 70.6843 | 0 | 2543
PACZ | Range_Medium | 2 | 14162 | 167488360574298 | 0.13566 | 70.6843 | 0 | 1493
PACZ | Range_Medium | 3 | 51889 | 712896982319010 | 0.555674 | 70.6843 | 0 | 4539
PACZ | Range_Medium | 4 | 63449 | 672229093860156 | 0.602007 | 70.6843 | 0 | 5603
PACZ | Range_Medium | 5 | 18715 | 200736749674371 | 0.175317 | 70.6843 | 0 | 1925
PACZ | Range_Medium | 6 | 44799 | 618947034080811 | 0.380675 | 70.6843 | 0 | 3867
PACZ | Range_Medium | 7 | 15919 | 182643132118266 | 0.132322 | 70.6843 | 0 | 1619
PACZ | Range_Medium | 8 | 65437 | 692757662932254 | 0.643015 | 70.6843 | 0 | 5699
PACZ | Range_Medium | 9 | 263 | 2727657666249 | 0.013272 | 70.6843 | 0 | 285
PACZ | Range_Medium | 10 | 42031 | 509539738017423 | 0.420014 | 70.6843 | 0 | 3833
PACZ | Range_Medium | 11 | 76360 | 810450017594160 | 0.728289 | 70.6843 | 0 | 6679
PACZ | Range_Medium | 12 | 44189 | 528165953442675 | 0.399669 | 70.6843 | 0 | 3971
PACZ | Range_Medium | 13 | 110123 | 1280761190043222 | 1.28269 | 70.6843 | 0 | 9931
PACZ | Range_Medium | 14 | 42691 | 569129054259039 | 0.404994 | 70.6843 | 0 | 3763
PACZ | Range_Medium | 15 | 13280 | 175372624022229 | 0.137329 | 70.6843 | 0 | 1479
PACZ | Range_Medium | 16 | 3631 | 49331145152358 | 0.0403722 | 70.6843 | 0 | 497
PACZ | Range_Medium | 17 | 15860 | 180405464313975 | 0.159661 | 70.6843 | 0 | 1641
PACZ | Range_Medium | 18 | 335 | 2971722729957 | 0.0136693 | 70.6843 | 0 | 265
PACZ | Range_Medium | 19 | 28825 | 350908660148421 | 0.28499 | 70.6843 | 0 | 2919
PACZ | Range_Medium | 20 | 34398 | 348863525329836 | 0.336329 | 70.6843 | 0 | 3087
PACZ | Range_Medium | 21 | 91401 | 1068592420630719 | 1.08862 | 70.6843 | 0 | 8615
PACZ | Range_Medium | 22 | 29258 | 361935778540341 | 0.301997 | 70.6843 | 0 | 2941
PACZ | Range_Medium | 23 | 17961 | 231988012869804 | 0.185013 | 70.6843 | 0 | 1849
PACZ | Range_Medium | 24 | 3155 | 20650334825784 | 0.0426769 | 70.6843 | 0 | 533
PACZ | Range_Medium | 25 | 56240 | 670045085004309 | 0.590642 | 70.6843 | 0 | 4835
PACZ | Range_Medium | 26 | 98580 | 1160857565072085 | 1.17405 | 70.6843 | 0 | 9027
PACZ | Range_Medium | 27 | 54052 | 647628350488275 | 0.542005 | 70.6843 | 0 | 4621
PACZ | Range_Medium | 28 | 42634 | 598702267921692 | 0.427961 | 70.6843 | 0 | 3815
PACZ | Range_Medium | 29 | 21633 | 265789430619570 | 0.215689 | 70.6843 | 0 | 2139
PACZ | Range_Medium | 30 | 3675 | 44600942045592 | 0.0503858 | 70.6843 | 0 | 647
PACZ | Range_Medium | 31 | 30915 | 378972996453900 | 0.281652 | 70.6843 | 0 | 2841
PACZ | Range_Medium | 32 | 24956 | 304115602051641 | 0.214338 | 70.6843 | 0 | 2427
PACZ | Range_Medium | 33 | 22497 | 252214161619569 | 0.224988 | 70.6843 | 0 | 2333
PACZ | Range_Medium | 34 | 1 | 13887038859 | 0.00230471 | 70.6843 | 0 | 61
PACZ | Range_Medium | 35 | 99253 | 1167596083779315 | 1.17032 | 70.6843 | 0 | 9041
PACZ | Range_Medium | 36 | 6493 | 85646767396860 | 0.0682672 | 70.6843 | 0 | 777
PACZ | Range_Medium | 37 | 34825 | 428484379290087 | 0.362317 | 70.6843 | 0 | 3349
PACZ | Range_Medium | 38 | 42319 | 461024016169728 | 0.452042 | 70.6843 | 0 | 3899
PACZ | Range_Medium | 39 | 40876 | 443618513948226 | 0.422319 | 70.6843 | 0 | 3889
PACZ | Range_Medium | 40 | 6349 | 60169954780632 | 0.0816981 | 70.6843 | 0 | 851
PACZ | Range_Medium | 41 | 63599 | 653987385579171 | 0.674963 | 70.6843 | 0 | 5601
PACZ | Range_Medium | 42 | 42962 | 449956560682437 | 0.456333 | 70.6843 | 0 | 4061
PACZ | Range_Medium | 43 | 75092 | 815848207255971 | 0.822703 | 70.6843 | 0 | 6507
PACZ | Range_Medium | 44 | 33007 | 385933439343285 | 0.345627 | 70.6843 | 0 | 3295
PACZ | Range_Medium | 45 | 15448 | 163247904320727 | 0.162363 | 70.6843 | 0 | 1569
PACZ | Range_Medium | 46 | 97160 | 1138900672409709 | 1.20401 | 70.6843 | 0 | 8947
PACZ | Range_Medium | 47 | 16514 | 179330691639309 | 0.175714 | 70.6843 | 0 | 1691
PACZ | Range_Medium | 48 | 36376 | 387723050627889 | 0.40102 | 70.6843 | 0 | 3359
PACZ | Range_Medium | 49 | 7138 | 79772580648636 | 0.080665 | 70.6843 | 0 | 863
PACZ | Range_Medium | 50 | 14436 | 186372537352245 | 0.153701 | 70.6843 | 0 | 1423
PACZ | Range_Medium | 51 | 6338 | 83069927962809 | 0.0710487 | 70.6843 | 0 | 755
PACZ | Range_Medium | 52 | 9632 | 107373725553246 | 0.0943343 | 70.6843 | 0 | 989
PACZ | Range_Medium | 53 | 44567 | 552007678419600 | 0.50362 | 70.6843 | 0 | 4121
PACZ | Range_Medium | 54 | 30044 | 306829193589072 | 0.316064 | 70.6843 | 0 | 2771
PACZ | Range_Medium | 55 | 6758 | 82226180470053 | 0.078996 | 70.6843 | 0 | 873
PACZ | Range_Medium | 56 | 28962 | 343346663181729 | 0.295003 | 70.6843 | 0 | 2785
PACZ | Range_Medium | 57 | 54178 | 648733893335091 | 0.589927 | 70.6843 | 0 | 4701
PACZ | Range_Medium | 58 | 18592 | 224044169357634 | 0.198285 | 70.6843 | 0 | 1969
PACZ | Range_Medium | 59 | 727 | 8096890912488 | 0.0130335 | 70.6843 | 0 | 229
PACZ | Range_Medium | 60 | 22314 | 267375482343633 | 0.209649 | 70.6843 | 0 | 2315
PACZ | Range_Medium | 61 | 15622 | 187147392783429 | 0.143607 | 70.6843 | 0 | 1645
PACZ | Range_Medium | 62 | 85709 | 1010281186068438 | 1.03768 | 70.6843 | 0 | 7979
PACZ | Range_Medium | 63 | 54038 | 739880452837545 | 0.570615 | 70.6843 | 0 | 4719
PACZ | Range_Medium | 64 | 45079 | 506932957631973 | 0.492016 | 70.6843 | 0 | 4047
PACZ | Range_Medium | 65 | 21740 | 301542465115995 | 0.231981 | 70.6843 | 0 | 2257
PACZ | Range_Medium | 66 | 3 | 30879260067 | 0.00198682 | 70.6843 | 0 | 51
PACZ | Range_Medium | 67 | 99331 | 1156273724478921 | 1.24002 | 70.6843 | 0 | 9365
PACZ | Range_Medium | 68 | 19498 | 238738999362618 | 0.201623 | 70.6843 | 0 | 1923
PACZ | Range_Medium | 69 | 7440 | 84649395960987 | 0.0832876 | 70.6843 | 0 | 847
PACZ | Range_Medium | 70 | 51805 | 718559033587596 | 0.547012 | 70.6843 | 0 | 4507
PACZ | Range_Medium | 71 | 49364 | 604220570549268 | 0.54733 | 70.6843 | 0 | 4415
PACZ | Range_Medium | 72 | 99334 | 1164034039570689 | 1.33999 | 70.6843 | 0 | 9089
PACZ | Range_Medium | 73 | 42277 | 507117271233849 | 0.440677 | 70.6843 | 0 | 3739
PACZ | Range_Medium | 74 | 24277 | 296580680616021 | 0.252008 | 70.6843 | 0 | 2349
PACZ | Range_Medium | 75 | 51577 | 715068956588025 | 0.552336 | 70.6843 | 0 | 4513
PACZ | Range_Medium | 76 | 44866 | 610604709783699 | 0.474612 | 70.6843 | 0 | 4045
PACZ | Range_Medium | 77 | 24089 | 294841826275875 | 0.255028 | 70.6843 | 0 | 2321
PACZ | Range_Medium | 78 | 14340 | 183469622279091 | 0.155687 | 70.6843 | 0 | 1455
PACZ | Range_Medium | 79 | 81340 | 958418730509268 | 1.00239 | 70.6843 | 0 | 7563
PACZ | Range_Medium | 80 | 877 | 8867067118032 | 0.0270208 | 70.6843 | 0 | 407
PACZ | Range_Medium | 81 | 6189 | 79913001361869 | 0.0709693 | 70.6843 | 0 | 757
PACZ | Range_Medium | 82 | 52574 | 721407260069067 | 0.558297 | 70.6843 | 0 | 4599
PACZ | Range_Medium | 83 | 39117 | 475338611873187 | 0.426372 | 70.6843 | 0 | 3507
PACZ | Range_Medium | 84 | 79138 | 931876915945002 | 0.962655 | 70.6843 | 0 | 7459
PACZ | Range_Medium | 85 | 12926 | 153762797208156 | 0.145356 | 70.6843 | 0 | 1395
PACZ | Range_Medium | 86 | 20813 | 254705942319561 | 0.227372 | 70.6843 | 0 | 2121
PACZ | Range_Medium | 87 | 25202 | 303109511330322 | 0.254393 | 70.6843 | 0 | 2457
PACZ | Range_Medium | 88 | 18708 | 206825178924606 | 0.201305 | 70.6843 | 0 | 1909
PACZ | Range_Medium | 89 | 33420 | 338574511011081 | 0.368675 | 70.6843 | 0 | 3081
PACZ | Range_Medium | 90 | 49241 | 590303491153275 | 0.521342 | 70.6843 | 0 | 4279
PACZ | Range_Medium | 91 | 24309 | 292120127898582 | 0.252644 | 70.6843 | 0 | 2417
PACZ | Range_Medium | 92 | 65675 | 700468088178348 | 0.704686 | 70.6843 | 0 | 5749
PACZ | Range_Medium | 93 | 4623 | 59255472708489 | 0.0619888 | 70.6843 | 0 | 653
PACZ | Range_Medium | 94 | 23363 | 265477720757574 | 0.231981 | 70.6843 | 0 | 2217
PACZ | Range_Medium | 95 | 98705 | 1156120509391278 | 1.25106 | 70.6843 | 0 | 8971
PACZ | Range_Medium | 96 | 74687 | 853627298508156 | 0.876665 | 70.6843 | 0 | 6395
PACZ | Range_Medium | 97 | 11406 | 139600722564198 | 0.128349 | 70.6843 | 0 | 1295
PACZ | Range_Medium | 98 | 29018 | 304443344634024 | 0.314713 | 70.6843 | 0 | 2775
PACZ | Range_Medium | 99 | 24036 | 271580907587316 | 0.260671 | 70.6843 | 0 | 2443
PACZ | Range_Large | 0 | 573648 | 6828389484844764 | 6.83737 | 70.6843 | 0 | 46651
PACZ | Range_Large | 1 | 572623 | 6815859349527402 | 6.82902 | 70.6843 | 0 | 46593
PACZ | Range_Large | 2 | 705995 | 8277883783623774 | 8.30666 | 70.6843 | 0 | 56853
PACZ | Range_Large | 3 | 473137 | 5665550634086400 | 5.63137 | 70.6843 | 0 | 38717
PACZ | Range_Large | 4 | 585895 | 6870622142865795 | 6.929 | 70.6843 | 0 | 47491
PACZ | Range_Large | 5 | 332335 | 3763438395038346 | 4.05065 | 70.6843 | 0 | 28327
PACZ | Range_Large | 6 | 473510 | 5669829339565674 | 5.58766 | 70.6843 | 0 | 38731
PACZ | Range_Large | 7 | 580255 | 6898874080465017 | 6.97867 | 70.6843 | 0 | 47333
PACZ | Range_Large | 8 | 485742 | 5660805247310928 | 5.58861 | 70.6843 | 0 | 38575
PACZ | Range_Large | 9 | 478781 | 5714938484187336 | 5.71068 | 70.6843 | 0 | 39047
PACZ | Range_Large | 10 | 518077 | 6183753464611914 | 6.22567 | 70.6843 | 0 | 42481
PACZ | Range_Large | 11 | 491008 | 5722884046522758 | 5.6603 | 70.6843 | 0 | 39063
PACZ | Range_Large | 12 | 9 | 68999756613 | 0.00301997 | 70.6843 | 0 | 47
PACZ | Range_Large | 13 | 572003 | 6813452901843885 | 6.83594 | 70.6843 | 0 | 46607
PACZ | Range_Large | 14 | 693482 | 8125406330257017 | 8.25572 | 70.6843 | 0 | 56035
PACZ | Range_Large | 15 | 514521 | 6133729374109023 | 6.16368 | 70.6843 | 0 | 42029
PACZ | Range_Large | 16 | 545245 | 6500314258009686 | 6.50064 | 70.6843 | 0 | 44493
PACZ | Range_Large | 17 | 475768 | 5696837423830068 | 5.69304 | 70.6843 | 0 | 38951
PACZ | Range_Large | 18 | 462059 | 5519608301856672 | 5.52233 | 70.6843 | 0 | 37817
PACZ | Range_Large | 19 | 477301 | 5564809832297463 | 5.49603 | 70.6843 | 0 | 38231
PACZ | Range_Large | 20 | 759354 | 8904637122458733 | 9.21003 | 70.6843 | 0 | 60987
PACZ | Range_Large | 21 | 463193 | 5424307516366008 | 5.46098 | 70.6843 | 0 | 37043
PACZ | Range_Large | 22 | 343187 | 3906450905518929 | 3.94599 | 70.6843 | 0 | 27197
PACZ | Range_Large | 23 | 482095 | 5748543920306967 | 5.78205 | 70.6843 | 0 | 39291
PACZ | Range_Large | 24 | 722022 | 8474664895035297 | 8.44232 | 70.6843 | 0 | 58123
PACZ | Range_Large | 25 | 553868 | 6600208456821930 | 6.65267 | 70.6843 | 0 | 45423
PACZ | Range_Large | 26 | 458640 | 5481401681128245 | 5.43698 | 70.6843 | 0 | 37545
PACZ | Range_Large | 27 | 468023 | 5592535227586941 | 5.61364 | 70.6843 | 0 | 38239
PACZ | Range_Large | 28 | 575420 | 6846637504245642 | 6.83029 | 70.6843 | 0 | 46787
PACZ | Range_Large | 29 | 587289 | 6887132637852507 | 7.00935 | 70.6843 | 0 | 47603
PACZ | Range_Large | 30 | 460206 | 5363104436321733 | 5.445 | 70.6843 | 0 | 36739
PACZ | Range_Large | 31 | 707165 | 8334014988587781 | 8.51234 | 70.6843 | 0 | 57159
PACZ | Range_Large | 32 | 570218 | 6787293990604014 | 6.8357 | 70.6843 | 0 | 46439
PACZ | Range_Large | 33 | 497141 | 5939895637302381 | 5.81201 | 70.6843 | 0 | 40579
PACZ | Range_Large | 34 | 656756 | 7699931011061286 | 7.4873 | 70.6843 | 0 | 53087
PACZ | Range_Large | 35 | 490548 | 5714235562898364 | 5.58734 | 70.6843 | 0 | 39049
PACZ | Range_Large | 36 | 755357 | 8875708720623972 | 8.68702 | 70.6843 | 0 | 60975
PACZ | Range_Large | 37 | 571122 | 6797740236523596 | 6.8357 | 70.6843 | 0 | 46481
PACZ | Range_Large | 38 | 728182 | 8571375314175729 | 8.57067 | 70.6843 | 0 | 58665
PACZ | Range_Large | 39 | 481336 | 5725937554129734 | 5.64798 | 70.6843 | 0 | 38819
PACZ | Range_Large | 40 | 337766 | 3853653968264847 | 3.86469 | 70.6843 | 0 | 26811
PACZ | Range_Large | 41 | 499285 | 5826407451235926 | 5.71998 | 70.6843 | 0 | 39859
PACZ | Range_Large | 42 | 577898 | 6874072760019741 | 6.9143 | 70.6843 | 0 | 46865
PACZ | Range_Large | 43 | 738499 | 8686209252409092 | 8.69934 | 70.6843 | 0 | 59555
PACZ | Range_Large | 44 | 304917 | 3463740653547882 | 3.55236 | 70.6843 | 0 | 24879
PACZ | Range_Large | 45 | 614081 | 7273335790963086 | 7.30435 | 70.6843 | 0 | 50123
PACZ | Range_Large | 46 | 490971 | 5869902437469036 | 5.81702 | 70.6843 | 0 | 40297
PACZ | Range_Large | 47 | 474572 | 5683089436233012 | 5.66236 | 70.6843 | 0 | 38851
PACZ | Range_Large | 48 | 669012 | 7855811339952528 | 7.82466 | 70.6843 | 0 | 54185
PACZ | Range_Large | 49 | 738616 | 8695714071552339 | 8.69068 | 70.6843 | 0 | 59519
PACZ | Range_Large | 50 | 640853 | 7581109953280713 | 7.581 | 70.6843 | 0 | 52051
PACZ | Range_Large | 51 | 492753 | 5743884756987108 | 5.67667 | 70.6843 | 0 | 39125
PACZ | Range_Large | 52 | 531018 | 6330515380619523 | 6.33367 | 70.6843 | 0 | 43313
PACZ | Range_Large | 53 | 570997 | 6801452663210115 | 6.7447 | 70.6843 | 0 | 46549
PACZ | Range_Large | 54 | 488423 | 5843819079643956 | 5.79468 | 70.6843 | 0 | 39947
PACZ | Range_Large | 55 | 531138 | 6348091891394898 | 6.35497 | 70.6843 | 0 | 43335
PACZ | Range_Large | 56 | 485188 | 5659197628051281 | 5.56207 | 70.6843 | 0 | 38745
PACZ | Range_Large | 57 | 477282 | 5714564136949788 | 5.74565 | 70.6843 | 0 | 39053
PACZ | Range_Large | 58 | 526065 | 6287807579194194 | 6.18434 | 70.6843 | 0 | 42881
PACZ | Range_Large | 59 | 491323 | 5858010029616435 | 5.88171 | 70.6843 | 0 | 40153
PACZ | Range_Large | 60 | 421117 | 4917510815419368 | 4.90769 | 70.6843 | 0 | 33723
PACZ | Range_Large | 61 | 537537 | 6404569519821912 | 6.42268 | 70.6843 | 0 | 43921
PACZ | Range_Large | 62 | 567190 | 6751371583610823 | 6.6793 | 70.6843 | 0 | 46217
PACZ | Range_Large | 63 | 362059 | 4146844579832985 | 4.19768 | 70.6843 | 0 | 28859
PACZ | Range_Large | 64 | 572131 | 6809672889745158 | 6.75941 | 70.6843 | 0 | 46505
PACZ | Range_Large | 65 | 570877 | 6799860404909406 | 6.79501 | 70.6843 | 0 | 46545
PACZ | Range_Large | 66 | 374564 | 4214097731237376 | 4.47933 | 70.6843 | 0 | 31357
PACZ | Range_Large | 67 | 694210 | 8136087052235253 | 8.11831 | 70.6843 | 0 | 56063
PACZ | Range_Large | 68 | 360656 | 4133733832086981 | 4.14801 | 70.6843 | 0 | 28753
PACZ | Range_Large | 69 | 737115 | 8670616537891668 | 8.74265 | 70.6843 | 0 | 59509
PACZ | Range_Large | 70 | 371581 | 4269088543010973 | 4.28597 | 70.6843 | 0 | 29701
PACZ | Range_Large | 71 | 567447 | 6754596173837748 | 6.69861 | 70.6843 | 0 | 46225
PACZ | Range_Large | 72 | 708936 | 8357965693050240 | 8.33797 | 70.6843 | 0 | 57209
PACZ | Range_Large | 73 | 476664 | 5707215233948595 | 5.71402 | 70.6843 | 0 | 38973
PACZ | Range_Large | 74 | 561851 | 6692576253018636 | 6.65466 | 70.6843 | 0 | 45817
PACZ | Range_Large | 75 | 488538 | 5824914674280453 | 6.00902 | 70.6843 | 0 | 39927
PACZ | Range_Large | 76 | 720825 | 8502524947149030 | 8.65332 | 70.6843 | 0 | 58173
PACZ | Range_Large | 77 | 465449 | 5438303903032518 | 5.39271 | 70.6843 | 0 | 37089
PACZ | Range_Large | 78 | 442298 | 5186589319479690 | 5.10168 | 70.6843 | 0 | 35291
PACZ | Range_Large | 79 | 576560 | 6859324662307317 | 6.81766 | 70.6843 | 0 | 46821
PACZ | Range_Large | 80 | 519810 | 6191731167090954 | 6.16463 | 70.6843 | 0 | 42459
PACZ | Range_Large | 81 | 633130 | 7410169614738900 | 7.51734 | 70.6843 | 0 | 51933
PACZ | Range_Large | 82 | 424413 | 4837744648215693 | 5.10661 | 70.6843 | 0 | 35247
PACZ | Range_Large | 83 | 715222 | 8425192747988472 | 8.45567 | 70.6843 | 0 | 57783
PACZ | Range_Large | 84 | 570251 | 6787266370282701 | 6.7486 | 70.6843 | 0 | 46439
PACZ | Range_Large | 85 | 722377 | 8505105904640157 | 8.53435 | 70.6843 | 0 | 58381
PACZ | Range_Large | 86 | 757201 | 8857583758717779 | 8.91002 | 70.6843 | 0 | 61081
PACZ | Range_Large | 87 | 305416 | 3471053282621652 | 3.67737 | 70.6843 | 0 | 25665
PACZ | Range_Large | 88 | 344816 | 3927793380055818 | 4.17868 | 70.6843 | 0 | 28851
PACZ | Range_Large | 89 | 678044 | 8009285136480471 | 8.05863 | 70.6843 | 0 | 55023
PACZ | Range_Large | 90 | 568646 | 6769434323764485 | 6.74438 | 70.6843 | 0 | 46331
PACZ | Range_Large | 91 | 345552 | 3936600045001599 | 4.1093 | 70.6843 | 0 | 28973
PACZ | Range_Large | 92 | 472858 | 5522045418752100 | 5.46034 | 70.6843 | 0 | 37781
PACZ | Range_Large | 93 | 541324 | 6340080824699412 | 6.37968 | 70.6843 | 0 | 43875
PACZ | Range_Large | 94 | 652747 | 7651852453128663 | 7.73398 | 70.6843 | 0 | 52829
PACZ | Range_Large | 95 | 475339 | 5539869602381976 | 5.46328 | 70.6843 | 0 | 37865
PACZ | Range_Large | 96 | 524023 | 6269280123793131 | 6.20834 | 70.6843 | 0 | 42743
PACZ | Range_Large | 97 | 515977 | 6148632646224588 | 6.11663 | 70.6843 | 0 | 42161
PACZ | Range_Large | 98 | 518086 | 6171587430653433 | 6.12799 | 70.6843 | 0 | 42285
PACZ | Range_Large | 99 | 570348 | 6791268932235258 | 6.77236 | 70.6843 | 0 | 46465
PACZ | kNN_10 | 0 | 10 | 60968438607 | 0.0636578 | 70.6843 | 0 | 480
PACZ | kNN_10 | 1 | 10 | 126348924765 | 0.044028 | 70.6843 | 0 | 394
PACZ | kNN_10 | 2 | 10 | 114599802480 | 0.0326633 | 70.6843 | 0 | 322
PACZ | kNN_10 | 3 | 10 | 126434686236 | 0.0703335 | 70.6843 | 0 | 589
PACZ | kNN_10 | 4 | 10 | 129052893057 | 0.0413259 | 70.6843 | 0 | 326
PACZ | kNN_10 | 5 | 10 | 119736155736 | 0.0619888 | 70.6843 | 0 | 521
PACZ | kNN_10 | 6 | 10 | 119304647682 | 0.0393391 | 70.6843 | 0 | 286
PACZ | kNN_10 | 7 | 10 | 119994464322 | 0.0420411 | 70.6843 | 0 | 319
PACZ | kNN_10 | 8 | 10 | 148395223800 | 0.0466506 | 70.6843 | 0 | 411
PACZ | kNN_10 | 9 | 10 | 130168848657 | 0.0507037 | 70.6843 | 0 | 357
PACZ | kNN_10 | 10 | 10 | 90151487442 | 0.0473658 | 70.6843 | 0 | 363
PACZ | kNN_10 | 11 | 10 | 111953768196 | 0.0279744 | 70.6843 | 0 | 246
PACZ | kNN_10 | 12 | 10 | 123092245317 | 0.0406106 | 70.6843 | 0 | 334
PACZ | kNN_10 | 13 | 10 | 125384513445 | 0.037988 | 70.6843 | 0 | 299
PACZ | kNN_10 | 14 | 10 | 137336426946 | 0.0143846 | 70.6843 | 0 | 125
PACZ | kNN_10 | 15 | 10 | 156442710696 | 0.0516574 | 70.6843 | 0 | 360
PACZ | kNN_10 | 16 | 10 | 57703174233 | 0.0296434 | 70.6843 | 0 | 225
PACZ | kNN_10 | 17 | 10 | 120068185251 | 0.0439485 | 70.6843 | 0 | 310
PACZ | kNN_10 | 18 | 10 | 118556736108 | 0.0639757 | 70.6843 | 0 | 503
PACZ | kNN_10 | 19 | 10 | 102552825720 | 0.0296434 | 70.6843 | 0 | 289
PACZ | kNN_10 | 20 | 10 | 145284701739 | 0.0563463 | 70.6843 | 0 | 402
PACZ | kNN_10 | 21 | 10 | 120103097868 | 0.0549952 | 70.6843 | 0 | 440
PACZ | kNN_10 | 22 | 10 | 130066997934 | 0.0543594 | 70.6843 | 0 | 458
PACZ | kNN_10 | 23 | 10 | 126433619280 | 0.0610352 | 70.6843 | 0 | 590
PACZ | kNN_10 | 24 | 10 | 135632928003 | 0.0490348 | 70.6843 | 0 | 446
PACZ | kNN_10 | 25 | 10 | 60971157993 | 0.0596046 | 70.6843 | 0 | 573
PACZ | kNN_10 | 26 | 10 | 128228043702 | 0.0522931 | 70.6843 | 0 | 488
PACZ | kNN_10 | 27 | 10 | 90151683192 | 0.0486374 | 70.6843 | 0 | 350
PACZ | kNN_10 | 28 | 10 | 111842862738 | 0.0629425 | 70.6843 | 0 | 477
PACZ | kNN_10 | 29 | 10 | 99931559844 | 0.0323455 | 70.6843 | 0 | 289
PACZ | kNN_10 | 30 | 10 | 123093705927 | 0.0360012 | 70.6843 | 0 | 295
PACZ | kNN_10 | 31 | 10 | 105664081533 | 0.0356833 | 70.6843 | 0 | 332
PACZ | kNN_10 | 32 | 10 | 96068235705 | 0.0493526 | 70.6843 | 0 | 443
PACZ | kNN_10 | 33 | 10 | 138813188517 | 0.0452995 | 70.6843 | 0 | 443
PACZ | kNN_10 | 34 | 10 | 139842006450 | 0.0656446 | 70.6843 | 0 | 518
PACZ | kNN_10 | 35 | 10 | 120441022767 | 0.0413259 | 70.6843 | 0 | 313
PACZ | kNN_10 | 36 | 10 | 103560244164 | 0.00270208 | 70.6843 | 0 | 22
PACZ | kNN_10 | 37 | 10 | 129556796898 | 0.0576973 | 70.6843 | 0 | 493
PACZ | kNN_10 | 38 | 10 | 105680651421 | 0.0252724 | 70.6843 | 0 | 206
PACZ | kNN_10 | 39 | 10 | 119994462351 | 0.0480016 | 70.6843 | 0 | 357
PACZ | kNN_10 | 40 | 10 | 150940979817 | 0.0253518 | 70.6843 | 0 | 209
PACZ | kNN_10 | 41 | 10 | 122029528047 | 0.0390212 | 70.6843 | 0 | 278
PACZ | kNN_10 | 42 | 10 | 137333854242 | 0.0206629 | 70.6843 | 0 | 160
PACZ | kNN_10 | 43 | 10 | 127120434837 | 0.0456969 | 70.6843 | 0 | 380
PACZ | kNN_10 | 44 | 10 | 120457784715 | 0.0360012 | 70.6843 | 0 | 303
PACZ | kNN_10 | 45 | 10 | 138180445404 | 0.0367165 | 70.6843 | 0 | 287
PACZ | kNN_10 | 46 | 10 | 35015501073 | 0.0360012 | 70.6843 | 0 | 287
PACZ | kNN_10 | 47 | 10 | 127120422090 | 0.0487169 | 70.6843 | 0 | 418
PACZ | kNN_10 | 48 | 10 | 158689952559 | 0.0530084 | 70.6843 | 0 | 393
PACZ | kNN_10 | 49 | 10 | 102699843246 | 0.0463327 | 70.6843 | 0 | 394
PACZ | kNN_10 | 50 | 10 | 27146384184 | 0.0543594 | 70.6843 | 0 | 480
PACZ | kNN_10 | 51 | 10 | 130128553827 | 0.0519753 | 70.6843 | 0 | 432
PACZ | kNN_10 | 52 | 10 | 137860196655 | 0.0437101 | 70.6843 | 0 | 352
PACZ | kNN_10 | 53 | 10 | 129026098509 | 0.0332991 | 70.6843 | 0 | 342
PACZ | kNN_10 | 54 | 10 | 127873259043 | 0.0509421 | 70.6843 | 0 | 431
PACZ | kNN_10 | 55 | 10 | 126370726374 | 0.0446637 | 70.6843 | 0 | 341
PACZ | kNN_10 | 56 | 10 | 129116921112 | 0.0340144 | 70.6843 | 0 | 276
PACZ | kNN_10 | 57 | 10 | 137321088780 | 0.017643 | 70.6843 | 0 | 137
PACZ | kNN_10 | 58 | 10 | 130792342749 | 0.0472864 | 70.6843 | 0 | 396
PACZ | kNN_10 | 59 | 10 | 119470526610 | 0.0302792 | 70.6843 | 0 | 283
PACZ | kNN_10 | 60 | 10 | 118728128409 | 0.0386238 | 70.6843 | 0 | 325
PACZ | kNN_10 | 61 | 10 | 131426532315 | 0.0316302 | 70.6843 | 0 | 302
PACZ | kNN_10 | 62 | 10 | 92985738810 | 0.0463327 | 70.6843 | 0 | 402
PACZ | kNN_10 | 63 | 10 | 129857009226 | 0.0503858 | 70.6843 | 0 | 422
PACZ | kNN_10 | 64 | 10 | 146134451436 | 0.042359 | 70.6843 | 0 | 394
PACZ | kNN_10 | 65 | 10 | 129845742399 | 0.0499884 | 70.6843 | 0 | 454
PACZ | kNN_10 | 66 | 10 | 148395720087 | 0.0463327 | 70.6843 | 0 | 416
PACZ | kNN_10 | 67 | 10 | 30398631108 | 0.0186761 | 70.6843 | 0 | 185
PACZ | kNN_10 | 68 | 10 | 119130048687 | 0.0676314 | 70.6843 | 0 | 579
PACZ | kNN_10 | 69 | 10 | 146072834325 | 0.036637 | 70.6843 | 0 | 315
PACZ | kNN_10 | 70 | 10 | 120450259671 | 0.0170072 | 70.6843 | 0 | 162
PACZ | kNN_10 | 71 | 10 | 95996175765 | 0.0346502 | 70.6843 | 0 | 278
PACZ | kNN_10 | 72 | 10 | 119287361508 | 0.0339349 | 70.6843 | 0 | 271
PACZ | kNN_10 | 73 | 10 | 102452747928 | 0.0516574 | 70.6843 | 0 | 355
PACZ | kNN_10 | 74 | 10 | 137321088501 | 0.0127157 | 70.6843 | 0 | 104
PACZ | kNN_10 | 75 | 10 | 89174787579 | 0.0403722 | 70.6843 | 0 | 339
PACZ | kNN_10 | 76 | 10 | 139931506344 | 0.0526905 | 70.6843 | 0 | 452
PACZ | kNN_10 | 77 | 10 | 129459032760 | 0.0400543 | 70.6843 | 0 | 382
PACZ | kNN_10 | 78 | 10 | 104476889955 | 0.0443459 | 70.6843 | 0 | 393
PACZ | kNN_10 | 79 | 10 | 139807611411 | 0.044028 | 70.6843 | 0 | 391
PACZ | kNN_10 | 80 | 10 | 129792212988 | 0.0317097 | 70.6843 | 0 | 335
PACZ | kNN_10 | 81 | 10 | 105292129626 | 0.0350475 | 70.6843 | 0 | 314
PACZ | kNN_10 | 82 | 10 | 119994942567 | 0.0483195 | 70.6843 | 0 | 355
PACZ | kNN_10 | 83 | 10 | 135635735709 | 0.0689824 | 70.6843 | 0 | 601
PACZ | kNN_10 | 84 | 10 | 47916052488 | 0.036637 | 70.6843 | 0 | 335
PACZ | kNN_10 | 85 | 10 | 104090464236 | 0.0417233 | 70.6843 | 0 | 373
PACZ | kNN_10 | 86 | 10 | 71922212343 | 0.0513395 | 70.6843 | 0 | 449
PACZ | kNN_10 | 87 | 10 | 130941501822 | 0.0339349 | 70.6843 | 0 | 353
PACZ | kNN_10 | 88 | 10 | 90151491912 | 0.0452995 | 70.6843 | 0 | 355
PACZ | kNN_10 | 89 | 10 | 127871887758 | 0.0756582 | 70.6843 | 0 | 635
PACZ | kNN_10 | 90 | 10 | 129824898210 | 0.04673 | 70.6843 | 0 | 436
PACZ | kNN_10 | 91 | 10 | 130039697385 | 0.0433127 | 70.6843 | 0 | 407
PACZ | kNN_10 | 92 | 10 | 120441026430 | 0.0416438 | 70.6843 | 0 | 305
PACZ | kNN_10 | 93 | 10 | 119270738097 | 0.0267029 | 70.6843 | 0 | 274
PACZ | kNN_10 | 94 | 10 | 128976165081 | 0.0399748 | 70.6843 | 0 | 384
PACZ | kNN_10 | 95 | 10 | 126314737746 | 0.0420411 | 70.6843 | 0 | 407
PACZ | kNN_10 | 96 | 10 | 126161428926 | 0.0496705 | 70.6843 | 0 | 408
PACZ | kNN_10 | 97 | 10 | 124248497097 | 0.0713666 | 70.6843 | 0 | 624
PACZ | kNN_10 | 98 | 10 | 137207345181 | 0.0420411 | 70.6843 | 0 | 398
PACZ | kNN_10 | 99 | 10 | 145298973510 | 0.037988 | 70.6843 | 0 | 318
PACZ | kNN_100 | 0 | 100 | 912353455611 | 0.330687 | 70.6843 | 0 | 952
PACZ | kNN_100 | 1 | 100 | 1263294722223 | 0.302633 | 70.6843 | 0 | 823
PACZ | kNN_100 | 2 | 100 | 1145976296772 | 0.285943 | 70.6843 | 0 | 738
PACZ | kNN_100 | 3 | 100 | 1264346278854 | 0.365337 | 70.6843 | 0 | 1007
PACZ | kNN_100 | 4 | 100 | 1410964540017 | 0.254711 | 70.6843 | 0 | 608
PACZ | kNN_100 | 5 | 100 | 1248706407357 | 0.360012 | 70.6843 | 0 | 958
PACZ | kNN_100 | 6 | 100 | 1193048685981 | 0.212987 | 70.6843 | 0 | 546
PACZ | kNN_100 | 7 | 100 | 1199943854598 | 0.23365 | 70.6843 | 0 | 533
PACZ | kNN_100 | 8 | 100 | 1483957953750 | 0.250657 | 70.6843 | 0 | 709
PACZ | kNN_100 | 9 | 100 | 1301693379741 | 0.299056 | 70.6843 | 0 | 657
PACZ | kNN_100 | 10 | 100 | 901515703908 | 0.281334 | 70.6843 | 0 | 655
PACZ | kNN_100 | 11 | 100 | 1109279270631 | 0.154654 | 70.6843 | 0 | 426
PACZ | kNN_100 | 12 | 100 | 1221407021790 | 0.223716 | 70.6843 | 0 | 582
PACZ | kNN_100 | 13 | 100 | 1253847223782 | 0.212987 | 70.6843 | 0 | 546
PACZ | kNN_100 | 14 | 100 | 1373364268752 | 0.0700156 | 70.6843 | 0 | 178
PACZ | kNN_100 | 15 | 100 | 1561139302233 | 0.236034 | 70.6843 | 0 | 586
PACZ | kNN_100 | 16 | 100 | 538467184674 | 0.128349 | 70.6843 | 0 | 332
PACZ | kNN_100 | 17 | 100 | 1199472236217 | 0.20202 | 70.6843 | 0 | 456
PACZ | kNN_100 | 18 | 100 | 1187369179827 | 0.310024 | 70.6843 | 0 | 842
PACZ | kNN_100 | 19 | 100 | 1025528405166 | 0.176032 | 70.6843 | 0 | 578
PACZ | kNN_100 | 20 | 100 | 1359863944740 | 0.251373 | 70.6843 | 0 | 651
PACZ | kNN_100 | 21 | 100 | 1201030370472 | 0.311375 | 70.6843 | 0 | 796
PACZ | kNN_100 | 22 | 100 | 1288895376048 | 0.274658 | 70.6843 | 0 | 802
PACZ | kNN_100 | 23 | 100 | 1264339221027 | 0.342687 | 70.6843 | 0 | 1051
PACZ | kNN_100 | 24 | 100 | 1356329311302 | 0.279347 | 70.6843 | 0 | 798
PACZ | kNN_100 | 25 | 100 | 764402408076 | 0.313361 | 70.6843 | 0 | 1082
PACZ | kNN_100 | 26 | 100 | 1019969017611 | 0.280301 | 70.6843 | 0 | 964
PACZ | kNN_100 | 27 | 100 | 901516553205 | 0.244697 | 70.6843 | 0 | 621
PACZ | kNN_100 | 28 | 100 | 1179846787689 | 0.297626 | 70.6843 | 0 | 906
PACZ | kNN_100 | 29 | 100 | 1035209409732 | 0.154972 | 70.6843 | 0 | 542
PACZ | kNN_100 | 30 | 100 | 1242507427569 | 0.184059 | 70.6843 | 0 | 557
PACZ | kNN_100 | 31 | 100 | 1056640839885 | 0.185728 | 70.6843 | 0 | 598
PACZ | kNN_100 | 32 | 100 | 1049858825985 | 0.209649 | 70.6843 | 0 | 712
PACZ | kNN_100 | 33 | 100 | 1127716975128 | 0.269334 | 70.6843 | 0 | 900
PACZ | kNN_100 | 34 | 100 | 1398420028878 | 0.313679 | 70.6843 | 0 | 901
PACZ | kNN_100 | 35 | 100 | 1203337334601 | 0.182708 | 70.6843 | 0 | 489
PACZ | kNN_100 | 36 | 100 | 984829006362 | 0.0106494 | 70.6843 | 0 | 44
PACZ | kNN_100 | 37 | 100 | 1257599930283 | 0.275294 | 70.6843 | 0 | 937
PACZ | kNN_100 | 38 | 100 | 1118398017831 | 0.108639 | 70.6843 | 0 | 337
PACZ | kNN_100 | 39 | 100 | 1199944654395 | 0.208616 | 70.6843 | 0 | 584
PACZ | kNN_100 | 40 | 100 | 1421182030947 | 0.145992 | 70.6843 | 0 | 354
PACZ | kNN_100 | 41 | 100 | 1220321561976 | 0.174363 | 70.6843 | 0 | 493
PACZ | kNN_100 | 42 | 100 | 1373328332703 | 0.0890096 | 70.6843 | 0 | 255
PACZ | kNN_100 | 43 | 100 | 1230654163548 | 0.318289 | 70.6843 | 0 | 802
PACZ | kNN_100 | 44 | 100 | 1204577822364 | 0.169277 | 70.6843 | 0 | 491
PACZ | kNN_100 | 45 | 100 | 1381808933145 | 0.219345 | 70.6843 | 0 | 515
PACZ | kNN_100 | 46 | 100 | 484376284869 | 0.157992 | 70.6843 | 0 | 511
PACZ | kNN_100 | 47 | 100 | 1271204223450 | 0.286023 | 70.6843 | 0 | 846
PACZ | kNN_100 | 48 | 100 | 1586899519728 | 0.23063 | 70.6843 | 0 | 607
PACZ | kNN_100 | 49 | 100 | 1038911065785 | 0.2443 | 70.6843 | 0 | 765
PACZ | kNN_100 | 50 | 100 | 623649505572 | 0.239372 | 70.6843 | 0 | 807
PACZ | kNN_100 | 51 | 100 | 1255551787011 | 0.241041 | 70.6843 | 0 | 789
PACZ | kNN_100 | 52 | 100 | 1008468717552 | 0.178973 | 70.6843 | 0 | 580
PACZ | kNN_100 | 53 | 100 | 1294474945719 | 0.253677 | 70.6843 | 0 | 637
PACZ | kNN_100 | 54 | 100 | 1273182309954 | 0.289996 | 70.6843 | 0 | 855
PACZ | kNN_100 | 55 | 100 | 1238434924161 | 0.226974 | 70.6843 | 0 | 562
PACZ | kNN_100 | 56 | 100 | 1304336504298 | 0.150998 | 70.6843 | 0 | 435
PACZ | kNN_100 | 57 | 100 | 1373270425299 | 0.077645 | 70.6843 | 0 | 206
PACZ | kNN_100 | 58 | 100 | 1232399217381 | 0.231663 | 70.6843 | 0 | 751
PACZ | kNN_100 | 59 | 100 | 1251733362540 | 0.158946 | 70.6843 | 0 | 428
PACZ | kNN_100 | 60 | 100 | 1202620804443 | 0.199318 | 70.6843 | 0 | 622
PACZ | kNN_100 | 61 | 100 | 1329981137493 | 0.153065 | 70.6843 | 0 | 483
PACZ | kNN_100 | 62 | 100 | 1272106865046 | 0.209014 | 70.6843 | 0 | 704
PACZ | kNN_100 | 63 | 100 | 1298770893159 | 0.266314 | 70.6843 | 0 | 826
PACZ | kNN_100 | 64 | 100 | 1420802633739 | 0.197013 | 70.6843 | 0 | 721
PACZ | kNN_100 | 65 | 100 | 1292159877006 | 0.285308 | 70.6843 | 0 | 790
PACZ | kNN_100 | 66 | 100 | 1417170935559 | 0.243664 | 70.6843 | 0 | 710
PACZ | kNN_100 | 67 | 100 | 731475516957 | 0.120958 | 70.6843 | 0 | 304
PACZ | kNN_100 | 68 | 100 | 1112945125959 | 0.357389 | 70.6843 | 0 | 1097
PACZ | kNN_100 | 69 | 100 | 1499018277795 | 0.209649 | 70.6843 | 0 | 544
PACZ | kNN_100 | 70 | 100 | 1189214436042 | 0.074625 | 70.6843 | 0 | 214
PACZ | kNN_100 | 71 | 100 | 959961760950 | 0.152667 | 70.6843 | 0 | 460
PACZ | kNN_100 | 72 | 100 | 1192873545264 | 0.185013 | 70.6843 | 0 | 430
PACZ | kNN_100 | 73 | 100 | 1024527516150 | 0.234286 | 70.6843 | 0 | 644
PACZ | kNN_100 | 74 | 100 | 1375252162827 | 0.0592868 | 70.6843 | 0 | 156
PACZ | kNN_100 | 75 | 100 | 521864697372 | 0.177304 | 70.6843 | 0 | 561
PACZ | kNN_100 | 76 | 100 | 1399315608438 | 0.308673 | 70.6843 | 0 | 827
PACZ | kNN_100 | 77 | 100 | 1139226490353 | 0.234683 | 70.6843 | 0 | 707
PACZ | kNN_100 | 78 | 100 | 1138901754942 | 0.207027 | 70.6843 | 0 | 759
PACZ | kNN_100 | 79 | 100 | 1398076137714 | 0.279665 | 70.6843 | 0 | 749
PACZ | kNN_100 | 80 | 100 | 1324750850607 | 0.187318 | 70.6843 | 0 | 663
PACZ | kNN_100 | 81 | 100 | 1179819424353 | 0.165383 | 70.6843 | 0 | 524
PACZ | kNN_100 | 82 | 100 | 1200083355345 | 0.200987 | 70.6843 | 0 | 533
PACZ | kNN_100 | 83 | 100 | 1405242913137 | 0.330607 | 70.6843 | 0 | 1082
PACZ | kNN_100 | 84 | 100 | 507378593973 | 0.18398 | 70.6843 | 0 | 613
PACZ | kNN_100 | 85 | 100 | 1057190891118 | 0.248035 | 70.6843 | 0 | 714
PACZ | kNN_100 | 86 | 100 | 1092384484287 | 0.289043 | 70.6843 | 0 | 852
PACZ | kNN_100 | 87 | 100 | 1341415768413 | 0.188669 | 70.6843 | 0 | 680
PACZ | kNN_100 | 88 | 100 | 901515648954 | 0.20798 | 70.6843 | 0 | 610
PACZ | kNN_100 | 89 | 100 | 1252986518634 | 0.3407 | 70.6843 | 0 | 1209
PACZ | kNN_100 | 90 | 100 | 1275461433786 | 0.292699 | 70.6843 | 0 | 909
PACZ | kNN_100 | 91 | 100 | 1293416025705 | 0.207345 | 70.6843 | 0 | 702
PACZ | kNN_100 | 92 | 100 | 1201787620401 | 0.229359 | 70.6843 | 0 | 476
PACZ | kNN_100 | 93 | 100 | 1192707330072 | 0.154336 | 70.6843 | 0 | 472
PACZ | kNN_100 | 94 | 100 | 1293363582633 | 0.342687 | 70.6843 | 0 | 731
PACZ | kNN_100 | 95 | 100 | 1263106411305 | 0.288725 | 70.6843 | 0 | 812
PACZ | kNN_100 | 96 | 100 | 1261614292848 | 0.257651 | 70.6843 | 0 | 839
PACZ | kNN_100 | 97 | 100 | 1250413869048 | 0.365337 | 70.6843 | 0 | 1128
PACZ | kNN_100 | 98 | 100 | 1372073456133 | 0.216007 | 70.6843 | 0 | 711
PACZ | kNN_100 | 99 | 100 | 1430792978235 | 0.212987 | 70.6843 | 0 | 605
