Algo | QType | QID | Count | Hash | Time_ms | Mem_Tree_MB | Mem_Delta_MB | Nodes
PACZ | Range_Small | 0 | 926 | 9223741758363 | 0.0373522 | 51.6998 | 0 | 355
PACZ | Range_Small | 1 | 12958 | 160631428422195 | 0.137329 | 51.6998 | 0 | 1519
PACZ | Range_Small | 2 | 4047 | 49847559539310 | 0.0576973 | 51.6998 | 0 | 743
PACZ | Range_Small | 3 | 108 | 1596493769301 | 0.00572205 | 51.6998 | 0 | 177
PACZ | Range_Small | 4 | 110 | 1581255788973 | 0.0113646 | 51.6998 | 0 | 209
PACZ | Range_Small | 5 | 705 | 7412434091046 | 0.0253518 | 51.6998 | 0 | 255
PACZ | Range_Small | 6 | 5759 | 72519643225344 | 0.0756582 | 51.6998 | 0 | 733
PACZ | Range_Small | 7 | 1012 | 12878216251398 | 0.0197093 | 51.6998 | 0 | 305
PACZ | Range_Small | 8 | 908 | 10827990242670 | 0.0170072 | 51.6998 | 0 | 339
PACZ | Range_Small | 9 | 5961 | 75027257976621 | 0.0793934 | 51.6998 | 0 | 827
PACZ | Range_Small | 10 | 1145 | 11852012527140 | 0.023365 | 51.6998 | 0 | 381
PACZ | Range_Small | 11 | 548 | 6729326762553 | 0.0113646 | 51.6998 | 0 | 269
PACZ | Range_Small | 12 | 507 | 6046080739788 | 0.00834465 | 51.6998 | 0 | 231
PACZ | Range_Small | 13 | 282 | 3538057984608 | 0.0103315 | 51.6998 | 0 | 247
PACZ | Range_Small | 14 | 21381 | 255286731831780 | 0.23969 | 51.6998 | 0 | 2181
PACZ | Range_Small | 15 | 21 | 290269537416 | 0.00532468 | 51.6998 | 0 | 169
PACZ | Range_Small | 16 | 53 | 651228875562 | 0.00405312 | 51.6998 | 0 | 175
PACZ | Range_Small | 17 | 17924 | 220803289562751 | 0.157674 | 51.6998 | 0 | 1879
PACZ | Range_Small | 18 | 21 | 290269537416 | 0.0046889 | 51.6998 | 0 | 157
PACZ | Range_Small | 19 | 760 | 9461182232406 | 0.0140667 | 51.6998 | 0 | 287
PACZ | Range_Small | 20 | 538 | 6474069015093 | 0.0126362 | 51.6998 | 0 | 309
PACZ | Range_Small | 21 | 900 | 10780851496470 | 0.011603 | 51.6998 | 0 | 281
PACZ | Range_Small | 22 | 600 | 6637988953437 | 0.0139872 | 51.6998 | 0 | 321
PACZ | Range_Small | 23 | 747 | 8502678177057 | 0.0123183 | 51.6998 | 0 | 259
PACZ | Range_Small | 24 | 325 | 3889755381456 | 0.00898043 | 51.6998 | 0 | 251
PACZ | Range_Small | 25 | 112 | 1114070974809 | 0.00635783 | 51.6998 | 0 | 199
PACZ | Range_Small | 26 | 10041 | 126092449167870 | 0.102997 | 51.6998 | 0 | 1211
PACZ | Range_Small | 27 | 211 | 2249634421563 | 0.0073115 | 51.6998 | 0 | 193
PACZ | Range_Small | 28 | 1520 | 16794308980251 | 0.0232855 | 51.6998 | 0 | 417
PACZ | Range_Small | 29 | 292 | 3631186471968 | 0.00866254 | 51.6998 | 0 | 235
PACZ | Range_Small | 30 | 776 | 6104247371259 | 0.017643 | 51.6998 | 0 | 345
PACZ | Range_Small | 31 | 490 | 5040720059970 | 0.0103315 | 51.6998 | 0 | 251
PACZ | Range_Small | 32 | 301 | 4110858439935 | 0.00834465 | 51.6998 | 0 | 221
PACZ | Range_Small | 33 | 1006 | 14063270589069 | 0.0143846 | 51.6998 | 0 | 315
PACZ | Range_Small | 34 | 478 | 4872359246832 | 0.0116825 | 51.6998 | 0 | 241
PACZ | Range_Small | 35 | 3275 | 39149671130712 | 0.0336965 | 51.6998 | 0 | 465
PACZ | Range_Small | 36 | 664 | 7781204556087 | 0.0120004 | 51.6998 | 0 | 273
PACZ | Range_Small | 37 | 22333 | 269161170369357 | 0.235717 | 51.6998 | 0 | 2201
PACZ | Range_Small | 38 | 131 | 1283312935278 | 0.00564257 | 51.6998 | 0 | 177
PACZ | Range_Small | 39 | 228 | 2511831968208 | 0.00905991 | 51.6998 | 0 | 215
PACZ | Range_Small | 40 | 595 | 7095499341654 | 0.00898043 | 51.6998 | 0 | 215
PACZ | Range_Small | 41 | 548 | 6701701073295 | 0.0103315 | 51.6998 | 0 | 237
PACZ | Range_Small | 42 | 598 | 7395571883085 | 0.0129541 | 51.6998 | 0 | 251
PACZ | Range_Small | 43 | 55 | 722901744003 | 0.00596046 | 51.6998 | 0 | 175
PACZ | Range_Small | 44 | 73 | 733756470297 | 0.00667572 | 51.6998 | 0 | 197
PACZ | Range_Small | 45 | 874 | 10257632837466 | 0.0196298 | 51.6998 | 0 | 373
PACZ | Range_Small | 46 | 1689 | 17841430843554 | 0.0206629 | 51.6998 | 0 | 375
PACZ | Range_Small | 47 | 437 | 4604223264333 | 0.0126362 | 51.6998 | 0 | 297
PACZ | Range_Small | 48 | 86 | 538920032523 | 0.00532468 | 51.6998 | 0 | 183
PACZ | Range_Small | 49 | 3939 | 51284645233818 | 0.0349681 | 51.6998 | 0 | 467
PACZ | Range_Small | 50 | 742 | 7652100549180 | 0.0306765 | 51.6998 | 0 | 377
PACZ | Range_Small | 51 | 502 | 5962133833116 | 0.022014 | 51.6998 | 0 | 251
PACZ | Range_Small | 52 | 62 | 391953311841 | 0.00532468 | 51.6998 | 0 | 185
PACZ | Range_Small | 53 | 170 | 1366059319746 | 0.00794729 | 51.6998 | 0 | 193
PACZ | Range_Small | 54 | 4553 | 55879229704359 | 0.0530084 | 51.6998 | 0 | 697
PACZ | Range_Small | 55 | 542 | 6801725156199 | 0.0116825 | 51.6998 | 0 | 261
PACZ | Range_Small | 56 | 1850 | 26193994927287 | 0.0387033 | 51.6998 | 0 | 453
PACZ | Range_Small | 57 | 8335 | 102837813845097 | 0.113646 | 51.6998 | 0 | 1027
PACZ | Range_Small | 58 | 903 | 12290983706391 | 0.0223319 | 51.6998 | 0 | 343
PACZ | Range_Small | 59 | 560 | 6295291945692 | 0.022014 | 51.6998 | 0 | 373
PACZ | Range_Small | 60 | 5294 | 67807994375529 | 0.0666777 | 51.6998 | 0 | 781
PACZ | Range_Small | 61 | 1725 | 24222808408653 | 0.0347296 | 51.6998 | 0 | 439
PACZ | Range_Small | 62 | 1244 | 8002489376310 | 0.0283718 | 51.6998 | 0 | 339
PACZ | Range_Small | 63 | 1177 | 14123893981464 | 0.015974 | 51.6998 | 0 | 289
PACZ | Range_Small | 64 | 449 | 6265721648061 | 0.00866254 | 51.6998 | 0 | 211
PACZ | Range_Small | 65 | 2961 | 35809220532369 | 0.0483195 | 51.6998 | 0 | 505
PACZ | Range_Small | 66 | 998 | 10938447592713 | 0.0162919 | 51.6998 | 0 | 307
PACZ | Range_Small | 67 | 1843 | 19523320059636 | 0.0209808 | 51.6998 | 0 | 347
PACZ | Range_Small | 68 | 2713 | 35147806371009 | 0.0320276 | 51.6998 | 0 | 489
PACZ | Range_Small | 69 | 1114 | 10245436016712 | 0.0243982 | 51.6998 | 0 | 321
PACZ | Range_Small | 70 | 1892 | 23081174841486 | 0.0290076 | 51.6998 | 0 | 423
PACZ | Range_Small | 71 | 1082 | 13391781394422 | 0.0297228 | 51.6998 | 0 | 377
PACZ | Range_Small | 72 | 2377 | 30945822506358 | 0.0316302 | 51.6998 | 0 | 413
PACZ | Range_Small | 73 | 1846 | 22447298034195 | 0.0290076 | 51.6998 | 0 | 395
PACZ | Range_Small | 74 | 24211 | 293674559503395 | 0.283718 | 51.6998 | 0 | 2423
PACZ | Range_Small | 75 | 984 | 11758218480135 | 0.0170072 | 51.6998 | 0 | 259
PACZ | Range_Small | 76 | 68 | 704580276168 | 0.00762939 | 51.6998 | 0 | 111
PACZ | Range_Small | 77 | 1002 | 9286383529719 | 0.0267029 | 51.6998 | 0 | 397
PACZ | Range_Small | 78 | 892 | 8898615689145 | 0.0199477 | 51.6998 | 0 | 335
PACZ | Range_Small | 79 | 313 | 3485675317956 | 0.0143051 | 51.6998 | 0 | 229
PACZ | Range_Small | 80 | 902 | 11007865475973 | 0.0180403 | 51.6998 | 0 | 307
PACZ | Range_Small | 81 | 1435 | 14850411000726 | 0.0259876 | 51.6998 | 0 | 407
PACZ | Range_Small | 82 | 2131 | 26270380921374 | 0.0393391 | 51.6998 | 0 | 427
PACZ | Range_Small | 83 | 330 | 4052999327220 | 0.0126362 | 51.6998 | 0 | 243
PACZ | Range_Small | 84 | 644 | 7714299807528 | 0.0143846 | 51.6998 | 0 | 235
PACZ | Range_Small | 85 | 1947 | 17641017574464 | 0.0309944 | 51.6998 | 0 | 427
PACZ | Range_Small | 86 | 456 | 6406493674764 | 0.0073115 | 51.6998 | 0 | 179
PACZ | Range_Small | 87 | 115 | 1109218299429 | 0.00437101 | 51.6998 | 0 | 151
PACZ | Range_Small | 88 | 3921 | 53985907973190 | 0.0572999 | 51.6998 | 0 | 623
PACZ | Range_Small | 89 | 2395 | 30515009950047 | 0.0302792 | 51.6998 | 0 | 475
PACZ | Range_Small | 90 | 1369 | 16734231978498 | 0.018994 | 51.6998 | 0 | 351
PACZ | Range_Small | 91 | 1211 | 13232235090522 | 0.0177224 | 51.6998 | 0 | 323
PACZ | Range_Small | 92 | 2548 | 26629059197856 | 0.0309944 | 51.6998 | 0 | 493
PACZ | Range_Small | 93 | 6268 | 81722029449411 | 0.0633399 | 51.6998 | 0 | 803
PACZ | Range_Small | 94 | 12204 | 153240513780186 | 0.128349 | 51.6998 | 0 | 1387
PACZ | Range_Small | 95 | 1192 | 18045888041355 | 0.0253518 | 51.6998 | 0 | 377
PACZ | Range_Small | 96 | 292 | 4067209694694 | 0.00564257 | 51.6998 | 0 | 169
PACZ | Range_Small | 97 | 956 | 10373986807122 | 0.0149409 | 51.6998 | 0 | 303
PACZ | Range_Small | 98 | 4702 | 57407363395206 | 0.056982 | 51.6998 | 0 | 789
PACZ | Range_Small | 99 | 16096 | 200288551100520 | 0.163317 | 51.6998 | 0 | 1773
PACZ | Range_Medium | 0 | 46295 | 649638679388391 | 0.503937 | 51.6998 | 0 | 4141
PACZ | Range_Medium | 1 | 41648 | 454516111853088 | 0.495672 | 51.6998 | 0 | 3953
PACZ | Range_Medium | 2 | 23700 | 268721288821764 | 0.220617 | 51.6998 | 0 | 2371
PACZ | Range_Medium | 3 | 112964 | 1341576644476470 | 1.32465 | 51.6998 | 0 | 9301
PACZ | Range_Medium | 4 | 2983 | 32511569147100 | 0.0483195 | 51.6998 | 0 | 545
PACZ | Range_Medium | 5 | 4549 | 36211850116608 | 0.0417233 | 51.6998 | 0 | 575
PACZ | Range_Medium | 6 | 3278 | 33598021135884 | 0.0320276 | 51.6998 | 0 | 527
PACZ | Range_Medium | 7 | 27128 | 322778300214102 | 0.279029 | 51.6998 | 0 | 2577
PACZ | Range_Medium | 8 | 21907 | 238487133598506 | 0.218312 | 51.6998 | 0 | 2199
PACZ | Range_Medium | 9 | 4621 | 37033764421536 | 0.0536442 | 51.6998 | 0 | 595
PACZ | Range_Medium | 10 | 44865 | 535804389611061 | 0.46428 | 51.6998 | 0 | 3925
PACZ | Range_Medium | 11 | 16171 | 207973689231240 | 0.15672 | 51.6998 | 0 | 1763
PACZ | Range_Medium | 12 | 59028 | 696552566323686 | 0.681718 | 51.6998 | 0 | 5155
PACZ | Range_Medium | 13 | 111042 | 1314904923832206 | 1.1313 | 51.6998 | 0 | 9239
PACZ | Range_Medium | 14 | 113895 | 1356517410898857 | 1.12303 | 51.6998 | 0 | 9427
PACZ | Range_Medium | 15 | 95269 | 1136956229379771 | 0.932693 | 51.6998 | 0 | 8019
PACZ | Range_Medium | 16 | 23703 | 272616837117444 | 0.202656 | 51.6998 | 0 | 2297
PACZ | Range_Medium | 17 | 10710 | 142969758736077 | 0.101328 | 51.6998 | 0 | 1207
PACZ | Range_Medium | 18 | 39620 | 430511311965600 | 0.360012 | 51.6998 | 0 | 3571
PACZ | Range_Medium | 19 | 29093 | 418639795163316 | 0.269969 | 51.6998 | 0 | 2839
PACZ | Range_Medium | 20 | 21515 | 260975854097466 | 0.200987 | 51.6998 | 0 | 2139
PACZ | Range_Medium | 21 | 65071 | 758489667836817 | 0.662009 | 51.6998 | 0 | 5727
PACZ | Range_Medium | 22 | 1172 | 12840959536845 | 0.022014 | 51.6998 | 0 | 385
PACZ | Range_Medium | 23 | 114118 | 1358336184879849 | 1.14497 | 51.6998 | 0 | 9403
PACZ | Range_Medium | 24 | 31008 | 320214360231666 | 0.298341 | 51.6998 | 0 | 2871
PACZ | Range_Medium | 25 | 18128 | 198903207824601 | 0.180642 | 51.6998 | 0 | 1895
PACZ | Range_Medium | 26 | 111787 | 1327463838372543 | 1.18033 | 51.6998 | 0 | 9289
PACZ | Range_Medium | 27 | 18590 | 248325526850460 | 0.183344 | 51.6998 | 0 | 1983
PACZ | Range_Medium | 28 | 28809 | 304724829746610 | 0.266949 | 51.6998 | 0 | 2681
PACZ | Range_Medium | 29 | 16108 | 186260958694563 | 0.134309 | 51.6998 | 0 | 1687
PACZ | Range_Medium | 30 | 61296 | 630720583864542 | 0.651677 | 51.6998 | 0 | 5415
PACZ | Range_Medium | 31 | 4790 | 61230381025779 | 0.0546773 | 51.6998 | 0 | 709
PACZ | Range_Medium | 32 | 10958 | 129341285306583 | 0.103315 | 51.6998 | 0 | 1163
PACZ | Range_Medium | 33 | 35848 | 364199708476863 | 0.34229 | 51.6998 | 0 | 3183
PACZ | Range_Medium | 34 | 25244 | 289656722715573 | 0.252326 | 51.6998 | 0 | 2453
PACZ | Range_Medium | 35 | 14213 | 169327254101172 | 0.145992 | 51.6998 | 0 | 1579
PACZ | Range_Medium | 36 | 12558 | 164282022223779 | 0.1297 | 51.6998 | 0 | 1393
PACZ | Range_Medium | 37 | 19660 | 228363185400375 | 0.188351 | 51.6998 | 0 | 2003
PACZ | Range_Medium | 38 | 42573 | 566198718800103 | 0.414928 | 51.6998 | 0 | 3725
PACZ | Range_Medium | 39 | 50385 | 614588668614018 | 0.476599 | 51.6998 | 0 | 4475
PACZ | Range_Medium | 40 | 33044 | 336600791352864 | 0.321388 | 51.6998 | 0 | 3035
PACZ | Range_Medium | 41 | 20706 | 260879778113280 | 0.209967 | 51.6998 | 0 | 1995
PACZ | Range_Medium | 42 | 29043 | 349816928954073 | 0.317017 | 51.6998 | 0 | 2763
PACZ | Range_Medium | 43 | 6593 | 80423131841397 | 0.0712872 | 51.6998 | 0 | 865
PACZ | Range_Medium | 44 | 43711 | 572085777436830 | 0.44934 | 51.6998 | 0 | 3835
PACZ | Range_Medium | 45 | 26468 | 326238353069850 | 0.272671 | 51.6998 | 0 | 2823
PACZ | Range_Medium | 46 | 52381 | 572099065316865 | 0.554323 | 51.6998 | 0 | 4749
PACZ | Range_Medium | 47 | 36940 | 453856761729987 | 0.355641 | 51.6998 | 0 | 3371
PACZ | Range_Medium | 48 | 23317 | 307731780468660 | 0.224034 | 51.6998 | 0 | 2199
PACZ | Range_Medium | 49 | 24000 | 288844792594071 | 0.244697 | 51.6998 | 0 | 2427
PACZ | Range_Medium | 50 | 77278 | 877559337075765 | 0.863314 | 51.6998 | 0 | 6819
PACZ | Range_Medium | 51 | 8596 | 111445390064889 | 0.0879765 | 51.6998 | 0 | 1007
PACZ | Range_Medium | 52 | 23160 | 308820880251912 | 0.228961 | 51.6998 | 0 | 2179
PACZ | Range_Medium | 53 | 24942 | 284710538133432 | 0.260989 | 51.6998 | 0 | 2387
PACZ | Range_Medium | 54 | 27272 | 300898678474305 | 0.263055 | 51.6998 | 0 | 2545
PACZ | Range_Medium | 55 | 2758 | 32001807583359 | 0.0300407 | 51.6998 | 0 | 411
PACZ | Range_Medium | 56 | 62815 | 654872107831209 | 0.662009 | 51.6998 | 0 | 5601
PACZ | Range_Medium | 57 | 7582 | 92203771786254 | 0.0800292 | 51.6998 | 0 | 907
PACZ | Range_Medium | 58 | 99415 | 1188139088618292 | 1.06939 | 51.6998 | 0 | 8301
PACZ | Range_Medium | 59 | 15913 | 204970044532212 | 0.160694 | 51.6998 | 0 | 1741
PACZ | Range_Medium | 60 | 105753 | 1254106599680223 | 1.14799 | 51.6998 | 0 | 8985
PACZ | Range_Medium | 61 | 26388 | 305055929462910 | 0.2563 | 51.6998 | 0 | 2571
PACZ | Range_Medium | 62 | 27669 | 295255561411914 | 0.272989 | 51.6998 | 0 | 2575
PACZ | Range_Medium | 63 | 2940 | 22519096155420 | 0.0389417 | 51.6998 | 0 | 505
PACZ | Range_Medium | 64 | 113384 | 1351594200334581 | 1.25599 | 51.6998 | 0 | 9419
PACZ | Range_Medium | 65 | 27248 | 316847612824434 | 0.255346 | 51.6998 | 0 | 2527
PACZ | Range_Medium | 66 | 9163 | 103040602426599 | 0.0916322 | 51.6998 | 0 | 969
PACZ | Range_Medium | 67 | 1121 | 6904516410498 | 0.0173251 | 51.6998 | 0 | 277
PACZ | Range_Medium | 68 | 110062 | 1304094510803535 | 1.19702 | 51.6998 | 0 | 9199
PACZ | Range_Medium | 69 | 12197 | 113553762125805 | 0.131369 | 51.6998 | 0 | 1349
PACZ | Range_Medium | 70 | 14796 | 174875562753714 | 0.164986 | 51.6998 | 0 | 1569
PACZ | Range_Medium | 71 | 52676 | 734137450052292 | 0.566641 | 51.6998 | 0 | 4495
PACZ | Range_Medium | 72 | 58550 | 691118039304420 | 0.624259 | 51.6998 | 0 | 5111
PACZ | Range_Medium | 73 | 31153 | 315922896239886 | 0.320673 | 51.6998 | 0 | 2855
PACZ | Range_Medium | 74 | 11768 | 144899395655028 | 0.131687 | 51.6998 | 0 | 1327
PACZ | Range_Medium | 75 | 24924 | 331068581494332 | 0.276963 | 51.6998 | 0 | 2419
PACZ | Range_Medium | 76 | 16347 | 197209724885595 | 0.16729 | 51.6998 | 0 | 1779
PACZ | Range_Medium | 77 | 93074 | 1068626390707671 | 1.10332 | 51.6998 | 0 | 7983
PACZ | Range_Medium | 78 | 74892 | 856060462146573 | 0.88501 | 51.6998 | 0 | 6435
PACZ | Range_Medium | 79 | 24703 | 279949118626698 | 0.251055 | 51.6998 | 0 | 2361
PACZ | Range_Medium | 80 | 6283 | 78406661643306 | 0.0753403 | 51.6998 | 0 | 795
PACZ | Range_Medium | 81 | 25497 | 297923335947165 | 0.288328 | 51.6998 | 0 | 2709
PACZ | Range_Medium | 82 | 114504 | 1359194537778327 | 1.309 | 51.6998 | 0 | 9419
PACZ | Range_Medium | 83 | 9079 | 106951816316577 | 0.0933011 | 51.6998 | 0 | 933
PACZ | Range_Medium | 84 | 25965 | 320717023063302 | 0.271002 | 51.6998 | 0 | 2549
PACZ | Range_Medium | 85 | 71105 | 817901986430991 | 0.785987 | 51.6998 | 0 | 6101
PACZ | Range_Medium | 86 | 28817 | 343178040204921 | 0.286659 | 51.6998 | 0 | 2773
PACZ | Range_Medium | 87 | 112603 | 1343527708115592 | 1.29064 | 51.6998 | 0 | 9301
PACZ | Range_Medium | 88 | 107485 | 1246583214280101 | 1.21705 | 51.6998 | 0 | 9049
PACZ | Range_Medium | 89 | 4215 | 32301892216125 | 0.0536442 | 51.6998 | 0 | 565
PACZ | Range_Medium | 90 | 34972 | 444866799068784 | 0.364304 | 51.6998 | 0 | 3209
PACZ | Range_Medium | 91 | 12898 | 168574907621640 | 0.135342 | 51.6998 | 0 | 1437
PACZ | Range_Medium | 92 | 51896 | 715412317307601 | 0.557661 | 51.6998 | 0 | 4497
PACZ | Range_Medium | 93 | 16188 | 215799479843172 | 0.170628 | 51.6998 | 0 | 1667
PACZ | Range_Medium | 94 | 23361 | 282392202308112 | 0.245969 | 51.6998 | 0 | 2339
PACZ | Range_Medium | 95 | 124978 | 1473426836940654 | 1.40667 | 51.6998 | 0 | 10245
PACZ | Range_Medium | 96 | 32583 | 390443506222290 | 0.335693 | 51.6998 | 0 | 3105
PACZ | Range_Medium | 97 | 53781 | 561125374823664 | 0.590007 | 51.6998 | 0 | 4893
PACZ | Range_Medium | 98 | 9294 | 110292099132903 | 0.0973543 | 51.6998 | 0 | 953
PACZ | Range_Medium | 99 | 28565 | 317838566933496 | 0.28793 | 51.6998 | 0 | 2711
PACZ | Range_Large | 0 | 543223 | 6503573698886025 | 6.25833 | 51.6998 | 0 | 43109
PACZ | Range_Large | 1 | 614829 | 7320436253669199 | 7.06506 | 51.6998 | 0 | 49145
PACZ | Range_Large | 2 | 541940 | 6491134526343600 | 6.17838 | 51.6998 | 0 | 43021
PACZ | Range_Large | 3 | 737334 | 8646599415607728 | 8.52029 | 51.6998 | 0 | 58409
PACZ | Range_Large | 4 | 478272 | 5748914976805611 | 5.42498 | 51.6998 | 0 | 37855
PACZ | Range_Large | 5 | 499833 | 5996625590431896 | 5.78467 | 51.6998 | 0 | 39577
PACZ | Range_Large | 6 | 710311 | 8419655784323199 | 8.23434 | 51.6998 | 0 | 56355
PACZ | Range_Large | 7 | 602107 | 7193783816530701 | 6.89435 | 51.6998 | 0 | 47763
PACZ | Range_Large | 8 | 606174 | 7238093116223610 | 6.94736 | 51.6998 | 0 | 47993
PACZ | Range_Large | 9 | 783968 | 9243709440646725 | 9.01469 | 51.6998 | 0 | 61893
PACZ | Range_Large | 10 | 507400 | 6098216403984990 | 5.78729 | 51.6998 | 0 | 40269
PACZ | Range_Large | 11 | 599645 | 7059707593274784 | 6.9023 | 51.6998 | 0 | 47775
PACZ | Range_Large | 12 | 446880 | 5244878315069913 | 5.13132 | 51.6998 | 0 | 35645
PACZ | Range_Large | 13 | 507686 | 6103820843084754 | 5.8523 | 51.6998 | 0 | 40241
PACZ | Range_Large | 14 | 453873 | 5327408248277049 | 5.19164 | 51.6998 | 0 | 36161
PACZ | Range_Large | 15 | 519905 | 6224079393858666 | 6.07435 | 51.6998 | 0 | 41261
PACZ | Range_Large | 16 | 437957 | 5133591065990646 | 5.01561 | 51.6998 | 0 | 34951
PACZ | Range_Large | 17 | 477442 | 5566743647471820 | 5.51128 | 51.6998 | 0 | 38099
PACZ | Range_Large | 18 | 598844 | 7147645993666941 | 6.84667 | 51.6998 | 0 | 47533
PACZ | Range_Large | 19 | 441769 | 5166692300554284 | 5.08865 | 51.6998 | 0 | 35269
PACZ | Range_Large | 20 | 470152 | 5501144174311932 | 5.38564 | 51.6998 | 0 | 37455
PACZ | Range_Large | 21 | 602784 | 7201604830273602 | 6.9677 | 51.6998 | 0 | 47793
PACZ | Range_Large | 22 | 574612 | 6876415758044088 | 6.65736 | 51.6998 | 0 | 45641
PACZ | Range_Large | 23 | 742442 | 8778623426555157 | 8.63965 | 51.6998 | 0 | 58595
PACZ | Range_Large | 24 | 455726 | 5334687605733438 | 5.325 | 51.6998 | 0 | 36271
PACZ | Range_Large | 25 | 611575 | 7296420733478331 | 6.95936 | 51.6998 | 0 | 48709
PACZ | Range_Large | 26 | 478365 | 5575194505393992 | 5.5093 | 51.6998 | 0 | 38013
PACZ | Range_Large | 27 | 457407 | 5364935319916878 | 5.31999 | 51.6998 | 0 | 36335
PACZ | Range_Large | 28 | 496936 | 5803209665085345 | 5.584 | 51.6998 | 0 | 39587
PACZ | Range_Large | 29 | 485907 | 5512139427012378 | 5.45796 | 51.6998 | 0 | 39075
PACZ | Range_Large | 30 | 486184 | 5834857182263043 | 5.41298 | 51.6998 | 0 | 38585
PACZ | Range_Large | 31 | 674825 | 7927436374448052 | 7.41736 | 51.6998 | 0 | 53515
PACZ | Range_Large | 32 | 480145 | 5768767596225624 | 5.44167 | 51.6998 | 0 | 38059
PACZ | Range_Large | 33 | 750349 | 8865001961824377 | 8.66127 | 51.6998 | 0 | 59359
PACZ | Range_Large | 34 | 401433 | 4663064155448238 | 4.51795 | 51.6998 | 0 | 31949
PACZ | Range_Large | 35 | 533605 | 6391889281069791 | 6.16701 | 51.6998 | 0 | 42269
PACZ | Range_Large | 36 | 745644 | 8813691046773444 | 8.57639 | 51.6998 | 0 | 58969
PACZ | Range_Large | 37 | 609029 | 7268390784931611 | 6.96166 | 51.6998 | 0 | 48353
PACZ | Range_Large | 38 | 468146 | 5481656811339417 | 5.40233 | 51.6998 | 0 | 37283
PACZ | Range_Large | 39 | 366212 | 4265690802979224 | 4.21262 | 51.6998 | 0 | 29623
PACZ | Range_Large | 40 | 533302 | 6389354404789344 | 6.1326 | 51.6998 | 0 | 42255
PACZ | Range_Large | 41 | 60 | 422631557928 | 0.00333786 | 51.6998 | 0 | 57
PACZ | Range_Large | 42 | 756929 | 8951635052652606 | 8.6747 | 51.6998 | 0 | 59941
PACZ | Range_Large | 43 | 803546 | 9442198238971866 | 9.22934 | 51.6998 | 0 | 63403
PACZ | Range_Large | 44 | 722035 | 8553286519418613 | 8.35633 | 51.6998 | 0 | 57115
PACZ | Range_Large | 45 | 611218 | 7281550129181757 | 7.05036 | 51.6998 | 0 | 48957
PACZ | Range_Large | 46 | 499096 | 5993836179082023 | 5.64369 | 51.6998 | 0 | 39527
PACZ | Range_Large | 47 | 480524 | 5604198449064516 | 5.63598 | 51.6998 | 0 | 38335
PACZ | Range_Large | 48 | 596249 | 7123592833264632 | 7.02302 | 51.6998 | 0 | 47247
PACZ | Range_Large | 49 | 605856 | 7232884571820117 | 6.99504 | 51.6998 | 0 | 47979
PACZ | Range_Large | 50 | 771475 | 9055781532560601 | 8.81433 | 51.6998 | 0 | 60851
PACZ | Range_Large | 51 | 479580 | 5763181886068509 | 5.48363 | 51.6998 | 0 | 38067
PACZ | Range_Large | 52 | 541957 | 6488956767858219 | 6.22503 | 51.6998 | 0 | 43043
PACZ | Range_Large | 53 | 319792 | 3663936602694927 | 3.666 | 51.6998 | 0 | 26277
PACZ | Range_Large | 54 | 607455 | 7250952497114757 | 7.0196 | 51.6998 | 0 | 48035
PACZ | Range_Large | 55 | 336201 | 3835298750036820 | 3.77965 | 51.6998 | 0 | 26653
PACZ | Range_Large | 56 | 601700 | 7193347439046270 | 6.93432 | 51.6998 | 0 | 47777
PACZ | Range_Large | 57 | 478295 | 5743871992397280 | 5.44397 | 51.6998 | 0 | 37963
PACZ | Range_Large | 58 | 670504 | 7882591946158011 | 7.73827 | 51.6998 | 0 | 53237
PACZ | Range_Large | 59 | 464468 | 5440705040561322 | 5.31363 | 51.6998 | 0 | 37011
PACZ | Range_Large | 60 | 514710 | 6185004908979675 | 5.96134 | 51.6998 | 0 | 40921
PACZ | Range_Large | 61 | 484940 | 5825490162305181 | 5.60395 | 51.6998 | 0 | 38385
PACZ | Range_Large | 62 | 601287 | 7185154565322219 | 6.88767 | 51.6998 | 0 | 47669
PACZ | Range_Large | 63 | 479512 | 5602003506524799 | 5.48967 | 51.6998 | 0 | 38219
PACZ | Range_Large | 64 | 601494 | 7188745347851763 | 6.87432 | 51.6998 | 0 | 47753
PACZ | Range_Large | 65 | 755632 | 8922196097906280 | 8.67669 | 51.6998 | 0 | 59797
PACZ | Range_Large | 66 | 464421 | 5435216870462556 | 5.36267 | 51.6998 | 0 | 36991
PACZ | Range_Large | 67 | 750346 | 8836847633248182 | 8.55231 | 51.6998 | 0 | 59221
PACZ | Range_Large | 68 | 480241 | 5771307562534284 | 5.58901 | 51.6998 | 0 | 38051
PACZ | Range_Large | 69 | 600940 | 7181151100247463 | 6.87528 | 51.6998 | 0 | 47661
PACZ | Range_Large | 70 | 460937 | 5403725418422055 | 5.27501 | 51.6998 | 0 | 36619
PACZ | Range_Large | 71 | 536447 | 6293879664687270 | 6.16097 | 51.6998 | 0 | 42853
PACZ | Range_Large | 72 | 472809 | 5518734329850816 | 5.39064 | 51.6998 | 0 | 37687
PACZ | Range_Large | 73 | 735512 | 8715000923544996 | 8.45599 | 51.6998 | 0 | 58285
PACZ | Range_Large | 74 | 464301 | 5438834101546872 | 5.30736 | 51.6998 | 0 | 36991
PACZ | Range_Large | 75 | 498471 | 5824613164344453 | 5.72101 | 51.6998 | 0 | 39669
PACZ | Range_Large | 76 | 618576 | 7285547970725907 | 7.09796 | 51.6998 | 0 | 49295
PACZ | Range_Large | 77 | 641080 | 7547097130903665 | 7.31834 | 51.6998 | 0 | 50887
PACZ | Range_Large | 78 | 349669 | 3992367827372700 | 4.01767 | 51.6998 | 0 | 27855
PACZ | Range_Large | 79 | 599108 | 7164858068367774 | 6.85199 | 51.6998 | 0 | 47601
PACZ | Range_Large | 80 | 536072 | 6418867705391748 | 6.15231 | 51.6998 | 0 | 42437
PACZ | Range_Large | 81 | 478863 | 5754927786322626 | 5.45367 | 51.6998 | 0 | 37871
PACZ | Range_Large | 82 | 757636 | 8943214559553429 | 8.6716 | 51.6998 | 0 | 59967
PACZ | Range_Large | 83 | 615820 | 7253310258123783 | 7.09263 | 51.6998 | 0 | 49067
PACZ | Range_Large | 84 | 601520 | 7188036218458443 | 6.881 | 51.6998 | 0 | 47747
PACZ | Range_Large | 85 | 625772 | 7357068777886434 | 7.18999 | 51.6998 | 0 | 49741
PACZ | Range_Large | 86 | 601509 | 7187957699167965 | 6.93806 | 51.6998 | 0 | 47747
PACZ | Range_Large | 87 | 403773 | 4695952568825061 | 4.61396 | 51.6998 | 0 | 32089
PACZ | Range_Large | 88 | 549254 | 6569240306152134 | 6.25197 | 51.6998 | 0 | 43557
PACZ | Range_Large | 89 | 477673 | 5735990760827589 | 5.44771 | 51.6998 | 0 | 37943
PACZ | Range_Large | 90 | 602514 | 7198455074366448 | 6.88672 | 51.6998 | 0 | 47785
PACZ | Range_Large | 91 | 810866 | 9538112297579475 | 9.26932 | 51.6998 | 0 | 64053
PACZ | Range_Large | 92 | 462770 | 5424062293346481 | 5.30163 | 51.6998 | 0 | 36845
PACZ | Range_Large | 93 | 492787 | 5749427335078722 | 5.67667 | 51.6998 | 0 | 39117
PACZ | Range_Large | 94 | 361002 | 4144073015362290 | 4.11638 | 51.6998 | 0 | 28807
PACZ | Range_Large | 95 | 451935 | 5294971506000612 | 5.14897 | 51.6998 | 0 | 35869
PACZ | Range_Large | 96 | 473940 | 5530840769057784 | 5.41067 | 51.6998 | 0 | 37707
PACZ | Range_Large | 97 | 745716 | 8752067646404760 | 8.51401 | 51.6998 | 0 | 58997
PACZ | Range_Large | 98 | 814374 | 9581883029626563 | 9.27305 | 51.6998 | 0 | 64119
PACZ | Range_Large | 99 | 504734 | 6050966687538312 | 5.81566 | 51.6998 | 0 | 39875
PACZ | kNN_10 | 0 | 10 | 150741806364 | 0.060002 | 51.6998 | 0 | 445
PACZ | kNN_10 | 1 | 10 | 90162716043 | 0.0399748 | 51.6998 | 0 | 334
PACZ | kNN_10 | 2 | 10 | 84653393640 | 0.0373522 | 51.6998 | 0 | 321
PACZ | kNN_10 | 3 | 10 | 59610373953 | 0.0350475 | 51.6998 | 0 | 316
PACZ | kNN_10 | 4 | 10 | 122877386622 | 0.0323455 | 51.6998 | 0 | 282
PACZ | kNN_10 | 5 | 10 | 99892439445 | 0.0636578 | 51.6998 | 0 | 547
PACZ | kNN_10 | 6 | 10 | 125521074165 | 0.0273387 | 51.6998 | 0 | 286
PACZ | kNN_10 | 7 | 10 | 90035007564 | 0.0300407 | 51.6998 | 0 | 290
PACZ | kNN_10 | 8 | 10 | 122875755405 | 0.0426769 | 51.6998 | 0 | 333
PACZ | kNN_10 | 9 | 10 | 139933731399 | 0.0573794 | 51.6998 | 0 | 439
PACZ | kNN_10 | 10 | 10 | 129032435001 | 0.0413259 | 51.6998 | 0 | 386
PACZ | kNN_10 | 11 | 10 | 141000394455 | 0.0226498 | 51.6998 | 0 | 219
PACZ | kNN_10 | 12 | 10 | 131615198871 | 0.0406901 | 51.6998 | 0 | 348
PACZ | kNN_10 | 13 | 10 | 112544020119 | 0.0387033 | 51.6998 | 0 | 301
PACZ | kNN_10 | 14 | 10 | 111953682234 | 0.0446637 | 51.6998 | 0 | 349
PACZ | kNN_10 | 15 | 10 | 110973571731 | 0.0689824 | 51.6998 | 0 | 593
PACZ | kNN_10 | 16 | 10 | 150939747465 | 0.0243187 | 51.6998 | 0 | 191
PACZ | kNN_10 | 17 | 10 | 105660107319 | 0.0406901 | 51.6998 | 0 | 327
PACZ | kNN_10 | 18 | 10 | 127872105750 | 0.037988 | 51.6998 | 0 | 400
PACZ | kNN_10 | 19 | 10 | 129474553419 | 0.0530084 | 51.6998 | 0 | 435
PACZ | kNN_10 | 20 | 10 | 104323134972 | 0.0309944 | 51.6998 | 0 | 297
PACZ | kNN_10 | 21 | 10 | 129925330179 | 0.0417233 | 51.6998 | 0 | 388
PACZ | kNN_10 | 22 | 10 | 86833768677 | 0.0383854 | 51.6998 | 0 | 363
PACZ | kNN_10 | 23 | 10 | 80120066040 | 0.0303586 | 51.6998 | 0 | 256
PACZ | kNN_10 | 24 | 10 | 156442674873 | 0.0487169 | 51.6998 | 0 | 375
PACZ | kNN_10 | 25 | 10 | 137439797511 | 0.041008 | 51.6998 | 0 | 340
PACZ | kNN_10 | 26 | 10 | 44037628446 | 0.0236829 | 51.6998 | 0 | 190
PACZ | kNN_10 | 27 | 10 | 130169572875 | 0.048399 | 51.6998 | 0 | 334
PACZ | kNN_10 | 28 | 10 | 130041808875 | 0.039657 | 51.6998 | 0 | 382
PACZ | kNN_10 | 29 | 10 | 140417115348 | 0.0666777 | 51.6998 | 0 | 507
PACZ | kNN_10 | 30 | 10 | 96063701325 | 0.0360012 | 51.6998 | 0 | 314
PACZ | kNN_10 | 31 | 10 | 130158599826 | 0.0299613 | 51.6998 | 0 | 311
PACZ | kNN_10 | 32 | 10 | 141069220119 | 0.0679493 | 51.6998 | 0 | 561
PACZ | kNN_10 | 33 | 10 | 90139306839 | 0.0349681 | 51.6998 | 0 | 278
PACZ | kNN_10 | 34 | 10 | 123469824879 | 0.0926654 | 51.6998 | 0 | 689
PACZ | kNN_10 | 35 | 10 | 119268540096 | 0.0393391 | 51.6998 | 0 | 307
PACZ | kNN_10 | 36 | 10 | 103793883081 | 0.0313918 | 51.6998 | 0 | 232
PACZ | kNN_10 | 37 | 10 | 90137978139 | 0.0256697 | 51.6998 | 0 | 198
PACZ | kNN_10 | 38 | 10 | 123240167079 | 0.0326633 | 51.6998 | 0 | 271
PACZ | kNN_10 | 39 | 10 | 130082875353 | 0.0499884 | 51.6998 | 0 | 450
PACZ | kNN_10 | 40 | 10 | 86803022922 | 0.0576973 | 51.6998 | 0 | 509
PACZ | kNN_10 | 41 | 10 | 149004261540 | 0.0499884 | 51.6998 | 0 | 395
PACZ | kNN_10 | 42 | 10 | 118748132379 | 0.022014 | 51.6998 | 0 | 171
PACZ | kNN_10 | 43 | 10 | 127036236924 | 0.0486374 | 51.6998 | 0 | 400
PACZ | kNN_10 | 44 | 10 | 111007640307 | 0.0762939 | 51.6998 | 0 | 622
PACZ | kNN_10 | 45 | 10 | 138300271059 | 0.0297228 | 51.6998 | 0 | 242
PACZ | kNN_10 | 46 | 10 | 133305589806 | 0.0446637 | 51.6998 | 0 | 402
PACZ | kNN_10 | 47 | 10 | 139840998960 | 0.0603199 | 51.6998 | 0 | 503
PACZ | kNN_10 | 48 | 10 | 119309654925 | 0.0326633 | 51.6998 | 0 | 261
PACZ | kNN_10 | 49 | 10 | 145368241494 | 0.033617 | 51.6998 | 0 | 308
PACZ | kNN_10 | 50 | 10 | 56291394642 | 0.0463327 | 51.6998 | 0 | 431
PACZ | kNN_10 | 51 | 10 | 144816344739 | 0.0353654 | 51.6998 | 0 | 320
PACZ | kNN_10 | 52 | 10 | 144880873620 | 0.0406106 | 51.6998 | 0 | 314
PACZ | kNN_10 | 53 | 10 | 59648187318 | 0.0369549 | 51.6998 | 0 | 368
PACZ | kNN_10 | 54 | 10 | 131794774209 | 0.0456174 | 51.6998 | 0 | 388
PACZ | kNN_10 | 55 | 10 | 124354830375 | 0.0276566 | 51.6998 | 0 | 226
PACZ | kNN_10 | 56 | 10 | 69480442611 | 0.0166893 | 51.6998 | 0 | 146
PACZ | kNN_10 | 57 | 10 | 122863448658 | 0.0433127 | 51.6998 | 0 | 375
PACZ | kNN_10 | 58 | 10 | 103808848422 | 0.0223319 | 51.6998 | 0 | 210
PACZ | kNN_10 | 59 | 10 | 138795075921 | 0.0283718 | 51.6998 | 0 | 231
PACZ | kNN_10 | 60 | 10 | 127873894002 | 0.0429948 | 51.6998 | 0 | 401
PACZ | kNN_10 | 61 | 10 | 130091808549 | 0.0263055 | 51.6998 | 0 | 270
PACZ | kNN_10 | 62 | 10 | 130089438306 | 0.0425975 | 51.6998 | 0 | 393
PACZ | kNN_10 | 63 | 10 | 129549252747 | 0.0340144 | 51.6998 | 0 | 367
PACZ | kNN_10 | 64 | 10 | 120100388616 | 0.0653267 | 51.6998 | 0 | 473
PACZ | kNN_10 | 65 | 10 | 105429747489 | 0.0522931 | 51.6998 | 0 | 428
PACZ | kNN_10 | 66 | 10 | 131553508695 | 0.0279744 | 51.6998 | 0 | 220
PACZ | kNN_10 | 67 | 10 | 126161437206 | 0.0513395 | 51.6998 | 0 | 408
PACZ | kNN_10 | 68 | 10 | 120102778839 | 0.037988 | 51.6998 | 0 | 363
PACZ | kNN_10 | 69 | 10 | 120458797767 | 0.039657 | 51.6998 | 0 | 323
PACZ | kNN_10 | 70 | 10 | 120452711874 | 0.0182788 | 51.6998 | 0 | 182
PACZ | kNN_10 | 71 | 10 | 119787119316 | 0.0446637 | 51.6998 | 0 | 415
PACZ | kNN_10 | 72 | 10 | 130223754984 | 0.0686646 | 51.6998 | 0 | 551
PACZ | kNN_10 | 73 | 10 | 39407088423 | 0.00627836 | 51.6998 | 0 | 61
PACZ | kNN_10 | 74 | 10 | 129876585186 | 0.0419617 | 51.6998 | 0 | 412
PACZ | kNN_10 | 75 | 10 | 123753259881 | 0.0530084 | 51.6998 | 0 | 473
PACZ | kNN_10 | 76 | 10 | 137270763600 | 0.0259876 | 51.6998 | 0 | 184
PACZ | kNN_10 | 77 | 10 | 137321390748 | 0.0249545 | 51.6998 | 0 | 189
PACZ | kNN_10 | 78 | 10 | 111953711223 | 0.0375907 | 51.6998 | 0 | 305
PACZ | kNN_10 | 79 | 10 | 9502419135 | 0.0609557 | 51.6998 | 0 | 562
PACZ | kNN_10 | 80 | 10 | 129935810238 | 0.055631 | 51.6998 | 0 | 454
PACZ | kNN_10 | 81 | 10 | 105661075833 | 0.0296434 | 51.6998 | 0 | 272
PACZ | kNN_10 | 82 | 10 | 146136412875 | 0.0383059 | 51.6998 | 0 | 390
PACZ | kNN_10 | 83 | 10 | 120469652472 | 0.0340144 | 51.6998 | 0 | 293
PACZ | kNN_10 | 84 | 10 | 102405398964 | 0.0406901 | 51.6998 | 0 | 343
PACZ | kNN_10 | 85 | 10 | 129900580101 | 0.0402927 | 51.6998 | 0 | 359
PACZ | kNN_10 | 86 | 10 | 136766928693 | 0.0563463 | 51.6998 | 0 | 477
PACZ | kNN_10 | 87 | 10 | 90135042816 | 0.0156562 | 51.6998 | 0 | 142
PACZ | kNN_10 | 88 | 10 | 159244244571 | 0.0309944 | 51.6998 | 0 | 328
PACZ | kNN_10 | 89 | 10 | 94052724246 | 0.0636578 | 51.6998 | 0 | 484
PACZ | kNN_10 | 90 | 10 | 135954047862 | 0.0276566 | 51.6998 | 0 | 232
PACZ | kNN_10 | 91 | 10 | 123294417786 | 0.0313123 | 51.6998 | 0 | 273
PACZ | kNN_10 | 92 | 10 | 149362658091 | 0.037988 | 51.6998 | 0 | 295
PACZ | kNN_10 | 93 | 10 | 129987294669 | 0.0406901 | 51.6998 | 0 | 409
PACZ | kNN_10 | 94 | 10 | 90064102233 | 0.0456969 | 51.6998 | 0 | 393
PACZ | kNN_10 | 95 | 10 | 102711030432 | 0.0400543 | 51.6998 | 0 | 367
PACZ | kNN_10 | 96 | 10 | 124716385059 | 0.0536442 | 51.6998 | 0 | 505
PACZ | kNN_10 | 97 | 10 | 140415930192 | 0.0456174 | 51.6998 | 0 | 389
PACZ | kNN_10 | 98 | 10 | 137163144129 | 0.0329812 | 51.6998 | 0 | 312
PACZ | kNN_10 | 99 | 10 | 40539709296 | 0.0156562 | 51.6998 | 0 | 150
PACZ | kNN_100 | 0 | 100 | 1436263573545 | 0.285308 | 51.6998 | 0 | 729
PACZ | kNN_100 | 1 | 100 | 883318470732 | 0.243664 | 51.6998 | 0 | 667
PACZ | kNN_100 | 2 | 100 | 846537010950 | 0.240008 | 51.6998 | 0 | 591
PACZ | kNN_100 | 3 | 100 | 703187343783 | 0.231981 | 51.6998 | 0 | 667
PACZ | kNN_100 | 4 | 100 | 1228772556678 | 0.21561 | 51.6998 | 0 | 555
PACZ | kNN_100 | 5 | 100 | 1271948766357 | 0.345707 | 51.6998 | 0 | 991
PACZ | kNN_100 | 6 | 100 | 1255209843174 | 0.195344 | 51.6998 | 0 | 568
PACZ | kNN_100 | 7 | 100 | 1040416237224 | 0.194629 | 51.6998 | 0 | 566
PACZ | kNN_100 | 8 | 100 | 1231753045554 | 0.272989 | 51.6998 | 0 | 672
PACZ | kNN_100 | 9 | 100 | 1399337309451 | 0.313679 | 51.6998 | 0 | 730
PACZ | kNN_100 | 10 | 100 | 1283380418391 | 0.235319 | 51.6998 | 0 | 674
PACZ | kNN_100 | 11 | 100 | 1291422727356 | 0.156005 | 51.6998 | 0 | 407
PACZ | kNN_100 | 12 | 100 | 1316143054299 | 0.210603 | 51.6998 | 0 | 636
PACZ | kNN_100 | 13 | 100 | 1125730970346 | 0.209967 | 51.6998 | 0 | 493
PACZ | kNN_100 | 14 | 100 | 1119536825652 | 0.249306 | 51.6998 | 0 | 565
PACZ | kNN_100 | 15 | 100 | 1074727703322 | 0.407696 | 51.6998 | 0 | 1125
PACZ | kNN_100 | 16 | 100 | 1316912529501 | 0.113328 | 51.6998 | 0 | 312
PACZ | kNN_100 | 17 | 100 | 1056601364157 | 0.23071 | 51.6998 | 0 | 626
PACZ | kNN_100 | 18 | 100 | 1196925317418 | 0.236352 | 51.6998 | 0 | 771
PACZ | kNN_100 | 19 | 100 | 1206210719853 | 0.304619 | 51.6998 | 0 | 790
PACZ | kNN_100 | 20 | 100 | 1043231390079 | 0.209649 | 51.6998 | 0 | 650
PACZ | kNN_100 | 21 | 100 | 1280753074197 | 0.284672 | 51.6998 | 0 | 797
PACZ | kNN_100 | 22 | 100 | 971665927341 | 0.220378 | 51.6998 | 0 | 647
PACZ | kNN_100 | 23 | 100 | 1058649538860 | 0.166972 | 51.6998 | 0 | 455
PACZ | kNN_100 | 24 | 100 | 1467725969574 | 0.215689 | 51.6998 | 0 | 596
PACZ | kNN_100 | 25 | 100 | 1382962685241 | 0.259717 | 51.6998 | 0 | 612
PACZ | kNN_100 | 26 | 100 | 440366120193 | 0.0963211 | 51.6998 | 0 | 278
PACZ | kNN_100 | 27 | 100 | 1301694730761 | 0.2683 | 51.6998 | 0 | 634
PACZ | kNN_100 | 28 | 100 | 1287846583380 | 0.24732 | 51.6998 | 0 | 775
PACZ | kNN_100 | 29 | 100 | 1402289272698 | 0.336727 | 51.6998 | 0 | 876
PACZ | kNN_100 | 30 | 100 | 960637009716 | 0.166019 | 51.6998 | 0 | 511
PACZ | kNN_100 | 31 | 100 | 1301585923419 | 0.170628 | 51.6998 | 0 | 545
PACZ | kNN_100 | 32 | 100 | 1410692210253 | 0.310659 | 51.6998 | 0 | 992
PACZ | kNN_100 | 33 | 100 | 901392975861 | 0.228326 | 51.6998 | 0 | 626
PACZ | kNN_100 | 34 | 100 | 1190542239012 | 0.432332 | 51.6998 | 0 | 1236
PACZ | kNN_100 | 35 | 100 | 1192685455287 | 0.19296 | 51.6998 | 0 | 554
PACZ | kNN_100 | 36 | 100 | 1037841293436 | 0.175317 | 51.6998 | 0 | 493
PACZ | kNN_100 | 37 | 100 | 901379731887 | 0.166972 | 51.6998 | 0 | 444
PACZ | kNN_100 | 38 | 100 | 1232401715034 | 0.208378 | 51.6998 | 0 | 574
PACZ | kNN_100 | 39 | 100 | 1301061821670 | 0.240008 | 51.6998 | 0 | 810
PACZ | kNN_100 | 40 | 100 | 878843531961 | 0.310342 | 51.6998 | 0 | 1001
PACZ | kNN_100 | 41 | 100 | 1497480919959 | 0.229359 | 51.6998 | 0 | 594
PACZ | kNN_100 | 42 | 100 | 1221248509857 | 0.151396 | 51.6998 | 0 | 422
PACZ | kNN_100 | 43 | 100 | 1270362367137 | 0.26234 | 51.6998 | 0 | 783
PACZ | kNN_100 | 44 | 100 | 1110076404558 | 0.361602 | 51.6998 | 0 | 1113
PACZ | kNN_100 | 45 | 100 | 1325691788988 | 0.156005 | 51.6998 | 0 | 457
PACZ | kNN_100 | 46 | 100 | 1097531236410 | 0.221729 | 51.6998 | 0 | 722
PACZ | kNN_100 | 47 | 100 | 1398618228489 | 0.294685 | 51.6998 | 0 | 889
PACZ | kNN_100 | 48 | 100 | 1199029100205 | 0.155369 | 51.6998 | 0 | 442
PACZ | kNN_100 | 49 | 100 | 1453682409015 | 0.241677 | 51.6998 | 0 | 737
PACZ | kNN_100 | 50 | 100 | 956220795009 | 0.250022 | 51.6998 | 0 | 758
PACZ | kNN_100 | 51 | 100 | 1436856293283 | 0.290314 | 51.6998 | 0 | 629
PACZ | kNN_100 | 52 | 100 | 1406288523999 | 0.179609 | 51.6998 | 0 | 488
PACZ | kNN_100 | 53 | 100 | 758208915303 | 0.235637 | 51.6998 | 0 | 772
PACZ | kNN_100 | 54 | 100 | 1271431647012 | 0.247002 | 51.6998 | 0 | 733
PACZ | kNN_100 | 55 | 100 | 1236251180619 | 0.13566 | 51.6998 | 0 | 433
PACZ | kNN_100 | 56 | 100 | 729238047684 | 0.109037 | 51.6998 | 0 | 331
PACZ | kNN_100 | 57 | 100 | 1228629633501 | 0.235319 | 51.6998 | 0 | 694
PACZ | kNN_100 | 58 | 100 | 1038091759755 | 0.139316 | 51.6998 | 0 | 441
PACZ | kNN_100 | 59 | 100 | 1387950781209 | 0.149012 | 51.6998 | 0 | 412
PACZ | kNN_100 | 60 | 100 | 1268225519211 | 0.244379 | 51.6998 | 0 | 761
PACZ | kNN_100 | 61 | 100 | 1216373989299 | 0.198046 | 51.6998 | 0 | 568
PACZ | kNN_100 | 62 | 100 | 1301121020475 | 0.275056 | 51.6998 | 0 | 736
PACZ | kNN_100 | 63 | 100 | 1283945908596 | 0.283003 | 51.6998 | 0 | 702
PACZ | kNN_100 | 64 | 100 | 1201003859592 | 0.312328 | 51.6998 | 0 | 760
PACZ | kNN_100 | 65 | 100 | 1188678526950 | 0.270367 | 51.6998 | 0 | 787
PACZ | kNN_100 | 66 | 100 | 1290760100808 | 0.169992 | 51.6998 | 0 | 465
PACZ | kNN_100 | 67 | 100 | 1261614370455 | 0.257015 | 51.6998 | 0 | 870
PACZ | kNN_100 | 68 | 100 | 1201029988275 | 0.208696 | 51.6998 | 0 | 663
PACZ | kNN_100 | 69 | 100 | 1221162341604 | 0.157038 | 51.6998 | 0 | 456
PACZ | kNN_100 | 70 | 100 | 1204527202998 | 0.086387 | 51.6998 | 0 | 259
PACZ | kNN_100 | 71 | 100 | 1197871179819 | 0.248353 | 51.6998 | 0 | 723
PACZ | kNN_100 | 72 | 100 | 1302025917864 | 0.314315 | 51.6998 | 0 | 884
PACZ | kNN_100 | 73 | 100 | 534729952341 | 0.0197093 | 51.6998 | 0 | 69
PACZ | kNN_100 | 74 | 100 | 1297793232882 | 0.23667 | 51.6998 | 0 | 797
PACZ | kNN_100 | 75 | 100 | 1244270868957 | 0.30605 | 51.6998 | 0 | 1015
PACZ | kNN_100 | 76 | 100 | 1372707378279 | 0.104666 | 51.6998 | 0 | 262
PACZ | kNN_100 | 77 | 100 | 1373213791716 | 0.107368 | 51.6998 | 0 | 287
PACZ | kNN_100 | 78 | 100 | 1085570560878 | 0.156323 | 51.6998 | 0 | 474
PACZ | kNN_100 | 79 | 100 | 859448421651 | 0.317017 | 51.6998 | 0 | 1052
PACZ | kNN_100 | 80 | 100 | 1244363456055 | 0.291348 | 51.6998 | 0 | 841
PACZ | kNN_100 | 81 | 100 | 1082104308927 | 0.167688 | 51.6998 | 0 | 558
PACZ | kNN_100 | 82 | 100 | 1461364533870 | 0.196616 | 51.6998 | 0 | 707
PACZ | kNN_100 | 83 | 100 | 1149215000724 | 0.156323 | 51.6998 | 0 | 447
PACZ | kNN_100 | 84 | 100 | 977602627272 | 0.196377 | 51.6998 | 0 | 617
PACZ | kNN_100 | 85 | 100 | 1254947077050 | 0.190337 | 51.6998 | 0 | 637
PACZ | kNN_100 | 86 | 100 | 1244180623704 | 0.324011 | 51.6998 | 0 | 944
PACZ | kNN_100 | 87 | 100 | 901350769377 | 0.131289 | 51.6998 | 0 | 387
PACZ | kNN_100 | 88 | 100 | 1480989264984 | 0.147661 | 51.6998 | 0 | 613
PACZ | kNN_100 | 89 | 100 | 940527288606 | 0.303984 | 51.6998 | 0 | 840
PACZ | kNN_100 | 90 | 100 | 1289959008399 | 0.151316 | 51.6998 | 0 | 456
PACZ | kNN_100 | 91 | 100 | 1237073769843 | 0.216643 | 51.6998 | 0 | 533
PACZ | kNN_100 | 92 | 100 | 1485296592990 | 0.165383 | 51.6998 | 0 | 440
PACZ | kNN_100 | 93 | 100 | 1182728419914 | 0.223001 | 51.6998 | 0 | 679
PACZ | kNN_100 | 94 | 100 | 900867909279 | 0.256618 | 51.6998 | 0 | 746
PACZ | kNN_100 | 95 | 100 | 1034013463116 | 0.240644 | 51.6998 | 0 | 805
PACZ | kNN_100 | 96 | 100 | 1252064271780 | 0.375668 | 51.6998 | 0 | 1031
PACZ | kNN_100 | 97 | 100 | 1398873481209 | 0.282605 | 51.6998 | 0 | 689
PACZ | kNN_100 | 98 | 100 | 1364681881095 | 0.22467 | 51.6998 | 0 | 630
PACZ | kNN_100 | 99 | 100 | 557757383967 | 0.0780423 | 51.6998 | 0 | 231
