Algo | CS_ID | Year | Adds | Rems | Time_ms | Mem_Tree_MB | Mem_Delta_MB | DeltaData_MB
RLogTree | 55086313 | 2018 | 0 | 0 | 0.000953674 | 34.5997 | 0.0 | 0
RLogTree | 55095452 | 2018 | 0 | 0 | 0 | 34.5997 | 0.0 | 0
RLogTree | 55096456 | 2018 | 0 | 0 | 0 | 34.5997 | 0.0 | 0
RLogTree | 55102837 | 2018 | 0 | 0 | 0 | 34.5997 | 0.0 | 0
RLogTree | 55108377 | 2018 | 0 | 0 | 0.000953674 | 34.5997 | 0.0 | 0
RLogTree | 55117041 | 2018 | 0 | 0 | 0 | 34.5997 | 0.0 | 0
RLogTree | 55131703 | 2018 | 0 | 0 | 0 | 34.5997 | 0.0 | 0
RLogTree | 55148154 | 2018 | 0 | 0 | 0 | 34.5997 | 0.0 | 0
RLogTree | 55173650 | 2018 | 0 | 0 | 0.000953674 | 34.5997 | 0.0 | 0
RLogTree | 55178897 | 2018 | 0 | 0 | 0 | 34.5997 | 0.0 | 0
RLogTree | 55197815 | 2018 | 0 | 0 | 0 | 34.5997 | 0.0 | 0
RLogTree | 55208047 | 2018 | 0 | 0 | 0.000953674 | 34.5997 | 0.0 | 0
RLogTree | 55208188 | 2018 | 0 | 0 | 0 | 34.5997 | 0.0 | 0
RLogTree | 55216367 | 2018 | 0 | 0 | 0.000953674 | 34.5997 | 0.0 | 0
RLogTree | 55220095 | 2018 | 0 | 0 | 0.000953674 | 34.5997 | 0.0 | 0
RLogTree | 55232475 | 2018 | 0 | 0 | 0 | 34.5997 | 0.0 | 0
RLogTree | 55233215 | 2018 | 0 | 0 | 0.000953674 | 34.5997 | 0.0 | 0
RLogTree | 55235388 | 2018 | 0 | 0 | 0 | 34.5997 | 0.0 | 0
RLogTree | 55244520 | 2018 | 0 | 0 | 0 | 34.5997 | 0.0 | 0
RLogTree | 55255337 | 2018 | 0 | 0 | 0 | 34.5997 | 0.0 | 0
RLogTree | 55274030 | 2018 | 0 | 0 | 0 | 34.5997 | 0.0 | 0
RLogTree | 55284971 | 2018 | 0 | 0 | 0 | 34.5997 | 0.0 | 0
RLogTree | 55314351 | 2018 | 0 | 0 | 0 | 34.5997 | 0.0 | 0
RLogTree | 55315913 | 2018 | 0 | 0 | 0 | 34.5997 | 0.0 | 0
RLogTree | 55317948 | 2018 | 0 | 0 | 0 | 34.5997 | 0.0 | 0
RLogTree | 55328901 | 2018 | 0 | 0 | 0 | 34.5997 | 0.0 | 0
RLogTree | 55358129 | 2018 | 0 | 1 | 138.755 | 34.5997 | 0.0 | 3.05176e-05
RLogTree | 55358936 | 2018 | 0 | 0 | 0 | 34.5997 | 0.0 | 0
RLogTree | 55359730 | 2018 | 0 | 0 | 0 | 34.5997 | 0.0 | 0
RLogTree | 55373546 | 2018 | 0 | 0 | 0 | 34.5997 | 0.0 | 0
RLogTree | 55377189 | 2018 | 0 | 0 | 0 | 34.5997 | 0.0 | 0
RLogTree | 55380139 | 2018 | 0 | 0 | 0 | 34.5997 | 0.0 | 0
RLogTree | 55381745 | 2018 | 0 | 0 | 0.217199 | 34.5997 | 0.0 | 0
RLogTree | 55382571 | 2018 | 0 | 0 | 0 | 34.5997 | 0.0 | 0
RLogTree | 55386158 | 2018 | 0 | 0 | 0 | 34.5997 | 0.0 | 0
RLogTree | 55386885 | 2018 | 0 | 130 | 124.828 | 34.5933 | 0.0 | 0.00396729
RLogTree | 55398730 | 2018 | 0 | 0 | 0.000953674 | 34.5933 | 0.0 | 0
RLogTree | 55402364 | 2018 | 0 | 0 | 0 | 34.5933 | 0.0 | 0
RLogTree | 55402739 | 2018 | 0 | 0 | 0 | 34.5933 | 0.0 | 0
RLogTree | 55414231 | 2018 | 0 | 0 | 0 | 34.5933 | 0.0 | 0
RLogTree | 55433905 | 2018 | 0 | 0 | 0 | 34.5933 | 0.0 | 0
RLogTree | 55436113 | 2018 | 0 | 0 | 0 | 34.5933 | 0.0 | 0
RLogTree | 55451269 | 2018 | 0 | 0 | 0 | 34.5933 | 0.0 | 0
RLogTree | 55463704 | 2018 | 0 | 0 | 0 | 34.5933 | 0.0 | 0
RLogTree | 55463749 | 2018 | 0 | 0 | 0 | 34.5933 | 0.0 | 0
RLogTree | 55473440 | 2018 | 0 | 0 | 0 | 34.5933 | 0.0 | 0
RLogTree | 55480065 | 2018 | 0 | 0 | 0 | 34.5933 | 0.0 | 0
RLogTree | 55483050 | 2018 | 0 | 0 | 0 | 34.5933 | 0.0 | 0
RLogTree | 55488991 | 2018 | 0 | 0 | 0 | 34.5933 | 0.0 | 0
RLogTree | 55489163 | 2018 | 0 | 0 | 0 | 34.5933 | 0.0 | 0
RLogTree | 55494848 | 2018 | 0 | 0 | 0 | 34.5933 | 0.0 | 0
RLogTree | 55495482 | 2018 | 0 | 0 | 0 | 34.5933 | 0.0 | 0
RLogTree | 55508044 | 2018 | 0 | 0 | 0 | 34.5933 | 0.0 | 0
RLogTree | 55513241 | 2018 | 0 | 0 | 0 | 34.5933 | 0.0 | 0
RLogTree | 55546264 | 2018 | 0 | 0 | 0 | 34.5933 | 0.0 | 0
RLogTree | 55586173 | 2018 | 0 | 0 | 0 | 34.5933 | 0.0 | 0
RLogTree | 55594032 | 2018 | 0 | 0 | 0 | 34.5933 | 0.0 | 0
RLogTree | 55622795 | 2018 | 0 | 0 | 0 | 34.5933 | 0.0 | 0
RLogTree | 55643822 | 2018 | 0 | 0 | 0 | 34.5933 | 0.0 | 0
RLogTree | 55643847 | 2018 | 0 | 0 | 0 | 34.5933 | 0.0 | 0
RLogTree | 55653545 | 2018 | 0 | 0 | 0 | 34.5933 | 0.0 | 0
RLogTree | 55674367 | 2018 | 0 | 0 | 0 | 34.5933 | 0.0 | 0
RLogTree | 55675879 | 2018 | 0 | 0 | 0 | 34.5933 | 0.0 | 0
RLogTree | 55676549 | 2018 | 0 | 0 | 0 | 34.5933 | 0.0 | 0
RLogTree | 55701026 | 2018 | 0 | 0 | 0.000953674 | 34.5933 | 0.0 | 0
RLogTree | 55702631 | 2018 | 0 | 0 | 0 | 34.5933 | 0.0 | 0
RLogTree | 55705570 | 2018 | 0 | 0 | 0 | 34.5933 | 0.0 | 0
RLogTree | 55709239 | 2018 | 0 | 0 | 0 | 34.5933 | 0.0 | 0
RLogTree | 55731478 | 2018 | 0 | 0 | 0 | 34.5933 | 0.0 | 0
RLogTree | 55786882 | 2018 | 0 | 0 | 0.000953674 | 34.5933 | 0.0 | 0
RLogTree | 55790854 | 2018 | 0 | 0 | 0 | 34.5933 | 0.0 | 0
RLogTree | 55797304 | 2018 | 0 | 0 | 0 | 34.5933 | 0.0 | 0
RLogTree | 55797391 | 2018 | 0 | 0 | 0 | 34.5933 | 0.0 | 0
RLogTree | 55797471 | 2018 | 0 | 0 | 0 | 34.5933 | 0.0 | 0
RLogTree | 55800943 | 2018 | 0 | 0 | 0 | 34.5933 | 0.0 | 0
RLogTree | 55801141 | 2018 | 0 | 36 | 122.897 | 34.5921 | 0.0 | 0.00109863
RLogTree | 55808568 | 2018 | 0 | 0 | 0.000953674 | 34.5921 | 0.0 | 0
RLogTree | 55811632 | 2018 | 0 | 0 | 0 | 34.5921 | 0.0 | 0
RLogTree | 55874182 | 2018 | 0 | 0 | 0 | 34.5921 | 0.0 | 0
RLogTree | 55876190 | 2018 | 0 | 0 | 0 | 34.5921 | 0.0 | 0
RLogTree | 55881239 | 2018 | 0 | 0 | 0 | 34.5921 | 0.0 | 0
RLogTree | 55883989 | 2018 | 0 | 0 | 0 | 34.5921 | 0.0 | 0
RLogTree | 55885028 | 2018 | 0 | 0 | 0 | 34.5921 | 0.0 | 0
RLogTree | 55889111 | 2018 | 0 | 0 | 0 | 34.5921 | 0.0 | 0
RLogTree | 55903510 | 2018 | 0 | 0 | 0 | 34.5921 | 0.0 | 0
RLogTree | 55907788 | 2018 | 0 | 0 | 0 | 34.5921 | 0.0 | 0
RLogTree | 55930746 | 2018 | 0 | 0 | 0 | 34.5921 | 0.0 | 0
RLogTree | 55931498 | 2018 | 0 | 0 | 0 | 34.5921 | 0.0 | 0
RLogTree | 55932819 | 2018 | 0 | 0 | 0 | 34.5921 | 0.0 | 0
RLogTree | 55933098 | 2018 | 0 | 0 | 0 | 34.5921 | 0.0 | 0
RLogTree | 55933868 | 2018 | 0 | 0 | 0 | 34.5921 | 0.0 | 0
RLogTree | 55933921 | 2018 | 0 | 0 | 0 | 34.5921 | 0.0 | 0
RLogTree | 55943872 | 2018 | 0 | 0 | 0 | 34.5921 | 0.0 | 0
RLogTree | 55950435 | 2018 | 0 | 0 | 0 | 34.5921 | 0.0 | 0
RLogTree | 55975415 | 2018 | 0 | 0 | 0 | 34.5921 | 0.0 | 0
RLogTree | 55975454 | 2018 | 0 | 0 | 0 | 34.5921 | 0.0 | 0
RLogTree | 55975471 | 2018 | 0 | 0 | 0 | 34.5921 | 0.0 | 0
RLogTree | 55982989 | 2018 | 0 | 0 | 0 | 34.5921 | 0.0 | 0
RLogTree | 55987240 | 2018 | 0 | 0 | 0 | 34.5921 | 0.0 | 0
RLogTree | 55991535 | 2018 | 0 | 2 | 118.383 | 34.5921 | 0.0 | 6.10352e-05
RLogTree | 55991957 | 2018 | 0 | 7 | 119.617 | 34.5908 | 0.0 | 0.000213623
RLogTree | 55992012 | 2018 | 0 | 0 | 0.000953674 | 34.5908 | 0.0 | 0
RLogTree | 55996602 | 2018 | 0 | 0 | 0 | 34.5908 | 0.0 | 0
RLogTree | 56005170 | 2018 | 0 | 56 | 126.819 | 34.5895 | 0.0 | 0.00170898
RLogTree | 56033638 | 2018 | 0 | 0 | 0 | 34.5895 | 0.0 | 0
RLogTree | 56034165 | 2018 | 0 | 0 | 0 | 34.5895 | 0.0 | 0
RLogTree | 56039368 | 2018 | 0 | 0 | 0 | 34.5895 | 0.0 | 0
RLogTree | 56042288 | 2018 | 0 | 0 | 0 | 34.5895 | 0.0 | 0
RLogTree | 56043738 | 2018 | 0 | 0 | 0 | 34.5895 | 0.0 | 0
RLogTree | 56044969 | 2018 | 0 | 0 | 0 | 34.5895 | 0.0 | 0
RLogTree | 56044992 | 2018 | 0 | 1 | 113.418 | 34.5895 | 0.0 | 3.05176e-05
RLogTree | 56049536 | 2018 | 0 | 0 | 0.000953674 | 34.5895 | 0.0 | 0
RLogTree | 56052006 | 2018 | 0 | 0 | 0 | 34.5895 | 0.0 | 0
RLogTree | 56063031 | 2018 | 0 | 0 | 0 | 34.5895 | 0.0 | 0
RLogTree | 56066704 | 2018 | 0 | 0 | 0 | 34.5895 | 0.0 | 0
RLogTree | 56089278 | 2018 | 0 | 0 | 0 | 34.5895 | 0.0 | 0
RLogTree | 56095752 | 2018 | 0 | 0 | 0 | 34.5895 | 0.0 | 0
RLogTree | 56096086 | 2018 | 0 | 0 | 0 | 34.5895 | 0.0 | 0
RLogTree | 56110117 | 2018 | 0 | 0 | 0 | 34.5895 | 0.0 | 0
RLogTree | 56120618 | 2018 | 0 | 0 | 0 | 34.5895 | 0.0 | 0
RLogTree | 56136488 | 2018 | 0 | 0 | 0 | 34.5895 | 0.0 | 0
RLogTree | 56142325 | 2018 | 0 | 0 | 0 | 34.5895 | 0.0 | 0
RLogTree | 56144537 | 2018 | 0 | 4 | 123.798 | 34.5895 | 0.0 | 0.00012207
RLogTree | 56155327 | 2018 | 0 | 0 | 0.00119209 | 34.5895 | 0.0 | 0
RLogTree | 56158636 | 2018 | 0 | 0 | 0 | 34.5895 | 0.0 | 0
RLogTree | 56164834 | 2018 | 0 | 0 | 0.000953674 | 34.5895 | 0.0 | 0
RLogTree | 56167500 | 2018 | 0 | 0 | 0 | 34.5895 | 0.0 | 0
RLogTree | 56169105 | 2018 | 0 | 0 | 0 | 34.5895 | 0.0 | 0
RLogTree | 56170348 | 2018 | 0 | 0 | 0.013113 | 34.5895 | 0.0 | 0
RLogTree | 56174163 | 2018 | 0 | 0 | 0 | 34.5895 | 0.0 | 0
RLogTree | 56176045 | 2018 | 0 | 0 | 0 | 34.5895 | 0.0 | 0
RLogTree | 56178959 | 2018 | 0 | 0 | 0 | 34.5895 | 0.0 | 0
RLogTree | 56179505 | 2018 | 0 | 0 | 0 | 34.5895 | 0.0 | 0
RLogTree | 56191643 | 2018 | 0 | 0 | 0 | 34.5895 | 0.0 | 0
RLogTree | 56205922 | 2018 | 0 | 0 | 0 | 34.5895 | 0.0 | 0
RLogTree | 56206097 | 2018 | 0 | 15 | 122.307 | 34.5882 | 0.0 | 0.000457764
RLogTree | 56207756 | 2018 | 0 | 2 | 120.972 | 34.5882 | 0.0 | 6.10352e-05
RLogTree | 56207868 | 2018 | 0 | 0 | 0.000953674 | 34.5882 | 0.0 | 0
RLogTree | 56208126 | 2018 | 0 | 1 | 120.227 | 34.5882 | 0.0 | 3.05176e-05
RLogTree | 56208737 | 2018 | 0 | 1 | 117.634 | 34.5882 | 0.0 | 3.05176e-05
RLogTree | 56209089 | 2018 | 0 | 0 | 0 | 34.5882 | 0.0 | 0
RLogTree | 56210749 | 2018 | 0 | 5 | 125.133 | 34.5882 | 0.0 | 0.000152588
RLogTree | 56235188 | 2018 | 0 | 0 | 0 | 34.5882 | 0.0 | 0
RLogTree | 56235985 | 2018 | 0 | 0 | 0 | 34.5882 | 0.0 | 0
RLogTree | 56235987 | 2018 | 0 | 0 | 0 | 34.5882 | 0.0 | 0
RLogTree | 56237072 | 2018 | 0 | 1 | 117.494 | 34.5882 | 0.0 | 3.05176e-05
RLogTree | 56249104 | 2018 | 0 | 0 | 0 | 34.5882 | 0.0 | 0
RLogTree | 56250816 | 2018 | 0 | 0 | 0 | 34.5882 | 0.0 | 0
RLogTree | 56258060 | 2018 | 0 | 0 | 0 | 34.5882 | 0.0 | 0
RLogTree | 56258321 | 2018 | 0 | 0 | 0 | 34.5882 | 0.0 | 0
RLogTree | 56258402 | 2018 | 0 | 0 | 0 | 34.5882 | 0.0 | 0
RLogTree | 56258418 | 2018 | 0 | 0 | 0 | 34.5882 | 0.0 | 0
RLogTree | 56258433 | 2018 | 0 | 0 | 0 | 34.5882 | 0.0 | 0
RLogTree | 56258509 | 2018 | 0 | 0 | 0 | 34.5882 | 0.0 | 0
RLogTree | 56258551 | 2018 | 0 | 0 | 0 | 34.5882 | 0.0 | 0
RLogTree | 56260425 | 2018 | 0 | 0 | 0 | 34.5882 | 0.0 | 0
RLogTree | 56288882 | 2018 | 0 | 0 | 0 | 34.5882 | 0.0 | 0
RLogTree | 56308609 | 2018 | 0 | 0 | 0 | 34.5882 | 0.0 | 0
RLogTree | 56313623 | 2018 | 0 | 0 | 0 | 34.5882 | 0.0 | 0
RLogTree | 56313640 | 2018 | 0 | 0 | 0 | 34.5882 | 0.0 | 0
RLogTree | 56314101 | 2018 | 0 | 0 | 0 | 34.5882 | 0.0 | 0
RLogTree | 56315629 | 2018 | 0 | 22 | 124.042 | 34.587 | 0.0 | 0.000671387
RLogTree | 56341742 | 2018 | 0 | 0 | 0 | 34.587 | 0.0 | 0
RLogTree | 56342415 | 2018 | 0 | 0 | 0 | 34.587 | 0.0 | 0
RLogTree | 56342460 | 2018 | 0 | 0 | 0 | 34.587 | 0.0 | 0
RLogTree | 56342808 | 2018 | 0 | 0 | 0.00119209 | 34.587 | 0.0 | 0
RLogTree | 56342839 | 2018 | 0 | 0 | 0 | 34.587 | 0.0 | 0
RLogTree | 56342967 | 2018 | 0 | 0 | 0 | 34.587 | 0.0 | 0
RLogTree | 56342989 | 2018 | 0 | 0 | 0 | 34.587 | 0.0 | 0
RLogTree | 56343083 | 2018 | 0 | 0 | 0 | 34.587 | 0.0 | 0
RLogTree | 56343159 | 2018 | 0 | 0 | 0 | 34.587 | 0.0 | 0
RLogTree | 56343187 | 2018 | 0 | 0 | 0 | 34.587 | 0.0 | 0
RLogTree | 56345629 | 2018 | 0 | 0 | 0 | 34.587 | 0.0 | 0
RLogTree | 56363971 | 2018 | 0 | 0 | 0.000953674 | 34.587 | 0.0 | 0
RLogTree | 56376802 | 2018 | 0 | 0 | 0 | 34.587 | 0.0 | 0
RLogTree | 56380517 | 2018 | 0 | 0 | 0 | 34.587 | 0.0 | 0
RLogTree | 56393294 | 2018 | 0 | 0 | 0 | 34.587 | 0.0 | 0
RLogTree | 56410183 | 2018 | 0 | 0 | 0 | 34.587 | 0.0 | 0
RLogTree | 56410583 | 2018 | 0 | 0 | 0 | 34.587 | 0.0 | 0
RLogTree | 56412555 | 2018 | 0 | 2 | 117.726 | 34.587 | 0.0 | 6.10352e-05
RLogTree | 56413649 | 2018 | 0 | 0 | 0.000953674 | 34.587 | 0.0 | 0
RLogTree | 56427805 | 2018 | 0 | 0 | 0 | 34.587 | 0.0 | 0
RLogTree | 56441576 | 2018 | 0 | 0 | 0 | 34.587 | 0.0 | 0
RLogTree | 56444040 | 2018 | 0 | 0 | 0 | 34.587 | 0.0 | 0
RLogTree | 56445804 | 2018 | 0 | 0 | 0 | 34.587 | 0.0 | 0
RLogTree | 56449077 | 2018 | 0 | 0 | 0 | 34.587 | 0.0 | 0
RLogTree | 56461698 | 2018 | 0 | 0 | 0 | 34.587 | 0.0 | 0
RLogTree | 56466355 | 2018 | 0 | 0 | 0 | 34.587 | 0.0 | 0
RLogTree | 56484667 | 2018 | 0 | 0 | 0 | 34.587 | 0.0 | 0
RLogTree | 56491835 | 2018 | 0 | 0 | 0 | 34.587 | 0.0 | 0
RLogTree | 56504489 | 2018 | 0 | 0 | 0 | 34.587 | 0.0 | 0
RLogTree | 56505075 | 2018 | 0 | 0 | 0 | 34.587 | 0.0 | 0
RLogTree | 56513913 | 2018 | 0 | 0 | 0.00119209 | 34.587 | 0.0 | 0
RLogTree | 56518641 | 2018 | 0 | 0 | 0 | 34.587 | 0.0 | 0
RLogTree | 56519380 | 2018 | 0 | 0 | 0 | 34.587 | 0.0 | 0
RLogTree | 56536309 | 2018 | 0 | 0 | 0 | 34.587 | 0.0 | 0
RLogTree | 56552423 | 2018 | 0 | 0 | 0 | 34.587 | 0.0 | 0
RLogTree | 56553936 | 2018 | 0 | 0 | 0 | 34.587 | 0.0 | 0
RLogTree | 56578761 | 2018 | 0 | 0 | 0 | 34.587 | 0.0 | 0
RLogTree | 56585418 | 2018 | 0 | 0 | 0 | 34.587 | 0.0 | 0
RLogTree | 56596370 | 2018 | 0 | 0 | 0 | 34.587 | 0.0 | 0
RLogTree | 56615829 | 2018 | 0 | 0 | 0 | 34.587 | 0.0 | 0
RLogTree | 56626992 | 2018 | 0 | 0 | 0 | 34.587 | 0.0 | 0
RLogTree | 56627757 | 2018 | 0 | 0 | 0 | 34.587 | 0.0 | 0
RLogTree | 56636801 | 2018 | 0 | 0 | 0 | 34.587 | 0.0 | 0
RLogTree | 56640831 | 2018 | 0 | 0 | 0 | 34.587 | 0.0 | 0
RLogTree | 56641480 | 2018 | 0 | 0 | 0 | 34.587 | 0.0 | 0
RLogTree | 56649635 | 2018 | 0 | 0 | 0 | 34.587 | 0.0 | 0
RLogTree | 56656214 | 2018 | 0 | 0 | 0 | 34.587 | 0.0 | 0
RLogTree | 56664878 | 2018 | 0 | 0 | 0 | 34.587 | 0.0 | 0
RLogTree | 56670435 | 2018 | 0 | 0 | 0 | 34.587 | 0.0 | 0
RLogTree | 56672982 | 2018 | 0 | 0 | 0 | 34.587 | 0.0 | 0
RLogTree | 56691903 | 2018 | 0 | 0 | 0 | 34.587 | 0.0 | 0
RLogTree | 56712186 | 2018 | 0 | 0 | 0 | 34.587 | 0.0 | 0
RLogTree | 56729550 | 2018 | 0 | 0 | 0 | 34.587 | 0.0 | 0
RLogTree | 56735854 | 2018 | 0 | 0 | 0 | 34.587 | 0.0 | 0
RLogTree | 56751042 | 2018 | 0 | 0 | 0 | 34.587 | 0.0 | 0
RLogTree | 56814229 | 2018 | 0 | 0 | 0 | 34.587 | 0.0 | 0
RLogTree | 56839124 | 2018 | 0 | 0 | 0 | 34.587 | 0.0 | 0
RLogTree | 56844683 | 2018 | 0 | 0 | 0 | 34.587 | 0.0 | 0
RLogTree | 56851297 | 2018 | 0 | 0 | 0 | 34.587 | 0.0 | 0
RLogTree | 56855396 | 2018 | 0 | 1 | 118.378 | 34.587 | 0.0 | 3.05176e-05
RLogTree | 56857992 | 2018 | 0 | 0 | 0 | 34.587 | 0.0 | 0
RLogTree | 56861144 | 2018 | 0 | 0 | 0 | 34.587 | 0.0 | 0
RLogTree | 56865192 | 2018 | 0 | 27 | 123.607 | 34.5857 | 0.0 | 0.000823975
RLogTree | 56866664 | 2018 | 0 | 1 | 121.744 | 34.5857 | 0.0 | 3.05176e-05
RLogTree | 56867358 | 2018 | 0 | 0 | 0.000953674 | 34.5857 | 0.0 | 0
RLogTree | 56868487 | 2018 | 0 | 2 | 118.463 | 34.5857 | 0.0 | 6.10352e-05
RLogTree | 56868669 | 2018 | 0 | 0 | 0.00119209 | 34.5857 | 0.0 | 0
RLogTree | 56868708 | 2018 | 0 | 0 | 0 | 34.5857 | 0.0 | 0
RLogTree | 56868744 | 2018 | 0 | 0 | 0 | 34.5857 | 0.0 | 0
RLogTree | 56868789 | 2018 | 0 | 0 | 0 | 34.5857 | 0.0 | 0
RLogTree | 56871065 | 2018 | 0 | 0 | 0 | 34.5857 | 0.0 | 0
RLogTree | 56871359 | 2018 | 0 | 0 | 0 | 34.5857 | 0.0 | 0
RLogTree | 56871464 | 2018 | 0 | 17 | 123.147 | 34.5857 | 0.0 | 0.000518799
RLogTree | 56871554 | 2018 | 0 | 0 | 0.00119209 | 34.5857 | 0.0 | 0
RLogTree | 56871579 | 2018 | 0 | 0 | 0 | 34.5857 | 0.0 | 0
RLogTree | 56871605 | 2018 | 0 | 0 | 0 | 34.5857 | 0.0 | 0
RLogTree | 56871869 | 2018 | 0 | 0 | 0 | 34.5857 | 0.0 | 0
RLogTree | 56872251 | 2018 | 0 | 0 | 0 | 34.5857 | 0.0 | 0
RLogTree | 56872337 | 2018 | 0 | 0 | 0 | 34.5857 | 0.0 | 0
RLogTree | 56873167 | 2018 | 0 | 0 | 0 | 34.5857 | 0.0 | 0
RLogTree | 56873306 | 2018 | 0 | 0 | 0 | 34.5857 | 0.0 | 0
RLogTree | 56873426 | 2018 | 0 | 0 | 0 | 34.5857 | 0.0 | 0
RLogTree | 56873442 | 2018 | 0 | 0 | 0 | 34.5857 | 0.0 | 0
RLogTree | 56873563 | 2018 | 0 | 0 | 0 | 34.5857 | 0.0 | 0
RLogTree | 56873839 | 2018 | 0 | 0 | 0 | 34.5857 | 0.0 | 0
RLogTree | 56874040 | 2018 | 0 | 0 | 0.000953674 | 34.5857 | 0.0 | 0
RLogTree | 56874241 | 2018 | 0 | 0 | 0 | 34.5857 | 0.0 | 0
RLogTree | 56874531 | 2018 | 0 | 0 | 0 | 34.5857 | 0.0 | 0
RLogTree | 56874583 | 2018 | 0 | 0 | 0 | 34.5857 | 0.0 | 0
RLogTree | 56877319 | 2018 | 0 | 0 | 0 | 34.5857 | 0.0 | 0
RLogTree | 56877333 | 2018 | 0 | 0 | 0 | 34.5857 | 0.0 | 0
RLogTree | 56877435 | 2018 | 0 | 0 | 0 | 34.5857 | 0.0 | 0
RLogTree | 56877536 | 2018 | 0 | 0 | 0 | 34.5857 | 0.0 | 0
RLogTree | 56877581 | 2018 | 0 | 0 | 0 | 34.5857 | 0.0 | 0
RLogTree | 56877763 | 2018 | 0 | 0 | 0.015974 | 34.5857 | 0.0 | 0
RLogTree | 56878073 | 2018 | 0 | 0 | 0 | 34.5857 | 0.0 | 0
RLogTree | 56895264 | 2018 | 0 | 0 | 0 | 34.5857 | 0.0 | 0
RLogTree | 56898706 | 2018 | 0 | 0 | 0 | 34.5857 | 0.0 | 0
RLogTree | 56905025 | 2018 | 0 | 0 | 0 | 34.5857 | 0.0 | 0
RLogTree | 56906003 | 2018 | 0 | 0 | 0 | 34.5857 | 0.0 | 0
RLogTree | 56906138 | 2018 | 0 | 0 | 0 | 34.5857 | 0.0 | 0
RLogTree | 56906232 | 2018 | 0 | 0 | 0 | 34.5857 | 0.0 | 0
RLogTree | 56906245 | 2018 | 0 | 0 | 0 | 34.5857 | 0.0 | 0
RLogTree | 56906347 | 2018 | 0 | 0 | 0 | 34.5857 | 0.0 | 0
RLogTree | 56906475 | 2018 | 0 | 0 | 0 | 34.5857 | 0.0 | 0
RLogTree | 56906642 | 2018 | 0 | 0 | 0 | 34.5857 | 0.0 | 0
RLogTree | 56906731 | 2018 | 0 | 0 | 0 | 34.5857 | 0.0 | 0
RLogTree | 56906744 | 2018 | 0 | 0 | 0 | 34.5857 | 0.0 | 0
RLogTree | 56911082 | 2018 | 0 | 0 | 0 | 34.5857 | 0.0 | 0
RLogTree | 56914137 | 2018 | 0 | 0 | 0 | 34.5857 | 0.0 | 0
RLogTree | 56914552 | 2018 | 0 | 0 | 0 | 34.5857 | 0.0 | 0
RLogTree | 56922256 | 2018 | 0 | 0 | 0 | 34.5857 | 0.0 | 0
RLogTree | 56930594 | 2018 | 0 | 0 | 0 | 34.5857 | 0.0 | 0
RLogTree | 56936585 | 2018 | 0 | 0 | 0 | 34.5857 | 0.0 | 0
RLogTree | 56945223 | 2018 | 0 | 0 | 0 | 34.5857 | 0.0 | 0
RLogTree | 56952325 | 2018 | 0 | 0 | 0 | 34.5857 | 0.0 | 0
RLogTree | 56952602 | 2018 | 0 | 0 | 0 | 34.5857 | 0.0 | 0
RLogTree | 56954396 | 2018 | 0 | 0 | 0 | 34.5857 | 0.0 | 0
RLogTree | 56960786 | 2018 | 0 | 0 | 0 | 34.5857 | 0.0 | 0
RLogTree | 56961728 | 2018 | 0 | 0 | 0 | 34.5857 | 0.0 | 0
RLogTree | 56962544 | 2018 | 0 | 0 | 0 | 34.5857 | 0.0 | 0
RLogTree | 56962564 | 2018 | 0 | 0 | 0 | 34.5857 | 0.0 | 0
RLogTree | 56962640 | 2018 | 0 | 0 | 0 | 34.5857 | 0.0 | 0
RLogTree | 56962667 | 2018 | 0 | 0 | 0 | 34.5857 | 0.0 | 0
RLogTree | 56962731 | 2018 | 0 | 5 | 124.914 | 34.5844 | 0.0 | 0.000152588
RLogTree | 56964348 | 2018 | 0 | 0 | 0.000953674 | 34.5844 | 0.0 | 0
RLogTree | 56965358 | 2018 | 0 | 0 | 0 | 34.5844 | 0.0 | 0
RLogTree | 56969455 | 2018 | 0 | 0 | 0 | 34.5844 | 0.0 | 0
RLogTree | 56974517 | 2018 | 0 | 1 | 112.881 | 34.5844 | 0.0 | 3.05176e-05
RLogTree | 56980740 | 2018 | 0 | 0 | 0 | 34.5844 | 0.0 | 0
RLogTree | 56981112 | 2018 | 0 | 0 | 0 | 34.5844 | 0.0 | 0
RLogTree | 56982437 | 2018 | 0 | 0 | 0 | 34.5844 | 0.0 | 0
RLogTree | 56982564 | 2018 | 0 | 0 | 0 | 34.5844 | 0.0 | 0
RLogTree | 56988732 | 2018 | 0 | 0 | 0 | 34.5844 | 0.0 | 0
RLogTree | 56990718 | 2018 | 0 | 0 | 0 | 34.5844 | 0.0 | 0
RLogTree | 56997279 | 2018 | 0 | 0 | 0 | 34.5844 | 0.0 | 0
RLogTree | 56998946 | 2018 | 0 | 0 | 0 | 34.5844 | 0.0 | 0
RLogTree | 56999105 | 2018 | 0 | 0 | 0 | 34.5844 | 0.0 | 0
RLogTree | 57023792 | 2018 | 0 | 0 | 0 | 34.5844 | 0.0 | 0
RLogTree | 57028646 | 2018 | 0 | 0 | 0 | 34.5844 | 0.0 | 0
RLogTree | 57034082 | 2018 | 0 | 0 | 0 | 34.5844 | 0.0 | 0
RLogTree | 57034243 | 2018 | 0 | 0 | 0 | 34.5844 | 0.0 | 0
RLogTree | 57055506 | 2018 | 0 | 0 | 0 | 34.5844 | 0.0 | 0
RLogTree | 57057924 | 2018 | 0 | 0 | 0.000953674 | 34.5844 | 0.0 | 0
RLogTree | 57079919 | 2018 | 0 | 0 | 0 | 34.5844 | 0.0 | 0
RLogTree | 57083531 | 2018 | 0 | 0 | 0 | 34.5844 | 0.0 | 0
RLogTree | 57085379 | 2018 | 0 | 0 | 0 | 34.5844 | 0.0 | 0
RLogTree | 57090602 | 2018 | 0 | 0 | 0 | 34.5844 | 0.0 | 0
RLogTree | 57105789 | 2018 | 0 | 0 | 0.000953674 | 34.5844 | 0.0 | 0
RLogTree | 57137860 | 2018 | 0 | 0 | 0 | 34.5844 | 0.0 | 0
RLogTree | 57150503 | 2018 | 0 | 0 | 0 | 34.5844 | 0.0 | 0
RLogTree | 57163361 | 2018 | 0 | 0 | 0.000953674 | 34.5844 | 0.0 | 0
RLogTree | 57173404 | 2018 | 0 | 0 | 0 | 34.5844 | 0.0 | 0
RLogTree | 57181102 | 2018 | 0 | 0 | 0 | 34.5844 | 0.0 | 0
RLogTree | 57190655 | 2018 | 0 | 0 | 0.00500679 | 34.5844 | 0.0 | 0
RLogTree | 57192348 | 2018 | 0 | 0 | 0 | 34.5844 | 0.0 | 0
RLogTree | 57195619 | 2018 | 0 | 0 | 0 | 34.5844 | 0.0 | 0
RLogTree | 57202391 | 2018 | 0 | 0 | 0 | 34.5844 | 0.0 | 0
RLogTree | 57206255 | 2018 | 0 | 0 | 0 | 34.5844 | 0.0 | 0
RLogTree | 57234168 | 2018 | 0 | 4 | 121.766 | 34.5844 | 0.0 | 0.00012207
RLogTree | 57236755 | 2018 | 0 | 0 | 0 | 34.5844 | 0.0 | 0
RLogTree | 57238984 | 2018 | 0 | 0 | 0 | 34.5844 | 0.0 | 0
RLogTree | 57242056 | 2018 | 0 | 0 | 0 | 34.5844 | 0.0 | 0
RLogTree | 57254179 | 2018 | 0 | 0 | 0 | 34.5844 | 0.0 | 0
RLogTree | 57263887 | 2018 | 0 | 0 | 0 | 34.5844 | 0.0 | 0
RLogTree | 57265022 | 2018 | 0 | 0 | 0 | 34.5844 | 0.0 | 0
RLogTree | 57268415 | 2018 | 0 | 0 | 0 | 34.5844 | 0.0 | 0
RLogTree | 57287848 | 2018 | 0 | 0 | 0 | 34.5844 | 0.0 | 0
RLogTree | 57299277 | 2018 | 0 | 0 | 0 | 34.5844 | 0.0 | 0
RLogTree | 57315807 | 2018 | 0 | 0 | 0 | 34.5844 | 0.0 | 0
RLogTree | 57316621 | 2018 | 0 | 0 | 0 | 34.5844 | 0.0 | 0
RLogTree | 57319302 | 2018 | 0 | 0 | 0 | 34.5844 | 0.0 | 0
RLogTree | 57322037 | 2018 | 0 | 0 | 0 | 34.5844 | 0.0 | 0
RLogTree | 57324993 | 2018 | 0 | 0 | 0 | 34.5844 | 0.0 | 0
RLogTree | 57325044 | 2018 | 0 | 0 | 0 | 34.5844 | 0.0 | 0
RLogTree | 57337124 | 2018 | 0 | 0 | 0 | 34.5844 | 0.0 | 0
RLogTree | 57358247 | 2018 | 0 | 0 | 0 | 34.5844 | 0.0 | 0
RLogTree | 57360716 | 2018 | 0 | 0 | 0 | 34.5844 | 0.0 | 0
RLogTree | 57370298 | 2018 | 0 | 0 | 0 | 34.5844 | 0.0 | 0
RLogTree | 57379763 | 2018 | 0 | 0 | 0 | 34.5844 | 0.0 | 0
RLogTree | 57399635 | 2018 | 0 | 0 | 0 | 34.5844 | 0.0 | 0
RLogTree | 57407703 | 2018 | 0 | 0 | 0 | 34.5844 | 0.0 | 0
RLogTree | 57422112 | 2018 | 0 | 0 | 0 | 34.5844 | 0.0 | 0
RLogTree | 57424922 | 2018 | 0 | 0 | 0 | 34.5844 | 0.0 | 0
RLogTree | 57436134 | 2018 | 0 | 0 | 0 | 34.5844 | 0.0 | 0
RLogTree | 57444133 | 2018 | 0 | 0 | 0 | 34.5844 | 0.0 | 0
RLogTree | 57473777 | 2018 | 0 | 0 | 0 | 34.5844 | 0.0 | 0
RLogTree | 57476801 | 2018 | 0 | 0 | 0 | 34.5844 | 0.0 | 0
RLogTree | 57480425 | 2018 | 0 | 0 | 0 | 34.5844 | 0.0 | 0
RLogTree | 57480977 | 2018 | 0 | 0 | 0 | 34.5844 | 0.0 | 0
RLogTree | 57484145 | 2018 | 0 | 0 | 0 | 34.5844 | 0.0 | 0
RLogTree | 57485276 | 2018 | 0 | 17 | 114.502 | 34.5844 | 0.0 | 0.000518799
RLogTree | 57490038 | 2018 | 0 | 183 | 122.787 | 34.5768 | 0.0 | 0.00558472
RLogTree | 57491588 | 2018 | 0 | 0 | 0.00119209 | 34.5768 | 0.0 | 0
RLogTree | 57496386 | 2018 | 0 | 0 | 0 | 34.5768 | 0.0 | 0
RLogTree | 57499885 | 2018 | 0 | 0 | 0 | 34.5768 | 0.0 | 0
RLogTree | 57503685 | 2018 | 0 | 0 | 0 | 34.5768 | 0.0 | 0
RLogTree | 57507573 | 2018 | 0 | 0 | 0 | 34.5768 | 0.0 | 0
RLogTree | 57516087 | 2018 | 0 | 0 | 0 | 34.5768 | 0.0 | 0
RLogTree | 57518418 | 2018 | 0 | 0 | 0 | 34.5768 | 0.0 | 0
RLogTree | 57528219 | 2018 | 0 | 0 | 0 | 34.5768 | 0.0 | 0
RLogTree | 57530938 | 2018 | 0 | 0 | 0 | 34.5768 | 0.0 | 0
RLogTree | 57531045 | 2018 | 0 | 0 | 0 | 34.5768 | 0.0 | 0
RLogTree | 57531186 | 2018 | 0 | 0 | 0 | 34.5768 | 0.0 | 0
RLogTree | 57536871 | 2018 | 0 | 0 | 0 | 34.5768 | 0.0 | 0
RLogTree | 57551375 | 2018 | 0 | 0 | 0 | 34.5768 | 0.0 | 0
RLogTree | 57555199 | 2018 | 0 | 0 | 0 | 34.5768 | 0.0 | 0
RLogTree | 57572711 | 2018 | 0 | 0 | 0 | 34.5768 | 0.0 | 0
RLogTree | 57577079 | 2018 | 0 | 0 | 0 | 34.5768 | 0.0 | 0
RLogTree | 57592253 | 2018 | 0 | 0 | 0 | 34.5768 | 0.0 | 0
RLogTree | 57593138 | 2018 | 0 | 0 | 0 | 34.5768 | 0.0 | 0
RLogTree | 57595984 | 2018 | 0 | 0 | 0 | 34.5768 | 0.0 | 0
RLogTree | 57596461 | 2018 | 0 | 0 | 0 | 34.5768 | 0.0 | 0
RLogTree | 57598909 | 2018 | 0 | 0 | 0 | 34.5768 | 0.0 | 0
RLogTree | 57600908 | 2018 | 0 | 0 | 0 | 34.5768 | 0.0 | 0
RLogTree | 57642396 | 2018 | 0 | 0 | 0 | 34.5768 | 0.0 | 0
RLogTree | 57662166 | 2018 | 0 | 0 | 0 | 34.5768 | 0.0 | 0
RLogTree | 57672092 | 2018 | 0 | 0 | 0 | 34.5768 | 0.0 | 0
RLogTree | 57684456 | 2018 | 0 | 0 | 0.0200272 | 34.5768 | 0.0 | 0
RLogTree | 57689910 | 2018 | 0 | 0 | 0 | 34.5768 | 0.0 | 0
RLogTree | 57690336 | 2018 | 0 | 0 | 0 | 34.5768 | 0.0 | 0
RLogTree | 57711872 | 2018 | 0 | 0 | 0 | 34.5768 | 0.0 | 0
RLogTree | 57720858 | 2018 | 0 | 0 | 0 | 34.5768 | 0.0 | 0
RLogTree | 57725576 | 2018 | 0 | 0 | 0 | 34.5768 | 0.0 | 0
RLogTree | 57747457 | 2018 | 0 | 0 | 0 | 34.5768 | 0.0 | 0
RLogTree | 57750898 | 2018 | 0 | 0 | 0 | 34.5768 | 0.0 | 0
RLogTree | 57752231 | 2018 | 0 | 0 | 0 | 34.5768 | 0.0 | 0
RLogTree | 57764645 | 2018 | 0 | 0 | 0 | 34.5768 | 0.0 | 0
RLogTree | 57765935 | 2018 | 0 | 0 | 0 | 34.5768 | 0.0 | 0
RLogTree | 57777620 | 2018 | 0 | 0 | 0 | 34.5768 | 0.0 | 0
RLogTree | 57779669 | 2018 | 0 | 0 | 0 | 34.5768 | 0.0 | 0
RLogTree | 57803462 | 2018 | 0 | 0 | 0 | 34.5768 | 0.0 | 0
RLogTree | 57804693 | 2018 | 0 | 0 | 0 | 34.5768 | 0.0 | 0
RLogTree | 57804750 | 2018 | 0 | 0 | 0 | 34.5768 | 0.0 | 0
RLogTree | 57807647 | 2018 | 0 | 6 | 123.122 | 34.5768 | 0.0 | 0.000183105
RLogTree | 57807463 | 2018 | 0 | 0 | 0.000953674 | 34.5768 | 0.0 | 0
RLogTree | 57812813 | 2018 | 0 | 0 | 0 | 34.5768 | 0.0 | 0
RLogTree | 57820851 | 2018 | 0 | 0 | 0 | 34.5768 | 0.0 | 0
RLogTree | 57831485 | 2018 | 0 | 0 | 0 | 34.5768 | 0.0 | 0
RLogTree | 57831532 | 2018 | 0 | 0 | 0 | 34.5768 | 0.0 | 0
RLogTree | 57831538 | 2018 | 0 | 0 | 0 | 34.5768 | 0.0 | 0
RLogTree | 57838446 | 2018 | 0 | 0 | 0 | 34.5768 | 0.0 | 0
RLogTree | 57841470 | 2018 | 0 | 0 | 0 | 34.5768 | 0.0 | 0
RLogTree | 57844379 | 2018 | 0 | 0 | 0 | 34.5768 | 0.0 | 0
RLogTree | 57883188 | 2018 | 0 | 0 | 0 | 34.5768 | 0.0 | 0
RLogTree | 57883542 | 2018 | 0 | 0 | 0 | 34.5768 | 0.0 | 0
RLogTree | 57888181 | 2018 | 0 | 0 | 0 | 34.5768 | 0.0 | 0
RLogTree | 57904704 | 2018 | 0 | 0 | 0 | 34.5768 | 0.0 | 0
RLogTree | 57916411 | 2018 | 0 | 0 | 0 | 34.5768 | 0.0 | 0
RLogTree | 57920664 | 2018 | 0 | 0 | 0 | 34.5768 | 0.0 | 0
RLogTree | 57932541 | 2018 | 0 | 0 | 0 | 34.5768 | 0.0 | 0
RLogTree | 57940705 | 2018 | 0 | 0 | 0 | 34.5768 | 0.0 | 0
RLogTree | 57955883 | 2018 | 0 | 0 | 0 | 34.5768 | 0.0 | 0
RLogTree | 57957812 | 2018 | 0 | 0 | 0 | 34.5768 | 0.0 | 0
RLogTree | 57958094 | 2018 | 0 | 0 | 0 | 34.5768 | 0.0 | 0
RLogTree | 57959461 | 2018 | 0 | 0 | 0 | 34.5768 | 0.0 | 0
RLogTree | 57959781 | 2018 | 0 | 0 | 0 | 34.5768 | 0.0 | 0
RLogTree | 57961402 | 2018 | 0 | 0 | 0 | 34.5768 | 0.0 | 0
RLogTree | 57961667 | 2018 | 0 | 0 | 0 | 34.5768 | 0.0 | 0
RLogTree | 57962980 | 2018 | 0 | 0 | 0 | 34.5768 | 0.0 | 0
RLogTree | 57963224 | 2018 | 0 | 0 | 0 | 34.5768 | 0.0 | 0
RLogTree | 57964022 | 2018 | 0 | 0 | 0 | 34.5768 | 0.0 | 0
RLogTree | 57971876 | 2018 | 0 | 0 | 0 | 34.5768 | 0.0 | 0
RLogTree | 57994173 | 2018 | 0 | 0 | 0 | 34.5768 | 0.0 | 0
RLogTree | 58001834 | 2018 | 0 | 0 | 0 | 34.5768 | 0.0 | 0
RLogTree | 58030163 | 2018 | 0 | 0 | 0 | 34.5768 | 0.0 | 0
RLogTree | 58047179 | 2018 | 0 | 0 | 0 | 34.5768 | 0.0 | 0
RLogTree | 58064536 | 2018 | 0 | 0 | 0 | 34.5768 | 0.0 | 0
RLogTree | 58069693 | 2018 | 0 | 0 | 0 | 34.5768 | 0.0 | 0
RLogTree | 58072262 | 2018 | 0 | 0 | 0 | 34.5768 | 0.0 | 0
RLogTree | 58076934 | 2018 | 0 | 0 | 0 | 34.5768 | 0.0 | 0
RLogTree | 58078770 | 2018 | 0 | 1 | 118.228 | 34.5768 | 0.0 | 3.05176e-05
RLogTree | 58082359 | 2018 | 0 | 0 | 0.000953674 | 34.5768 | 0.0 | 0
RLogTree | 58089625 | 2018 | 0 | 0 | 0 | 34.5768 | 0.0 | 0
RLogTree | 58093404 | 2018 | 0 | 0 | 0 | 34.5768 | 0.0 | 0
RLogTree | 58103357 | 2018 | 0 | 0 | 0 | 34.5768 | 0.0 | 0
RLogTree | 58104102 | 2018 | 0 | 0 | 0 | 34.5768 | 0.0 | 0
RLogTree | 58105622 | 2018 | 0 | 0 | 0 | 34.5768 | 0.0 | 0
RLogTree | 58105822 | 2018 | 0 | 0 | 0 | 34.5768 | 0.0 | 0
RLogTree | 58106568 | 2018 | 0 | 0 | 0.000953674 | 34.5768 | 0.0 | 0
RLogTree | 58115025 | 2018 | 0 | 0 | 0 | 34.5768 | 0.0 | 0
RLogTree | 58122202 | 2018 | 0 | 0 | 0 | 34.5768 | 0.0 | 0
RLogTree | 58135001 | 2018 | 0 | 0 | 0.00500679 | 34.5768 | 0.0 | 0
RLogTree | 58135939 | 2018 | 0 | 0 | 0 | 34.5768 | 0.0 | 0
RLogTree | 58159180 | 2018 | 0 | 0 | 0 | 34.5768 | 0.0 | 0
RLogTree | 58173468 | 2018 | 0 | 0 | 0 | 34.5768 | 0.0 | 0
RLogTree | 58181629 | 2018 | 0 | 3 | 125.557 | 34.5768 | 0.0 | 9.15527e-05
RLogTree | 58188197 | 2018 | 0 | 0 | 0.000953674 | 34.5768 | 0.0 | 0
RLogTree | 58188309 | 2018 | 0 | 0 | 0 | 34.5768 | 0.0 | 0
RLogTree | 58189074 | 2018 | 0 | 0 | 0 | 34.5768 | 0.0 | 0
RLogTree | 58189539 | 2018 | 0 | 0 | 0 | 34.5768 | 0.0 | 0
RLogTree | 58210624 | 2018 | 0 | 0 | 0 | 34.5768 | 0.0 | 0
RLogTree | 58211058 | 2018 | 0 | 0 | 0 | 34.5768 | 0.0 | 0
RLogTree | 58211606 | 2018 | 0 | 0 | 0 | 34.5768 | 0.0 | 0
RLogTree | 58240279 | 2018 | 0 | 0 | 0 | 34.5768 | 0.0 | 0
RLogTree | 58269836 | 2018 | 0 | 0 | 0 | 34.5768 | 0.0 | 0
RLogTree | 58270107 | 2018 | 0 | 0 | 0 | 34.5768 | 0.0 | 0
RLogTree | 58282372 | 2018 | 0 | 0 | 0 | 34.5768 | 0.0 | 0
RLogTree | 58286639 | 2018 | 0 | 0 | 0 | 34.5768 | 0.0 | 0
RLogTree | 58292795 | 2018 | 0 | 0 | 0 | 34.5768 | 0.0 | 0
RLogTree | 58316634 | 2018 | 0 | 0 | 0 | 34.5768 | 0.0 | 0
RLogTree | 58330073 | 2018 | 0 | 0 | 0 | 34.5768 | 0.0 | 0
RLogTree | 58344403 | 2018 | 0 | 0 | 0 | 34.5768 | 0.0 | 0
RLogTree | 58345999 | 2018 | 0 | 0 | 0 | 34.5768 | 0.0 | 0
RLogTree | 58354376 | 2018 | 0 | 0 | 0.000953674 | 34.5768 | 0.0 | 0
RLogTree | 58363295 | 2018 | 0 | 0 | 0 | 34.5768 | 0.0 | 0
RLogTree | 58387753 | 2018 | 0 | 0 | 0 | 34.5768 | 0.0 | 0
RLogTree | 58414401 | 2018 | 0 | 0 | 0 | 34.5768 | 0.0 | 0
RLogTree | 58432587 | 2018 | 0 | 0 | 0 | 34.5768 | 0.0 | 0
RLogTree | 58432676 | 2018 | 0 | 0 | 0 | 34.5768 | 0.0 | 0
RLogTree | 58432997 | 2018 | 0 | 0 | 0 | 34.5768 | 0.0 | 0
RLogTree | 58436762 | 2018 | 0 | 0 | 0 | 34.5768 | 0.0 | 0
RLogTree | 58440376 | 2018 | 0 | 0 | 0 | 34.5768 | 0.0 | 0
RLogTree | 58462845 | 2018 | 0 | 0 | 0 | 34.5768 | 0.0 | 0
RLogTree | 58462972 | 2018 | 0 | 0 | 0 | 34.5768 | 0.0 | 0
RLogTree | 58463066 | 2018 | 0 | 0 | 0 | 34.5768 | 0.0 | 0
RLogTree | 58491466 | 2018 | 0 | 0 | 0 | 34.5768 | 0.0 | 0
RLogTree | 58497247 | 2018 | 0 | 0 | 0 | 34.5768 | 0.0 | 0
RLogTree | 58497982 | 2018 | 0 | 0 | 0 | 34.5768 | 0.0 | 0
RLogTree | 58499192 | 2018 | 0 | 0 | 0 | 34.5768 | 0.0 | 0
RLogTree | 58499218 | 2018 | 0 | 0 | 0 | 34.5768 | 0.0 | 0
RLogTree | 58499595 | 2018 | 0 | 0 | 0 | 34.5768 | 0.0 | 0
RLogTree | 58513309 | 2018 | 0 | 0 | 0 | 34.5768 | 0.0 | 0
RLogTree | 58533290 | 2018 | 0 | 0 | 0 | 34.5768 | 0.0 | 0
RLogTree | 58537538 | 2018 | 0 | 1 | 116.313 | 34.5768 | 0.0 | 3.05176e-05
RLogTree | 58546513 | 2018 | 0 | 0 | 0 | 34.5768 | 0.0 | 0
RLogTree | 58575285 | 2018 | 0 | 0 | 0 | 34.5768 | 0.0 | 0
RLogTree | 58584185 | 2018 | 0 | 0 | 0 | 34.5768 | 0.0 | 0
RLogTree | 58591461 | 2018 | 0 | 0 | 0.000953674 | 34.5768 | 0.0 | 0
RLogTree | 58591507 | 2018 | 0 | 0 | 0 | 34.5768 | 0.0 | 0
RLogTree | 58605199 | 2018 | 0 | 0 | 0 | 34.5768 | 0.0 | 0
RLogTree | 58605245 | 2018 | 0 | 0 | 0 | 34.5768 | 0.0 | 0
RLogTree | 58605330 | 2018 | 0 | 0 | 0 | 34.5768 | 0.0 | 0
RLogTree | 58605433 | 2018 | 0 | 1 | 116.289 | 34.5768 | 0.0 | 3.05176e-05
RLogTree | 58605442 | 2018 | 0 | 1 | 112.528 | 34.5768 | 0.0 | 3.05176e-05
RLogTree | 58617205 | 2018 | 0 | 0 | 0.00119209 | 34.5768 | 0.0 | 0
RLogTree | 58619223 | 2018 | 0 | 0 | 0 | 34.5768 | 0.0 | 0
RLogTree | 58619283 | 2018 | 0 | 0 | 0 | 34.5768 | 0.0 | 0
RLogTree | 58626498 | 2018 | 0 | 0 | 0 | 34.5768 | 0.0 | 0
RLogTree | 58627065 | 2018 | 0 | 0 | 0 | 34.5768 | 0.0 | 0
RLogTree | 58634305 | 2018 | 0 | 0 | 0 | 34.5768 | 0.0 | 0
RLogTree | 58635075 | 2018 | 0 | 0 | 0 | 34.5768 | 0.0 | 0
RLogTree | 58635232 | 2018 | 0 | 5 | 120.011 | 34.5755 | 0.0 | 0.000152588
RLogTree | 58635393 | 2018 | 0 | 0 | 0.000953674 | 34.5755 | 0.0 | 0
RLogTree | 58635399 | 2018 | 0 | 0 | 0 | 34.5755 | 0.0 | 0
RLogTree | 58635404 | 2018 | 0 | 0 | 0 | 34.5755 | 0.0 | 0
RLogTree | 58635416 | 2018 | 0 | 0 | 0.00500679 | 34.5755 | 0.0 | 0
RLogTree | 58636114 | 2018 | 0 | 0 | 0 | 34.5755 | 0.0 | 0
RLogTree | 58638006 | 2018 | 0 | 0 | 0 | 34.5755 | 0.0 | 0
RLogTree | 58641836 | 2018 | 0 | 0 | 0 | 34.5755 | 0.0 | 0
RLogTree | 58641937 | 2018 | 0 | 0 | 0.0312328 | 34.5755 | 0.0 | 0
RLogTree | 58642015 | 2018 | 0 | 0 | 0 | 34.5755 | 0.0 | 0
RLogTree | 58642105 | 2018 | 0 | 0 | 0 | 34.5755 | 0.0 | 0
RLogTree | 58642187 | 2018 | 0 | 0 | 0.000953674 | 34.5755 | 0.0 | 0
RLogTree | 58642272 | 2018 | 0 | 0 | 0 | 34.5755 | 0.0 | 0
RLogTree | 58642377 | 2018 | 0 | 0 | 0 | 34.5755 | 0.0 | 0
RLogTree | 58642453 | 2018 | 0 | 1 | 116.831 | 34.5755 | 0.0 | 3.05176e-05
RLogTree | 58642494 | 2018 | 0 | 0 | 0 | 34.5755 | 0.0 | 0
RLogTree | 58642581 | 2018 | 0 | 0 | 0 | 34.5755 | 0.0 | 0
RLogTree | 58642617 | 2018 | 0 | 0 | 0 | 34.5755 | 0.0 | 0
RLogTree | 58642669 | 2018 | 0 | 0 | 0 | 34.5755 | 0.0 | 0
RLogTree | 58643367 | 2018 | 0 | 0 | 0.00286102 | 34.5755 | 0.0 | 0
RLogTree | 58643399 | 2018 | 0 | 0 | 0 | 34.5755 | 0.0 | 0
RLogTree | 58643606 | 2018 | 0 | 0 | 0 | 34.5755 | 0.0 | 0
RLogTree | 58651622 | 2018 | 0 | 0 | 0 | 34.5755 | 0.0 | 0
RLogTree | 58658616 | 2018 | 0 | 0 | 0 | 34.5755 | 0.0 | 0
RLogTree | 58658653 | 2018 | 0 | 6 | 123.082 | 34.5755 | 0.0 | 0.000183105
RLogTree | 58659533 | 2018 | 0 | 0 | 0 | 34.5755 | 0.0 | 0
RLogTree | 58679324 | 2018 | 0 | 0 | 0 | 34.5755 | 0.0 | 0
RLogTree | 58688688 | 2018 | 0 | 0 | 0 | 34.5755 | 0.0 | 0
RLogTree | 58704107 | 2018 | 0 | 0 | 0 | 34.5755 | 0.0 | 0
RLogTree | 58719012 | 2018 | 0 | 0 | 0 | 34.5755 | 0.0 | 0
RLogTree | 58731085 | 2018 | 0 | 0 | 0 | 34.5755 | 0.0 | 0
RLogTree | 58744786 | 2018 | 0 | 0 | 0 | 34.5755 | 0.0 | 0
RLogTree | 58751319 | 2018 | 0 | 0 | 0 | 34.5755 | 0.0 | 0
RLogTree | 58751421 | 2018 | 0 | 0 | 0 | 34.5755 | 0.0 | 